17	15312280
17	15555285
17	15974795
17	18253438
17	2300082
17	28364468
17	28529180
17	30118085
17	30894131
17	35411514
17	35442198
17	39634034
17	40642550
17	40701207
17	41501359
17	41583113
17	41855017
17	42192284
17	4156895
17	4170778
17	42759757
17	43093682
17	44190778
17	47402131
17	4933380
17	50615417
17	54938947
17	58273466
17	59012335
17	62565071
17	63314489
17	64065237
17	65056433
17	66223742
17	6579820
17	67964242
17	69113702
17	74215706
17	80105037
17	82036239
17	9854521
17	50655988
17	58631716
17	61161860
17	537071
17	560549
17	746021
17	747714
17	788124
17	791646
17	998861
17	1659396
17	1800220
17	1812008
17	2033837
17	2292895
17	2315674
17	2324205
17	2324359
17	2325386
17	2334850
17	2334864
17	3092069
17	3092375
17	3127537
17	3127543
17	3278148
17	3585826
17	3590286
17	3654997
17	3725239
17	3725353
17	3882352
17	3950526
17	4150007
17	4181265
17	4185040
17	4734644
17	4744216
17	4783013
17	4783029
17	4809339
17	4933223
17	4933614
17	5092959
17	5142041
17	5144777
17	5182084
17	5182108
17	5183203
17	5183358
17	5183615
17	5184021
17	5387022
17	5387031
17	5387907
17	5421409
17	5433376
17	5433387
17	5489103
17	5530644
17	5559163
17	6088060
17	6110908
17	6589976
17	6606905
17	6607233
17	6628278
17	6628518
17	6635028
17	6641835
17	6643001
17	6701036
17	6780225
17	6780399
17	6787373
17	6819260
17	7000339
17	7222675
17	7224552
17	7254624
17	7311547
17	7314346
17	7575286
17	7575309
17	7580547
17	7583945
17	7675237
17	7776846
17	7830664
17	7890712
17	7948262
17	7948682
17	7949392
17	8075623
17	8229439
17	8230396
17	8319573
17	8345674
17	8345845
17	8463331
17	8463333
17	8475805
17	8480105
17	9600134
17	9612421
17	9728368
17	9728407
17	9779826
17	10364485
17	10400894
17	10401083
17	10401141
17	10401364
17	10401407
17	10406341
17	10409407
17	10415116
17	10445344
17	10448450
17	10454625
17	10454806
17	10463344
17	10463607
17	10494572
17	10495068
17	10508600
17	10512959
17	10516547
17	10531657
17	10640242
17	10640464
17	10725109
17	11608288
17	11669157
17	11679756
17	11705149
17	11757591
17	11784451
17	11797717
17	11822874
17	11834742
17	11871670
17	11978561
17	11992459
17	15319076
17	15331550
17	15438153
17	15628775
17	15974713
17	15981114
17	16025176
17	16172022
17	16233989
17	16428338
17	16432076
17	16622348
17	16622936
17	17202866
17	18004394
17	18016155
17	18163816
17	18249402
17	18316710
17	18333236
17	18333240
17	18348463
17	18662187
17	18735363
17	18789428
17	18865930
17	19020420
17	19546450
17	19707815
17	21535325
17	28574560
17	28585985
17	28593023
17	28611639
17	28642955
17	28649142
17	28714902
17	28715451
17	28724570
17	28724773
17	28725318
17	28734118
17	28734145
17	30073671
17	30080234
17	30184786
17	30185049
17	30329304
17	30562891
17	30792574
17	30869392
17	30899448
17	30954493
17	31233168
17	31305106
17	31318646
17	31522015
17	31875246
17	31894678
17	31998934
17	32022226
17	34578877
17	34931004
17	34939648
17	34983077
17	34983545
17	35107384
17	35115281
17	35121838
17	35259244
17	35264315
17	35264876
17	35265311
17	35265590
17	35265654
17	35352391
17	35352690
17	35352769
17	35353100
17	35442199
17	35444897
17	35445261
17	35474945
17	35475140
17	35475453
17	35548814
17	35548825
17	35575874
17	35575951
17	38962944
17	39672868
17	39912329
17	39971560
17	39974363
17	40093057
17	40398844
17	40750963
17	40799493
17	40834615
17	40878361
17	40964445
17	40984101
17	41382371
17	41567231
17	41569457
17	41570178
17	41828813
17	41830818
17	41830881
17	41841808
17	41854710
17	41987839
17	42348541
17	42564060
17	42688546
17	42834877
17	42849085
17	42956397
17	43028677
17	43049161
17	43063375
17	43193361
17	43216740
17	43508467
17	43513420
17	43808993
17	43810825
17	44075034
17	44148822
17	44400077
17	44678885
17	44678893
17	44722911
17	44738401
17	45846622
17	46935184
17	46935272
17	47154808
17	47209537
17	47292318
17	47374942
17	47412889
17	47429820
17	47834426
17	47973517
17	48059165
17	48121426
17	48722351
17	48769239
17	48860408
17	48936131
17	49141340
17	49142131
17	49312717
17	49973016
17	50375423
17	50376193
17	50521319
17	50607985
17	50669512
17	51154424
17	51285282
17	53823982
17	54912675
17	54913854
17	54914703
17	54915893
17	54949556
17	55043305
17	55073040
17	55411304
17	55414165
17	55771161
17	56374706
17	56449130
17	56942054
17	56949943
17	56995607
17	56996971
17	56998391
17	57107018
17	57839800
17	57839846
17	57885409
17	58155755
17	58170385
17	58207098
17	58267839
17	58542761
17	58561598
17	58569222
17	58581621
17	58599241
17	58599243
17	58695174
17	59051238
17	59119359
17	59185499
17	59666835
17	59681478
17	59697443
17	59697560
17	59737514
17	59863710
17	59954145
17	60073804
17	60156675
17	61388613
17	61590643
17	61684041
17	61776458
17	62382965
17	62387379
17	62395139
17	62735999
17	62736774
17	62736904
17	63379743
17	63606351
17	63703696
17	63761317
17	63819808
17	63819813
17	63910744
17	64485848
17	64522847
17	64531003
17	64531983
17	64534589
17	64534651
17	65637167
17	65743095
17	66183237
17	66641466
17	67992944
17	68250295
17	68250394
17	68256817
17	68256838
17	68307586
17	68436463
17	68539347
17	68929659
17	68932511
17	68990846
17	69017657
17	69020481
17	69021780
17	69021803
17	69024253
17	69028591
17	69044518
17	69081136
17	69084465
17	69112222
17	69115388
17	69128782
17	69129753
17	69133684
17	69134742
17	69136230
17	69165026
17	69191286
17	69264883
17	69274001
17	70132354
17	70132461
17	73235604
17	73236603
17	73242921
17	73245183
17	73247329
17	74291024
17	74484059
17	74772899
17	74777376
17	74931124
17	75234812
17	75238717
17	75267750
17	75268131
17	75269446
17	75332755
17	75628928
17	75660984
17	75729311
17	75910747
17	75933001
17	75949884
17	76161566
17	76311702
17	76332354
17	76643574
17	76733060
17	76733583
17	76733598
17	76738990
17	77882014
17	77882160
17	77882205
17	78403727
17	78451632
17	78458617
17	78507806
17	78551638
17	78566998
17	78798940
17	78971959
17	80082022
17	80307126
17	80346103
17	80376964
17	80383729
17	80393379
17	81912421
17	82172825
17	82468875
17	82630954
17	82889701
17	83035052
17	59968715
17	47441217
17	46210915
17	62247591
17	22382282
17	19738431
17	19676380
17	45579891
17	15781853
17	18505651
17	20556006
17	22062149
17	27153627
17	28497138
17	7281773
17	63077258
17	44409400
17	50668467
17	19676266
17	47495276
17	19745402
17	7632841
17	19738134
17	28490498
17	19676934
17	50691458
17	19677438
17	50664029
17	19740371
17	47497287
17	39670475
17	7286473
17	7287742
17	50684048
17	19738164
17	19676949
17	19745287
17	19743368
17	50667592
17	7627186
17	39670362
17	19742099
17	19020807
17	46709946
17	21420593
17	47037913
17	61317974
17	46114362
17	79467447
17	19661202
17	19676963
17	19738207
17	28491751
17	28495660
17	19745432
17	50678156
17	7287543
17	19677374
17	19738206
17	7632950
17	50683658
17	18626291
17	50691125
17	69629941
17	29722381
17	39669996
17	39668292
17	64331145
17	20477140
17	16819332
17	58774559
17	32050143
17	58018381
17	41663918
17	28114259
17	19677034
17	22527957
17	19740359
17	19675608
17	19676828
17	28768467
17	7630424
17	26986664
17	60367875
17	29722786
17	7283804
17	19745316
17	20321036
17	15776480
17	46710944
17	28773134
17	52551331
17	28497507
17	19675560
17	7288031
17	28495681
17	52017939
17	81726187
17	50667674
17	41660228
17	19677181
17	19743437
17	28010433
17	54063006
17	81726799
17	54407245
17	80214672
17	69153832
17	39717481
17	75736695
17	4969495
17	28678639
17	47141924
17	40701883
17	66223697
17	50385117
17	1474860
17	82722887
17	7222203
17	7224040
17	75098181
17	34928074
17	5182207
17	43018088
17	7674220
17	63910419
17	41394847
17	40866618
17	7223984
17	65197160
17	7674238
17	7674965
17	47284509
17	1009674
17	57840946
17	40799581
17	58155319
17	2323337
17	6800126
17	14779870
17	43076504
17	42666621
17	40863483
17	42706007
17	31182623
17	59088307
17	8289986
17	10406892
17	34942851
17	10497395
17	83048541
17	69140677
17	8042492
17	69219561
17	29053422
17	69516903
17	35657732
17	9505134
17	62724937
17	39908997
17	80393484
17	10504808
17	18317707
17	80294962
17	10494368
17	75973625
17	40406827
17	54937226
17	28611771
17	9635556
17	58203314
17	8108591
17	31319024
17	10539476
17	38878112
17	50679825
17	10526970
17	78567029
17	10529157
17	75098182
17	9860103
17	34954469
17	69106026
17	44680585
17	7774826
17	5433416
17	66223731
17	48170618
17	2335534
17	9898187
17	34997808
17	42788720
17	70132991
17	10512737
17	7627361
17	76293220
17	68420445
17	11821918
17	42573025
17	69251865
17	9857422
17	75130837
17	17879710
17	3449079
17	43492796
17	70176238
17	5092984
17	28613261
17	60236138
17	35577895
17	10412667
17	68555742
17	19313104
17	48769859
17	15651294
17	77143603
17	59213509
17	68426176
17	69049282
17	15331186
17	40818484
17	7777533
17	7934222
17	57868150
17	73205592
17	562699
17	68984885
17	41464428
17	58696864
17	53824813
17	10514867
17	50464256
17	48799762
17	76578754
17	47832205
17	69018413
17	28639313
17	83014453
17	413430
17	65902253
17	60226039
17	4554227
17	1658736
17	2324506
17	28624265
17	54913755
17	75039030
17	29044877
17	19936377
17	68255736
17	69083211
17	30860432
17	28584651
17	10691872
17	46171276
17	10445236
17	80368073
17	10505513
17	49622769
17	75053103
17	17202950
17	42573478
17	28643610
17	48722316
17	10400904
17	40661981
17	68894975
17	58543634
17	59185512
17	1895095
17	67945498
17	44931602
17	61590592
17	75957539
17	31326219
17	42903948
17	8513781
17	27798699
17	41835065
17	79949712
17	8553954
17	78450249
17	35264908
17	4814479
17	48799603
17	5405057
17	43093054
17	7674230
17	7673802
17	68868098
17	73242352
17	43093666
17	43071223
17	43071232
17	43094020
17	74544819
17	28635112
17	61924956
17	64482952
17	35577180
17	35576128
17	35575973
17	8881625
17	40772004
17	43091924
17	35576175
17	46010431
17	78050899
17	5132990
17	19656445
17	19664997
17	16948978
17	49164280
17	30078331
17	42706002
17	29969251
17	69193161
17	42689052
17	47361422
17	43090963
17	35150223
17	42900953
17	42911000
17	43092965
17	43049162
17	43106469
17	43094720
17	43091870
17	43057077
17	43071032
17	43094023
17	43093122
17	43091772
17	43091903
17	43094708
17	50221605
17	76437921
17	33273281
17	50667705
17	41489769
17	35005158
17	16938610
17	46976631
17	70994228
17	16606603
17	57656012
17	66441893
17	47842099
17	19733406
17	14581265
17	57172526
17	16378924
17	28338622
17	57125954
17	3914315
17	5808630
17	72366590
17	59391181
17	74341512
17	48122986
17	11625199
17	62734680
17	12283919
17	10224731
17	31203691
17	15320405
17	51439863
17	71490757
17	42341319
17	52435874
17	73136537
17	13421909
17	70882346
17	51454876
17	14554683
17	61773163
17	34541544
17	77152659
17	10514958
17	16516442
17	54801702
17	33161735
17	54677196
17	73344938
17	33652454
17	4581149
17	15420048
17	54626951
17	73200670
17	55078305
17	74601600
17	79440642
17	69833317
17	72299891
17	72299619
17	13500351
17	56690187
17	2659967
17	15025810
17	42466233
17	43804341
17	71467852
17	11403343
17	56180363
17	72466705
17	34476858
17	74706775
17	35575616
17	4588661
17	33873499
17	19738008
17	78225347
17	72124410
17	73283936
17	76081716
17	13188125
17	12087362
17	42993510
17	5088399
17	1956236
17	34015522
17	21001138
17	78796097
17	68434782
17	11890447
17	29855667
17	82943144
17	77688168
17	20999767
17	8322450
17	4719343
17	27691929
17	70946074
17	7114101
17	62328122
17	5301435
17	39253372
17	12224359
17	54628074
17	54649492
17	45378874
17	54692979
17	54693174
17	28174865
17	409973
17	21283048
17	82727635
17	82727657
17	5095912
17	2063163
17	3661485
17	5783253
17	9964862
17	16551597
17	30466299
17	39395735
17	41376845
17	57769895
17	65401479
17	12519995
17	12496400
17	56138449
17	56226695
17	3417112
17	4157188
17	64322640
17	5432738
17	30249058
17	63263953
17	4735442
17	18663351
17	32912627
17	33526055
17	33687098
17	33798143
17	34148378
17	35443783
17	35557785
17	62100143
17	65775948
17	66539020
17	68937660
17	69044919
17	69117221
17	70241529
17	70709882
17	71515958
17	71632521
17	71990271
17	72296621
17	72418936
17	74703694
17	76216301
17	76989390
17	77079988
17	77155935
17	78038075
17	47088760
17	47264763
17	47427504
17	51635844
17	55088962
17	55692242
17	56083345
17	58356087
17	61588397
17	4074974
17	4538014
17	9433053
17	11424144
17	13318843
17	13655763
17	14202557
17	14460349
17	56828776
17	46025238
17	42313892
17	45105660
17	48722450
17	35267301
17	2419482
17	30444079
17	5385440
17	49974300
17	8205013
17	82614752
17	28880435
17	30787445
17	745827
17	80966057
17	50110520
17	50531356
17	70959920
17	2870638
17	33023115
17	38907874
17	4171863
17	27542007
17	77612590
17	77612603
17	81365191
17	46032477
17	72691742
17	75620840
17	1422003
17	78661885
17	71327752
17	75288686
17	82317954
17	82551800
17	12313563
17	17348145
17	1452257
17	6494913
17	9070235
17	39875461
17	58916046
17	59700978
17	65001905
17	49640826
17	50830236
17	27154266
17	30079000
17	27404394
17	31713800
17	27472242
17	35024898
17	45802681
17	27521170
17	1779718
17	31751698
17	79395919
17	15134548
17	3712202
17	78495112
17	78782658
17	78868093
17	79046636
17	79262832
17	79546090
17	69621741
17	70924899
17	71290540
17	71443778
17	71631476
17	72386777
17	72555693
17	73010373
17	73139631
17	73452199
17	68779929
17	73855441
17	73935139
17	74294709
17	68781767
17	75011759
17	75063978
17	75552782
17	76393809
17	76446331
17	76582600
17	76665354
17	76820340
17	76945588
17	76957538
17	77247861
17	77407398
17	77573974
17	82446450
17	82461848
17	82605783
17	82775673
17	82825133
17	11608140
17	12568526
17	13039149
17	13636247
17	13700720
17	13864833
17	13868352
17	14132410
17	14207584
17	14318863
17	14346819
17	14561146
17	15413742
17	15480455
17	16918489
17	16962940
17	17093187
17	17353166
17	18901072
17	3049136
17	3422587
17	3542607
17	4412211
17	4639422
17	1673075
17	1673268
17	5825589
17	1715069
17	6163978
17	6298981
17	6330420
17	6374568
17	6555759
17	7508128
17	7530762
17	7873723
17	7873896
17	7916865
17	7939735
17	8197906
17	8264282
17	9365073
17	9957843
17	10115425
17	2188014
17	11016208
17	11202477
17	39679502
17	39908152
17	41861239
17	42136994
17	42435651
17	54792185
17	55338489
17	56118368
17	56604888
17	58085135
17	59334504
17	59429761
17	44901788
17	60128778
17	65315804
17	65689056
17	66632270
17	66728913
17	67362233
17	67563974
17	46810843
17	47118484
17	47153061
17	47834936
17	47943332
17	48513958
17	49277423
17	49296055
17	50792397
17	51351198
17	51640766
17	52243987
17	52672347
17	53074465
17	28415042
17	28754142
17	27239971
17	31701450
17	32355979
17	33283006
17	27590443
17	33786884
17	34152486
17	34437733
17	34671558
17	34793195
17	35261322
17	27777485
17	64328009
17	78252148
17	1500183
17	72835990
17	78237825
17	78814202
17	9531247
17	80667490
17	81654130
17	79936215
17	80105870
17	371235
17	409857
17	46794621
17	10978125
17	67070763
17	54518442
17	20969018
17	19720589
17	15154919
17	72206048
17	7716543
17	2789027
17	73357297
17	53998244
17	13663764
17	28394772
17	80999674
17	31319014
17	50550731
17	8270449
17	9568394
17	75930040
17	1769982
17	203220
17	82081605
17	16443443
17	83048511
17	21007891
17	1736164
17	56273872
17	56069502
17	41586829
17	19742607
17	19742597
17	3449015
17	50669440
17	50684002
17	50667703
17	16383594
17	12506018
17	66501619
17	8273097
17	14675676
17	50504915
17	58015700
17	79163383
17	14644470
17	3507608
17	68585365
17	33960430
17	57431911
17	14568559
17	64948549
17	30902343
17	15741192
17	14467684
17	291244
17	41529805
17	19612382
17	532656
17	73364442
17	82372800
17	29165024
17	56079820
17	1341698
17	67036944
17	52016092
17	54275745
17	41777825
17	80505478
17	11717676
17	14951352
17	11323184
17	34121117
17	78599049
17	5521757
17	73640248
17	67049210
17	521859
17	57016928
17	49552485
17	13799886
17	68479678
17	2766650
17	34568810
17	34952630
17	1178832
17	28820230
17	932262
17	7715286
17	13934315
17	51493120
17	80205094
17	57992565
17	45004606
17	70643173
17	13128625
17	72409199
17	9745650
17	77016994
17	53529008
17	1306453
17	2890238
17	9786944
17	13658257
17	74536937
17	33141724
17	3627110
17	12880346
17	67229762
17	57643001
17	58306661
17	79189868
17	83067517
17	65999150
17	22717777
17	2812520
17	3751686
17	11573930
17	12898178
17	5334778
17	74292260
17	55442483
17	33992415
17	3505282
17	54796383
17	3785838
17	9967082
17	2815074
17	73087645
17	29348208
17	45122396
17	68643934
17	32390203
17	78183449
17	43179443
17	74541106
17	56555568
17	35566359
17	41464010
17	65017351
17	73401227
17	55098172
17	7608756
17	6469924
17	30540941
17	47006317
17	68209099
17	80977377
17	82711280
17	82049431
17	77008131
17	47883499
17	8412331
17	68771439
17	34591759
17	21199834
17	74320692
17	82695073
17	5554518
17	68673985
17	78881249
17	80798147
17	17713995
17	9341107
17	67039452
17	54527019
17	15073195
17	66344262
17	34224495
17	992950
17	77313269
17	39589726
17	59128763
17	13777741
17	1168330
17	66285075
17	74134373
17	2530730
17	7367035
17	47781470
17	12628834
17	54502751
17	45718067
17	70566264
17	73117425
17	47238120
17	3570651
17	1380704
17	39453870
17	70758177
17	77832319
17	49370810
17	41468780
17	45759111
17	2215807
17	28008455
17	77238675
17	60751041
17	72244524
17	21131359
17	19719330
17	5799317
17	69404305
17	2844748
17	49080066
17	34951632
17	55293686
17	30748170
17	79289715
17	13219595
17	74268910
17	11280749
17	73113785
17	11874647
17	3409833
17	48284389
17	35322554
17	56102201
17	32514944
17	58852479
17	50691154
17	10130362
17	11021531
17	70052431
17	6964282
17	16873863
17	75208042
17	12739573
17	74637676
17	696684
17	33305600
17	33974175
17	39211903
17	57385785
17	22202433
17	68802056
17	52886567
17	68323178
17	72388400
17	80921988
17	33399077
17	585020
17	13935190
17	51436863
17	5105662
17	34145227
17	1039839
17	12518675
17	82566482
17	67619689
17	15752484
17	65607230
17	33394149
17	68718141
17	11640140
17	63685671
17	1769810
17	62220635
17	10184233
17	33813784
17	1286033
17	10855257
17	73197494
17	61897290
17	4406248
17	80012331
17	35387433
17	11452221
17	68243952
17	54999625
17	69595455
17	70455366
17	13038328
17	34521284
17	15880815
17	68216521
17	5943895
17	34461425
17	57434450
17	54849156
17	74516742
17	74559068
17	72549410
17	32941411
17	47328801
17	35242095
17	68778821
17	65951867
17	31325438
17	3039354
17	15051433
17	13611388
17	44492978
17	80067566
17	1857085
17	14607730
17	80517889
17	35237460
17	76824775
17	22496448
17	16292961
17	39029511
17	57420875
17	51156086
17	39051481
17	75819945
17	76705083
17	4309950
17	75820365
17	42520904
17	65710910
17	68469439
17	78232490
17	79113962
17	9924573
17	68285269
17	49202400
17	77585598
17	51730882
17	11348563
17	80292960
17	68284941
17	72303520
17	5238591
17	77105642
17	16451729
17	80471148
17	13330887
17	66550164
17	46918734
17	72268638
17	72674911
17	5448471
17	47605759
17	52910522
17	34240660
17	10762033
17	14074145
17	38861856
17	79037010
17	69806211
17	11647023
17	59311549
17	77125832
17	47655239
17	77168804
17	56880414
17	31962711
17	62836082
17	71844310
17	3968029
17	19393580
17	73450098
17	5755300
17	17621929
17	80531523
17	10795082
17	71525925
17	61684345
17	69061147
17	50406909
17	69964505
17	78992703
17	48026394
17	52127893
17	4779740
17	79246981
17	28682731
17	28835436
17	1734483
17	50646224
17	55471276
17	77944642
17	55828887
17	73576000
17	9795025
17	8416958
17	12584797
17	63274037
17	39869164
17	71043841
17	7132932
17	12678950
17	9861230
17	80871552
17	15424755
17	10127773
17	22510684
17	78084469
17	70226631
17	18776520
17	39678462
17	46856203
17	32478777
17	10138832
17	54944688
17	71552612
17	44905361
17	76305458
17	51045307
17	56739030
17	45392790
17	45406408
17	45410602
17	43765569
17	13192259
17	62247087
17	22714581
17	2146872
17	78076363
17	16359899
17	716602
17	45846853
17	38849878
17	17444681
17	17463663
17	5201752
17	18317696
17	74786077
17	51679042
17	55033760
17	28530770
17	6433927
17	14154771
17	8049988
17	69264785
17	81726106
17	3307622
17	29554348
17	45307983
17	11965045
17	12951438
17	67751315
17	73234179
17	71043480
17	27952705
17	79279996
17	45059833
17	17641390
17	76827199
17	10274206
17	40904997
17	12965276
17	1601282
17	78252199
17	2517640
17	45171214
17	45195820
17	18997433
17	72780015
17	27756366
17	66335839
17	3509011
17	75741351
17	55586447
17	44677409
17	222696
17	17356856
17	2895023
17	50037504
17	33448336
17	388402
17	78192672
17	82336233
17	66737444
17	13945915
17	80305534
17	56672197
17	57002968
17	13233004
17	63519187
17	10725494
17	44902224
17	59233626
17	65888074
17	3910373
17	72027686
17	35479527
17	19542610
17	55209473
17	69438084
17	2037754
17	17296927
17	50173181
17	28987206
17	41482296
17	41878528
17	31659823
17	61929887
17	6789851
17	49146721
17	47242546
17	21130423
17	61821399
17	6474666
17	77596086
17	49990589
17	12140460
17	13071380
17	39418469
17	72445193
17	51806894
17	72192384
17	10902762
17	15332549
17	50892014
17	48490793
17	12387637
17	33694900
17	79010330
17	34751641
17	3548453
17	531370
17	15491081
17	40782064
17	17612577
17	35363447
17	6691541
17	32256202
17	82232453
17	72983544
17	39997220
17	67714753
17	33570078
17	11910998
17	11911061
17	39066220
17	12288034
17	51298324
17	28509427
17	31470193
17	6523707
17	8931278
17	6002201
17	71097351
17	43882975
17	13169708
17	65166358
17	46977198
17	5330522
17	52263752
17	43699318
17	74252373
17	80585926
17	33476151
17	17239582
17	1793350
17	59960013
17	15724015
17	10147144
17	53332564
17	39045502
17	73505119
17	13584983
17	6174351
17	8340343
17	10099928
17	51390014
17	73440619
17	8649342
17	14561106
17	77734043
17	58176239
17	17040309
17	80151509
17	80228559
17	55725996
17	35247234
17	52219419
17	52727970
17	72986878
17	5077086
17	65443990
17	77554978
17	14592318
17	4599900
17	79895699
17	41607021
17	52975351
17	4460400
17	34333130
17	9185746
17	52446034
17	80172217
17	55518611
17	53258370
17	325772
17	66906215
17	27867854
17	31310290
17	9741389
17	80545369
17	21259461
17	79321443
17	51759659
17	13201827
17	72476346
17	55856592
17	53037883
17	9098056
17	16943799
17	15922774
17	33081497
17	53897895
17	74100645
17	15129657
17	19612903
17	51835899
17	51704462
17	51707431
17	51743723
17	51746981
17	51738001
17	14420560
17	15518310
17	47283753
17	27807948
17	73284583
17	50381820
17	59914982
17	59833869
17	20111243
17	14515652
17	28242148
17	11616077
17	62247861
17	40248785
17	65479926
17	75308629
17	5909208
17	6351049
17	18196648
17	50590373
17	11761717
17	49652644
17	17596230
17	80294495
17	70958683
17	74119770
17	14619524
17	8073787
17	56746872
17	79124495
17	71038247
17	16942841
17	66097274
17	69943856
17	71084144
17	51643653
17	53270235
17	12146380
17	5870282
17	54020050
17	29383409
17	9303424
17	19301119
17	57788926
17	66573335
17	1737045
17	5879963
17	83009613
17	62242892
17	9223693
17	51564334
17	58771316
17	81220205
17	13940247
17	947302
17	67374692
17	14657699
17	79917703
17	62333204
17	50300424
17	82944535
17	80144770
17	6203166
17	38895878
17	80641771
17	15100140
17	55322749
17	54729416
17	7550602
17	11950985
17	13720541
17	52187543
17	34733169
17	49325445
17	55477403
17	69575232
17	71415652
17	73507780
17	14760388
17	12859449
17	14865956
17	61569110
17	33388367
17	933435
17	79466385
17	11003699
17	51514663
17	13762263
17	10885794
17	55530837
17	13722038
17	74714657
17	12942670
17	80241767
17	56029176
17	78683158
17	67742657
17	40705403
17	79206565
17	13912543
17	77232789
17	33611119
17	79462768
17	11321217
17	13502555
17	8071516
17	72830265
17	13956184
17	66169059
17	14213081
17	77736190
17	34566531
17	42985484
17	44593410
17	79859127
17	21236387
17	74011806
17	58294919
17	73406605
17	8831773
17	12717444
17	65039136
17	10520616
17	71497722
17	15088431
17	53249676
17	31701480
17	35374000
17	13141659
17	15472246
17	51091510
17	35235861
17	892851
17	73383450
17	43401087
17	53703889
17	11147192
17	13246690
17	13077790
17	14862960
17	11221454
17	39146945
17	68426017
17	9274160
17	48160628
17	13233183
17	6219830
17	46720454
17	80272935
17	4095905
17	48801717
17	54968158
17	56394181
17	70938206
17	13372481
17	13851483
17	39392655
17	43538462
17	69498353
17	48277311
17	33538283
17	79902563
17	31601473
17	48181892
17	11721393
17	66901505
17	72313202
17	80224006
17	76503318
17	3494601
17	73276848
17	9541942
17	1449135
17	79349079
17	14768592
17	52782672
17	4533602
17	13248841
17	63542018
17	74593125
17	77615534
17	33579405
17	6593667
17	6366266
17	6476427
17	12881494
17	68823555
17	58284706
17	68212616
17	28897781
17	15416551
17	82496057
17	77811015
17	39892980
17	14801721
17	57426061
17	80584486
17	71915441
17	57212572
17	15196540
17	7071820
17	48669657
17	410956
17	33954310
17	50243207
17	56683253
17	13642601
17	48606438
17	10527958
17	21504469
17	81310207
17	8338573
17	61187683
17	67451382
17	6355976
17	8181358
17	71933547
17	82963278
17	13583781
17	2587306
17	45776649
17	16917890
17	63831196
17	79400400
17	68812349
17	64676543
17	43596622
17	56729478
17	56053388
17	6627584
17	33989449
17	49334880
17	65909118
17	68776160
17	33410403
17	66940958
17	53050509
17	40601537
17	34470906
17	33604573
17	56603681
17	68905225
17	66050160
17	10814772
17	54620212
17	48234766
17	41435128
17	18208554
17	79256445
17	20624405
17	35212806
17	78856746
17	33312484
17	33278827
17	52095824
17	33378396
17	54235204
17	43671083
17	43683024
17	29369353
17	40745513
17	43676421
17	72429734
17	33961797
17	65948115
17	5853018
17	55615598
17	54560550
17	54487601
17	7015774
17	70582799
17	34355487
17	33533893
17	8120803
17	77086705
17	68841531
17	57817203
17	3016830
17	15775463
17	39867188
17	55849135
17	54046428
17	53963633
17	53983792
17	74060339
17	81466080
17	15504449
17	14623869
17	8680500
17	76143183
17	45908813
17	80943153
17	80950153
17	51715525
17	40896679
17	65577203
17	10913735
17	69101071
17	13896600
17	5696705
17	68815466
17	7146880
17	64327030
17	1273708
17	48352783
17	2804415
17	34514088
17	15412918
17	62841947
17	34960632
17	80669761
17	52193377
17	33939734
17	33794716
17	52539666
17	52501929
17	3674828
17	33274360
17	33285735
17	8814026
17	51808692
17	51870341
17	53511898
17	54262435
17	3678609
17	3615766
17	53592170
17	53626123
17	53659477
17	6790176
17	41080200
17	52984063
17	43729963
17	11463588
17	11470433
17	11402951
17	11442808
17	5646979
17	70198905
17	3918984
17	42583451
17	12671184
17	27048895
17	10955347
17	51779485
17	40678884
17	40649016
17	77710257
17	77889598
17	65079365
17	13788376
17	13787735
17	49170318
17	2386318
17	13264723
17	57413888
17	14795437
17	7718459
17	35337025
17	31535981
17	15463398
17	55680426
17	82977736
17	27399084
17	73755517
17	73740937
17	8758708
17	8784533
17	33432126
17	33429965
17	33407028
17	55496541
17	35343784
17	48927831
17	31994548
17	59491886
17	12177087
17	9290628
17	9903782
17	14774948
17	40794928
17	3860280
17	66274318
17	72070361
17	68348275
17	68368663
17	33622760
17	77325882
17	56534695
17	54655325
17	18208479
17	73390823
17	8516276
17	78250213
17	6498370
17	80945758
17	29433125
17	74840873
17	50139579
17	52402044
17	19810893
17	33136391
17	52346721
17	73961309
17	9913073
17	34440535
17	34412574
17	34379870
17	34385630
17	34327384
17	55175658
17	6963659
17	6398242
17	3650232
17	3648051
17	3626959
17	3602749
17	3585950
17	45707411
17	43988557
17	7647235
17	39112161
17	39117149
17	75604810
17	7674797
17	18941423
17	35614032
17	45674547
17	29246079
17	46917755
17	76287588
17	7658178
17	7656359
17	7642403
17	43967844
17	7651454
17	39111726
17	39165827
17	39200781
17	33040251
17	33019117
17	33050525
17	33046384
17	75571974
17	69361432
17	79915166
17	79915189
17	79848680
17	75573846
17	75564137
17	73578923
17	52012964
17	45106052
17	45162714
17	43619002
17	14625741
17	20672384
17	47239656
17	47358209
17	57716117
17	48611009
17	57894948
17	58111978
17	58175128
17	9770216
17	10238227
17	58692526
17	58973004
17	59521767
17	59608949
17	59782598
17	60044092
17	11032413
17	11138137
17	60365944
17	60504204
17	11341782
17	11369381
17	61030901
17	11493166
17	11592366
17	61789868
17	61816629
17	12269251
17	12570054
17	12679470
17	12752129
17	12760860
17	49119428
17	63009712
17	63399710
17	47747820
17	13242675
17	64090382
17	13494290
17	49363104
17	49469818
17	49488950
17	49921161
17	49987777
17	50078407
17	13900420
17	47855799
17	50379890
17	47905107
17	14260511
17	14260767
17	14387223
17	50913996
17	14430091
17	50958350
17	14439183
17	51152947
17	14635400
17	51562823
17	51590172
17	14752438
17	14910238
17	14976258
17	51928645
17	52126931
17	15194800
17	15280310
17	52431034
17	1854909
17	8376006
17	48107521
17	52932071
17	516793
17	53449345
17	53822619
17	5063659
17	54307365
17	54653020
17	721436
17	5546543
17	5732889
17	48304384
17	54813427
17	5961249
17	55118322
17	55194642
17	55370816
17	48368631
17	832810
17	6691525
17	6710508
17	56008834
17	56008913
17	7282703
17	56221675
17	56277923
17	56298783
17	56435134
17	8646209
17	8721209
17	56649116
17	56942368
17	9156709
17	9192392
17	9324346
17	9475811
17	9666348
17	66065425
17	66176071
17	10024760
17	66655994
17	66716714
17	66792709
17	19710288
17	19865611
17	65150750
17	20062274
17	17899689
17	67313699
17	17188591
17	16900208
17	65246666
17	65278900
17	65633270
17	29088589
17	30273608
17	40147294
17	40731869
17	41196252
17	41417461
17	31709559
17	31776459
17	31846945
17	31863329
17	71169513
17	32227332
17	68790719
17	32283025
17	32285285
17	76577450
17	77918564
17	79971738
17	79865226
17	75266534
17	75411300
17	33564625
17	39120430
17	33686316
17	56932701
17	76876496
17	34308534
17	76918859
17	34382879
17	77089247
17	77130930
17	77196825
17	49166260
17	77411801
17	34643823
17	34721866
17	77829667
17	77948568
17	77996612
17	44432295
17	78078115
17	35448801
17	35500115
17	35617036
17	78715605
17	27064938
17	68434748
17	68932547
17	69582967
17	69696221
17	69758245
17	69828635
17	70020872
17	70141026
17	70153112
17	70384516
17	70408487
17	70619105
17	70642547
17	70809685
17	70864463
17	71182764
17	71417660
17	71560361
17	71886354
17	72197214
17	72372420
17	72912091
17	73998472
17	74156483
17	74600617
17	74815204
17	3549024
17	74571817
17	74570212
17	74567890
17	2262420
17	81402198
17	3757570
17	77254339
17	910084
17	22618429
17	22209747
17	17228555
17	47117396
17	45816121
17	55196232
17	70976140
17	71142114
17	5854210
17	29403970
17	71488514
17	72043705
17	32053362
17	72916298
17	74275108
17	34135649
17	34135663
17	74579111
17	74555259
17	6210685
17	56781827
17	9718359
17	9827447
17	55061247
17	55526731
17	55857272
17	57124287
17	57149250
17	71374289
17	5958237
17	45699947
17	31457240
17	72489441
17	32657166
17	32790098
17	33257037
17	33261468
17	33344198
17	33355006
17	1881481
17	43928373
17	17252559
17	17232108
17	45751332
17	40845058
17	41476088
17	10878485
17	77118623
17	51315421
17	51320687
17	11969985
17	44616480
17	77700950
17	54019995
17	40780407
17	78396063
17	50647469
17	34418726
17	75834915
17	46171833
17	43201393
17	43567876
17	13952152
17	14007232
17	52181596
17	14230033
17	65780473
17	1202460
17	14578915
17	34525186
17	62992483
17	45472160
17	66070983
17	52931960
17	66305245
17	54770580
17	53284609
17	5791942
17	67367697
17	53818642
17	45981644
17	6058325
17	34535171
17	13720952
17	13897699
17	79224512
17	9889451
17	9899267
17	69294699
17	65078676
17	69340280
17	64031763
17	10274272
17	14388230
17	911289
17	65775852
17	3583848
17	49653969
17	70319507
17	70322427
17	6234745
17	78525555
17	6352657
17	6372650
17	6394213
17	54044637
17	6844435
17	1897850
17	34285321
17	9371480
17	9206655
17	54857765
17	68963569
17	10171031
17	10231670
17	57826468
17	2890673
17	3015332
17	66171234
17	3979015
17	71041997
17	71098427
17	71512670
17	15098900
17	66457110
17	21099740
17	70189778
17	15689448
17	27523483
17	70520112
17	32279282
17	73516660
17	74056033
17	33866681
17	33941823
17	6215695
17	19794663
17	6755048
17	6356809
17	33066684
17	9259827
17	22524793
17	22527685
17	34285425
17	10722486
17	10813621
17	1625029
17	2982797
17	3782709
17	71003715
17	71340033
17	5933540
17	5939475
17	31737385
17	3734659
17	56999399
17	57301432
17	2295598
17	73122477
17	33199313
17	74102064
17	74128827
17	40029853
17	2801872
17	2796028
17	2794723
17	16229730
17	16223892
17	7403408
17	31446733
17	31450011
17	31469786
17	31473638
17	15269904
17	69898813
17	69898505
17	80104910
17	31181757
17	69934472
17	70038417
17	59946914
17	5490141
17	5490204
17	5392208
17	66530277
17	50818949
17	64787910
17	30711014
17	67491364
17	65103564
17	81483574
17	41138464
17	6264915
17	49970139
17	58107720
17	58114374
17	58126424
17	8914830
17	20737464
17	3715237
17	35441180
17	8800102
17	35390898
17	27075137
17	65778501
17	54520458
17	68861914
17	41579831
17	77398609
17	29294331
17	73626530
17	61658747
17	40940366
17	12341004
17	13169583
17	68112848
17	69090583
17	13816216
17	34301045
17	34533630
17	9148000
17	9181096
17	70610175
17	62773903
17	76613412
17	61200253
17	14769743
17	50790820
17	69035316
17	17332223
17	12428732
17	51221933
17	67285534
17	72046913
17	45900461
17	72776245
17	14732143
17	64159504
17	64309851
17	17657780
17	79238589
17	22284173
17	43398575
17	73492000
17	73493965
17	73531941
17	73540586
17	43722222
17	65230825
17	74613950
17	51914476
17	45733894
17	51735178
17	17440808
17	50239511
17	72508201
17	33848549
17	3289399
17	54370496
17	40489895
17	55938601
17	42430278
17	52299204
17	56654885
17	8806077
17	42414222
17	18699163
17	64043483
17	64080959
17	56797742
17	68187451
17	6047768
17	62371160
17	69444670
17	9758971
17	57576075
17	57364823
17	34050679
17	11492464
17	34432835
17	46931204
17	67744503
17	15188947
17	57375990
17	72982865
17	50575514
17	22347430
17	45235526
17	32546844
17	13583088
17	28492047
17	61367397
17	15050834
17	66847948
17	66848089
17	54495540
17	2950528
17	20315480
17	35189575
17	46722744
17	46785247
17	46779275
17	33461425
17	66900615
17	77287459
17	47345367
17	53129077
17	9861214
17	21276149
17	10512523
17	58513282
17	10225187
17	33018380
17	44321389
17	2352057
17	63708544
17	73612993
17	57174256
17	18170296
17	40437042
17	71942313
17	15415538
17	29024079
17	10659733
17	10674929
17	27124093
17	11696481
17	30223796
17	51838808
17	14439017
17	14418135
17	48049011
17	11210815
17	68642046
17	66620490
17	10884989
17	10891323
17	10894379
17	2804067
17	2803289
17	52001629
17	51921578
17	51937172
17	57774154
17	48770002
17	77723751
17	19909228
17	75867848
17	21145600
17	8772219
17	32207292
17	44394677
17	61619371
17	70864153
17	10590520
17	53354636
17	53417889
17	65423957
17	65423898
17	57587178
17	68356470
17	5830238
17	65972073
17	54026848
17	35159172
17	33698607
17	73411400
17	7126135
17	7334027
17	19372886
17	61863458
17	11422887
17	11425111
17	11389194
17	13018133
17	10276876
17	13176578
17	12683015
17	61084285
17	32609820
17	77807817
17	68808032
17	53576205
17	71321374
17	14335995
17	12161143
17	14055794
17	63942988
17	14836230
17	14572233
17	14572284
17	54796951
17	5713369
17	72044406
17	43687627
17	30224647
17	43814105
17	64195720
17	11486163
17	13137502
17	76001393
17	76005109
17	6997125
17	63941413
17	1745208
17	76018387
17	76015371
17	47208108
17	40100837
17	41425405
17	41440286
17	69543430
17	44250125
17	19416745
17	14301093
17	10361901
17	9162684
17	19656058
17	51661359
17	69505997
17	69526834
17	43779254
17	31549402
17	31524925
17	31530246
17	42105145
17	47810585
17	7226655
17	45287548
17	43615238
17	10318744
17	10318832
17	3904738
17	77643885
17	13903959
17	50089934
17	69631007
17	13287930
17	70917323
17	10222081
17	11603470
17	76651015
17	70797449
17	46844531
17	74088109
17	43409735
17	42706823
17	9109384
17	71175085
17	74336016
17	4590778
17	8717311
17	8717330
17	69894695
17	69565414
17	7259132
17	65636955
17	34448033
17	34408150
17	44803385
17	72251729
17	72336765
17	13030426
17	10458952
17	57709436
17	13689288
17	34194833
17	61398527
17	51374848
17	14609993
17	62875908
17	41296343
17	896607
17	55749891
17	54287087
17	77348654
17	77025768
17	40304123
17	1043993
17	78534211
17	78508347
17	79368499
17	34394974
17	34395864
17	34403436
17	82932386
17	50458686
17	14366430
17	14355584
17	73063269
17	7798488
17	54289127
17	79440229
17	6388017
17	61859925
17	27596144
17	6003122
17	8974629
17	45074032
17	69619523
17	13358124
17	46086443
17	49212891
17	71261692
17	71929968
17	70082745
17	72224952
17	72200836
17	13090052
17	10907074
17	6227773
17	15026713
17	16480749
17	51407718
17	50758691
17	12472458
17	72008548
17	68399585
17	2299873
17	2243997
17	56015458
17	54340043
17	30551799
17	30552917
17	30565825
17	30566629
17	10831373
17	64193425
17	79300239
17	83011674
17	3461009
17	64091249
17	81153278
17	77251197
17	22743028
17	12616554
17	49132499
17	49185310
17	6670645
17	6703699
17	6688433
17	3825293
17	61599493
17	13182948
17	5423021
17	71983903
17	71002305
17	70872623
17	14299801
17	11016142
17	13609696
17	34709567
17	15123439
17	15123483
17	14901237
17	14824960
17	41252818
17	56305876
17	11500988
17	71068409
17	14750480
17	27117803
17	33747909
17	3724918
17	34067422
17	56978993
17	34690534
17	14940024
17	61180694
17	14890339
17	14864718
17	66253379
17	5743244
17	72025607
17	22430683
17	3605586
17	19739639
17	47916728
17	7288772
17	7242662
17	7261244
17	47916788
17	42911449
17	31571573
17	31601064
17	49209705
17	58008104
17	3664167
17	2086343
17	73167155
17	73167942
17	45099436
17	42041691
17	35022251
17	48075934
17	56941744
17	5001832
17	12916153
17	12979472
17	15744409
17	2690924
17	76714701
17	38914936
17	80140033
17	56510850
17	4930914
17	4932600
17	82722573
17	82689618
17	19556224
17	3616660
17	3583408
17	3569577
17	19551262
17	82674897
17	32493488
17	1044909
17	4738774
17	59874612
17	74451561
17	32555109
17	32551152
17	12338275
17	32567354
17	74408076
17	35619088
17	62664987
17	35593017
17	50281058
17	1083502
17	1095529
17	1127653
17	45990016
17	1046657
17	1093795
17	1067497
17	38876048
17	35391058
17	3399694
17	82753824
17	40936616
17	40925294
17	67054189
17	57095672
17	64097600
17	48930601
17	27241681
17	7313221
17	7323393
17	6894454
17	80925658
17	78427016
17	47323542
17	9777134
17	18347213
17	18335698
17	16948713
17	56708901
17	56703130
17	56688973
17	56675348
17	50683744
17	50531680
17	49409322
17	10421663
17	28364894
17	8493997
17	9242651
17	3597216
17	9798073
17	47831817
17	3439021
17	49995062
17	68677097
17	8158784
17	76291308
17	76313344
17	66611276
17	78796788
17	81194468
17	81194351
17	29107375
17	29109588
17	6446657
17	80901869
17	74671381
17	9861461
17	9861296
17	34361164
17	10642813
17	29249281
17	9916961
17	76688319
17	76685353
17	50700937
17	66884958
17	1853057
17	7689242
17	44038688
17	48584158
17	66448030
17	80048446
17	80050295
17	80178320
17	76167740
17	6612067
17	80885310
17	40484492
17	76011493
17	59389556
17	55822779
17	75225344
17	35265602
17	59194718
17	45135596
17	4487906
17	750578
17	7348829
17	78164800
17	6998353
17	6426748
17	65201802
17	78399553
17	78399349
17	78398114
17	47284929
17	47290315
17	82905981
17	9857399
17	42329511
17	42308985
17	42295540
17	27582824
17	49156755
17	3716844
17	17247638
17	18285570
17	733582
17	27768704
17	45858472
17	56961129
17	14069814
17	69085372
17	9244743
17	63971107
17	51153539
17	4894010
17	1541408
17	7447225
17	68453228
17	41809916
17	3366051
17	80099763
17	8147661
17	586191
17	1058660
17	35478131
17	2995240
17	74772831
17	66152241
17	75846811
17	75286555
17	74953051
17	15368756
17	15333004
17	15244939
17	15213443
17	15219552
17	5365417
17	5738019
17	5874027
17	5933152
17	15239694
17	15298888
17	15303653
17	15349112
17	15198475
17	15195706
17	15255458
17	15254655
17	20749016
17	8348527
17	9081198
17	9398633
17	43942126
17	43903932
17	43868812
17	47089830
17	46988999
17	3302827
17	2743054
17	47252316
17	47310917
17	47653533
17	3694724
17	51775661
17	52804015
17	63930958
17	29095035
17	65679572
17	65710450
17	11800892
17	13120139
17	13764254
17	13877606
17	13944644
17	13971371
17	14070116
17	14156710
17	15396992
17	15776287
17	47844540
17	3915536
17	4263509
17	48497129
17	48643203
17	53796134
17	53787959
17	53831791
17	53866486
17	54767989
17	56287302
17	57527351
17	59762207
17	80811125
17	45018861
17	34558924
17	34887695
17	34690768
17	30986060
17	72040405
17	31543864
17	72969910
17	72928712
17	34843464
17	17710783
17	928427
17	1319960
17	80092818
17	79880655
17	68229044
17	66951194
17	67575380
17	67449449
17	69201334
17	70270918
17	70272595
17	70221330
17	70221719
17	70232625
17	70251230
17	70207405
17	70211486
17	70670314
17	70789148
17	70864414
17	71342733
17	71346709
17	71371559
17	71478472
17	34207196
17	34168828
17	12566489
17	12436261
17	12492241
17	12422275
17	12425367
17	12523436
17	78894782
17	79350168
17	82438925
17	4982687
17	4953285
17	74354138
17	5018833
17	41151689
17	158756
17	77671189
17	62995263
17	76657780
17	76917855
17	77026729
17	50777002
17	28240029
17	45865685
17	62689654
17	62634670
17	45845814
17	76748932
17	40792186
17	2366990
17	71716132
17	71669435
17	71680028
17	71715537
17	71670412
17	8369449
17	32806751
17	45994485
17	45981562
17	72718819
17	69464672
17	19541674
17	19543703
17	1115252
17	55153361
17	55111532
17	2374770
17	63312583
17	82751186
17	52665394
17	72926836
17	19535008
17	19585538
17	19581638
17	19483653
17	888098
17	3254715
17	3195250
17	63246051
17	18387679
17	62526608
17	52638435
17	52663335
17	3261507
17	3257111
17	18918512
17	46208165
17	18976448
17	18976336
17	39687606
17	10702446
17	69503576
17	69536714
17	69608891
17	32956463
17	12992498
17	44032458
17	47994218
17	56899561
17	58326988
17	20194149
17	71815430
17	12385256
17	12295505
17	58440601
17	27811026
17	27817258
17	46266536
17	76600882
17	3865385
17	5731024
17	5724088
17	49533009
17	72573803
17	7625306
17	55080033
17	54965511
17	32656766
17	72743441
17	3709468
17	67584155
17	77511214
17	75727159
17	63827186
17	49390785
17	5194682
17	57947252
17	57831175
17	57822206
17	57473571
17	1116943
17	50227951
17	50249886
17	50164371
17	50188065
17	73818911
17	79816336
17	80837444
17	80844803
17	69412732
17	47956725
17	47983475
17	41460178
17	18227773
17	18236086
17	79119305
17	79154725
17	79130167
17	79130361
17	79202044
17	73773230
17	73707394
17	73744144
17	73757434
17	73861127
17	55142476
17	44142405
17	52318732
17	32663732
17	5237090
17	5223379
17	5190604
17	67649331
17	67629626
17	59775853
17	9662094
17	9711239
17	81204174
17	81172091
17	73730095
17	73703204
17	73712716
17	78224927
17	10680272
17	76126128
17	76093230
17	46215654
17	74419048
17	74466327
17	49459159
17	35405311
17	13166704
17	13211937
17	13208340
17	64709620
17	49585321
17	82816272
17	35407398
17	73853815
17	73853561
17	73751872
17	73705030
17	73770018
17	57824316
17	57885971
17	57819308
17	57803491
17	10957302
17	17475190
17	50290466
17	43964982
17	33752369
17	79138260
17	79166170
17	79127147
17	79196371
17	67556593
17	79140752
17	72711935
17	72735379
17	72792718
17	72749453
17	40332918
17	40380731
17	69540181
17	69468428
17	49928516
17	49899569
17	49901622
17	5688069
17	5715269
17	5667198
17	12375596
17	12394452
17	12342508
17	32956390
17	12363785
17	46203331
17	5611270
17	5629435
17	740186
17	717171
17	739688
17	2124350
17	52279050
17	57488315
17	27800806
17	33664173
17	40017484
17	79832150
17	67992932
17	35586970
17	63899888
17	78179743
17	14197712
17	15591952
17	2564595
17	41463782
17	1248298
17	45299081
17	79730417
17	6260142
17	9011376
17	41035430
17	65863403
17	11556947
17	14640368
17	15017680
17	15365999
17	47977981
17	13435615
17	1237738
17	53000556
17	45013650
17	44283992
17	34486048
17	31743087
17	33459033
17	42400776
17	68423492
17	78901393
17	79044568
17	32962761
17	33009240
17	32995236
17	77336617
17	49120881
17	49278661
17	10166428
17	31142984
17	31216251
17	15427969
17	63307078
17	54781014
17	54790183
17	54791551
17	54802088
17	11447394
17	11539724
17	11513905
17	68464174
17	55773717
17	3727824
17	67523590
17	67485948
17	67503914
17	7003751
17	48271022
17	48242286
17	79136933
17	7743952
17	15544050
17	15546313
17	27547430
17	27557943
17	27518778
17	69626303
17	69725008
17	34456968
17	33747996
17	68522522
17	68480286
17	68464843
17	68544669
17	67603282
17	15433720
17	63906241
17	63882380
17	18110246
17	18044396
17	909510
17	53657402
17	53594276
17	20779273
17	20796232
17	54827165
17	54792650
17	54882325
17	54875415
17	55741726
17	11441298
17	11519408
17	11476790
17	52159250
17	16598181
17	16519413
17	3727947
17	44964586
17	16514104
17	13442254
17	65135631
17	63915777
17	5377145
17	5378805
17	8111098
17	8112695
17	8227549
17	8124275
17	8085675
17	8085690
17	5210128
17	58722546
17	34266955
17	50823159
17	48679683
17	29717083
17	33677934
17	30324345
17	48689512
17	11519938
17	11481866
17	16304212
17	16341343
17	33642660
17	6978790
17	6928088
17	70330197
17	70310696
17	70351774
17	77409963
17	77362568
17	34355597
17	7188331
17	31650091
17	31634242
17	31694302
17	33977041
17	33977281
17	33916401
17	33849627
17	17264850
17	73338334
17	33242747
17	33179477
17	81682274
17	33332489
17	32621104
17	32629006
17	32633519
17	35578726
17	35554699
17	27332262
17	27364352
17	3540949
17	3555838
17	73679420
17	73691459
17	73684668
17	42922470
17	42997692
17	4491875
17	962259
17	69387019
17	3044727
17	22324949
17	75766481
17	81650504
17	41158737
17	59100188
17	76271668
17	68235121
17	81957633
17	52551929
17	52506881
17	20085905
17	70565276
17	27426476
17	81862078
17	1231866
17	6548617
17	6539924
17	75514992
17	39403741
17	81950931
17	30909727
17	81940768
17	7075860
17	49890312
17	77354790
17	58631618
17	13306531
17	7031942
17	75708253
17	75875830
17	76387394
17	76561894
17	76737321
17	39078940
17	17221501
17	17142710
17	74359813
17	78991681
17	74771426
17	21184675
17	39928097
17	7883381
17	12991515
17	39105626
17	35241270
17	35186572
17	35475137
17	59213022
17	6812923
17	45022702
17	68884984
17	7390396
17	10400944
17	11745015
17	8312216
17	9154897
17	9238006
17	51630232
17	5443279
17	5450757
17	823892
17	1004075
17	45118296
17	40092101
17	8883607
17	62447686
17	31616823
17	82657767
17	82447676
17	16933111
17	3018343
17	75601838
17	77320415
17	17584126
17	74358899
17	42831796
17	67717126
17	63973153
17	63419110
17	66964113
17	68206938
17	15708181
17	40867623
17	40938725
17	43911624
17	44343308
17	50394909
17	50394236
17	10340400
17	781489
17	9905902
17	41443674
17	55842808
17	66301335
17	30837005
17	51654061
17	68248437
17	4818838
17	5015163
17	41124315
17	57104956
17	78976878
17	64058886
17	67016646
17	68360742
17	68279689
17	15237284
17	14101575
17	13592432
17	13592220
17	13551718
17	12970910
17	12918721
17	12829608
17	44346297
17	61470492
17	61461433
17	61313788
17	45977067
17	42155150
17	68527631
17	50679576
17	49825784
17	49500756
17	9227001
17	9229544
17	9971888
17	9956091
17	1869979
17	82603740
17	82657057
17	82663551
17	27759603
17	27784402
17	27794895
17	75613058
17	76293161
17	76542943
17	76948852
17	17213098
17	81252562
17	72022770
17	59619612
17	9750535
17	48580565
17	1616481
17	3725068
17	7329692
17	47307646
17	41803181
17	41938582
17	8096639
17	41901959
17	12411444
17	80100647
17	42346255
17	77564199
17	38848764
17	82625354
17	74838815
17	66973886
17	14204262
17	48432085
17	68932293
17	10324391
17	51376525
17	9982289
17	62692442
17	73986916
17	73205536
17	55304149
17	16904493
17	30515520
17	3475582
17	79897744
17	76994491
17	66812185
17	66470746
17	66454358
17	70363366
17	70365953
17	46813935
17	7467286
17	76238167
17	76238577
17	39972395
17	82735252
17	13421241
17	72477366
17	20053976
17	58156138
17	5478547
17	56796451
17	65147180
17	77383357
17	5127909
17	48791348
17	6249814
17	66783312
17	49992861
17	7206676
17	39963001
17	61310649
17	3403115
17	2312964
17	9694139
17	13239075
17	13239266
17	57241863
17	71418673
17	54601729
17	74035653
17	446651
17	81565628
17	67340411
17	1967071
17	76597821
17	15043284
17	8889197
17	3532786
17	10077709
17	19900934
17	5043030
17	3639161
17	33855372
17	42276943
17	13323487
17	12595002
17	58699787
17	80703105
17	9056363
17	39987295
17	78161185
17	17981346
17	75454781
17	79549025
17	80446542
17	79680848
17	81612204
17	33212563
17	41632132
17	41654777
17	72690302
17	82021766
17	81047258
17	31639232
17	78622614
17	80361572
17	66452125
17	44552369
17	695000
17	8896991
17	31683205
17	6520086
17	10178939
17	65535213
17	21264825
17	30049845
17	32474423
17	72392377
17	70431622
17	69103517
17	63994821
17	66785561
17	33741954
17	68954312
17	68922688
17	68866618
17	50676062
17	32564243
17	7438829
17	51174877
17	46781778
17	49913182
17	77391922
17	9635332
17	7587859
17	7795281
17	75100856
17	75426138
17	76502503
17	77292858
17	4426647
17	4518795
17	1941225
17	2014316
17	47769963
17	55253983
17	55299143
17	27985442
17	33106621
17	6325948
17	81965842
17	17516904
17	82081076
17	6042556
17	67449140
17	8041224
17	45259113
17	34509873
17	7112920
17	17953689
17	31673410
17	4988661
17	7492948
17	78529483
17	8899338
17	9579254
17	75102658
17	16889544
17	499603
17	31657089
17	11402726
17	77558273
17	32847974
17	1555861
17	34501916
17	8744785
17	53561187
17	50897453
17	72654371
17	79724812
17	16886884
17	14405081
17	62916947
17	52901684
17	71120089
17	70181624
17	34182689
17	63486097
17	52732787
17	63486691
17	34651636
17	28510504
17	57284223
17	368354
17	650840
17	77467051
17	4663920
17	71630528
17	28462054
17	248397
17	16874850
17	72632077
17	63496400
17	6101319
17	68731783
17	76832011
17	8032964
17	65509204
17	52894000
17	52272274
17	65450298
17	13563577
17	55214406
17	28004248
17	10714486
17	33863298
17	77488074
17	66404690
17	1191846
17	28085798
17	76377298
17	6132165
17	30131087
17	31719446
17	72610903
17	65108000
17	75039698
17	43013717
17	16444253
17	79979654
17	77654330
17	18676396
17	1983858
17	11987148
17	14890407
17	55404443
17	10313916
17	48323291
17	52759662
17	21391421
17	80493611
17	60844613
17	8724931
17	61413669
17	63471587
17	33459077
17	7945769
17	77532788
17	33876905
17	66722052
17	15322567
17	41177179
17	30137456
17	1197175
17	33701143
17	55480268
17	71634444
17	53784667
17	76330472
17	5656413
17	68687038
17	6134754
17	8792341
17	70139736
17	33994853
17	71602757
17	74006384
17	76208511
17	5842707
17	41472223
17	31719310
17	7552219
17	55353176
17	71587325
17	62121769
17	79377249
17	45492860
17	28443705
17	66777181
17	72680651
17	5779547
17	30357227
17	66387213
17	75099129
17	11767772
17	77649909
17	65538420
17	34653323
17	11830573
17	28448723
17	80414030
17	324115
17	68173906
17	74192407
17	3175406
17	16107606
17	27679269
17	27441378
17	79457281
17	4243752
17	72881640
17	33478612
17	72445647
17	13654555
17	57418732
17	50847104
17	72643976
17	4591520
17	12427506
17	63514291
17	719257
17	264878
17	77063243
17	41765781
17	18775235
17	8712022
17	76598470
17	18737471
17	34645834
17	65109920
17	50368731
17	9122760
17	12463956
17	17590496
17	17564654
17	17564469
17	19748298
17	19649163
17	76502680
17	4995238
17	69272126
17	74461996
17	73527465
17	75590683
17	76162720
17	76973346
17	77044119
17	77317253
17	77625622
17	74245053
17	74493044
17	74536270
17	73498108
17	74695492
17	73526798
17	74943351
17	74954832
17	74993056
17	75032657
17	75074693
17	75081970
17	75139498
17	73562280
17	74645189
17	75548079
17	73642387
17	76362462
17	76894103
17	76934144
17	76934284
17	76937292
17	76995529
17	77001815
17	77052590
17	77345692
17	77637938
17	77915823
17	78016773
17	78222776
17	78324754
17	78315910
17	73905601
17	73936900
17	74194412
17	73464004
17	82193929
17	82470223
17	82613184
17	82134255
17	82331408
17	82520930
17	82575203
17	82661366
17	79007275
17	78901892
17	78885621
17	79206748
17	79291504
17	79303521
17	79338654
17	79373325
17	1379685
17	3208286
17	3528392
17	4474298
17	4770988
17	5511967
17	1300323
17	2415401
17	2552229
17	2851562
17	2922244
17	2981852
17	2995998
17	3004907
17	1340685
17	3028286
17	3103191
17	3559573
17	3652130
17	3823533
17	3893975
17	1544462
17	4422180
17	4422223
17	4472212
17	4515256
17	4569573
17	4592387
17	1590421
17	4701905
17	4786277
17	1630244
17	5071697
17	5631092
17	5662769
17	1844734
17	1967221
17	1970378
17	1994526
17	1278872
17	2165638
17	65375762
17	65109003
17	67039099
17	66891400
17	66820347
17	66314378
17	66213422
17	67801222
17	65656902
17	65616917
17	65545379
17	67715013
17	65182154
17	67516557
17	67427163
17	9601625
17	9810188
17	9882352
17	11012237
17	11035870
17	11255456
17	12646159
17	12888551
17	15037288
17	8257831
17	16292742
17	8705704
17	8790698
17	9102076
17	9136255
17	9163536
17	9249327
17	9497946
17	9793566
17	9818833
17	9878637
17	10187271
17	10187484
17	10223201
17	10260252
17	10417057
17	7949905
17	10667142
17	10807857
17	10842984
17	10996508
17	11027145
17	11245123
17	8019449
17	11297625
17	11557328
17	11809174
17	11870443
17	11960864
17	8098685
17	12653259
17	13004887
17	13011692
17	13057396
17	13294269
17	13416196
17	13420973
17	13546949
17	13575330
17	13725470
17	14371769
17	14507422
17	14648702
17	14831309
17	14914446
17	14914823
17	14950889
17	15160515
17	8213797
17	15606697
17	15626655
17	15858797
17	16045116
17	16283501
17	8304837
17	16428506
17	16450205
17	16471798
17	16660720
17	16921190
17	16941853
17	45172077
17	45799654
17	43582713
17	43721456
17	42653826
17	43648957
17	43790943
17	44406633
17	44493736
17	44819009
17	43393315
17	72382589
17	72416004
17	72787179
17	72851379
17	71836612
17	71839006
17	71921859
17	72157664
17	72210208
17	72293084
17	72308348
17	72561699
17	72627246
17	72674270
17	72679561
17	72756494
17	57679479
17	57749199
17	57756104
17	57757172
17	48714439
17	49786006
17	50270456
17	50308951
17	51387136
17	54569053
17	54723243
17	55440255
17	56807726
17	47594140
17	57650863
17	48514990
17	57712836
17	57717091
17	58552166
17	47643483
17	48990464
17	49115136
17	49264791
17	49454736
17	47731462
17	50055279
17	50232513
17	50295104
17	50356597
17	47801479
17	50621545
17	50648154
17	47880097
17	51475315
17	51532123
17	51597626
17	51733998
17	53154886
17	53460658
17	54500011
17	55441810
17	56053109
17	56178631
17	56626114
17	56772968
17	48448941
17	57154891
17	38904785
17	39933091
17	29462528
17	27270686
17	32307344
17	27643821
17	34191972
17	34603293
17	34699672
17	35176322
17	35222853
17	35282228
17	28146674
17	28389898
17	28969251
17	28988947
17	29017412
17	29461486
17	27323713
17	31834617
17	32376081
17	32945352
17	32984858
17	33044850
17	33067411
17	33861859
17	34070143
17	34247429
17	34284427
17	34549688
17	34576519
17	35003131
17	35209487
17	35290783
17	35519585
17	27889760
17	7134872
17	6673370
17	6185353
17	6908210
17	7052787
17	7304878
17	7366054
17	6232245
17	6236275
17	6336607
17	6408006
17	6653007
17	6683435
17	6787698
17	6855352
17	41441350
17	42398593
17	41728331
17	41939955
17	41962526
17	41975519
17	42072100
17	78634082
17	78617593
17	78613710
17	824790
17	69328858
17	77118645
17	77131856
17	78992110
17	69289494
17	22526754
17	22191121
17	79866288
17	79873134
17	79911412
17	80084052
17	80115963
17	80124678
17	80325519
17	80008179
17	80091795
17	80263005
17	80206819
17	80331819
17	80337708
17	80471902
17	40747995
17	40789836
17	231345
17	74892709
17	76901736
17	17771964
17	18795758
17	18850557
17	17627240
17	17746109
17	17758488
17	18194704
17	18282196
17	74592187
17	843592
17	603798
17	906403
17	946986
17	1094312
17	501377
17	7554035
17	7570959
17	46911337
17	46852997
17	46881571
17	59420431
17	59560442
17	62186850
17	62186879
17	62059724
17	61164905
17	61447112
17	62717713
17	63455210
17	68662843
17	68692834
17	68746019
17	68806851
17	69123884
17	69188696
17	68238797
17	69424292
17	68131217
17	70268404
17	68497634
17	68509715
17	68622913
17	68663094
17	68723096
17	68735115
17	68803812
17	68987612
17	73323507
17	73083232
17	73139660
17	73321328
17	73365695
17	72885915
17	72901059
17	78545536
17	78524506
17	80846090
17	80926798
17	81132205
17	81144802
17	81151365
17	80806181
17	80890229
17	80918123
17	80993115
17	81032233
17	81079015
17	81091850
17	80774182
17	81336836
17	80787102
17	80791419
17	360023
17	358431
17	5904819
17	5915444
17	5784067
17	5815161
17	5917774
17	5713259
17	17100122
17	17126404
17	16960324
17	20990259
17	20847831
17	20952638
17	21358248
17	83060283
17	82897736
17	83091923
17	82867624
17	82899533
17	83031884
17	82965660
17	82983644
17	45138914
17	61683635
17	61686104
17	61863272
17	52143955
17	56480182
17	16504164
17	43634059
17	7215003
17	14497050
17	43618060
17	74603279
17	802769
17	39198813
17	40430620
17	14505311
17	48819002
17	74649901
17	69301968
17	74634292
17	40454413
17	7281743
17	28529243
17	48849253
17	69372302
17	74626495
17	50485873
17	69271176
17	39127076
17	69339641
17	29487478
17	816212
17	74608578
17	29571810
17	77129550
17	43622595
17	15861193
17	28281634
17	28538614
17	14440743
17	9765278
17	49252343
17	77100326
17	39302259
17	42564502
17	14506345
17	49492723
17	883588
17	40579979
17	16500933
17	82804963
17	48840842
17	76883881
17	8976463
17	38922627
17	44099223
17	49229912
17	18380313
17	78473786
17	28572484
17	14497561
17	49237051
17	40481999
17	77043213
17	76889198
17	82793435
17	48800520
17	49209747
17	69909895
17	33330590
17	1463828
17	64668888
17	48523695
17	48641536
17	80238407
17	6665497
17	78506533
17	78612591
17	78787560
17	78881573
17	78911271
17	79088999
17	79443991
17	69590732
17	69965863
17	69996563
17	70100517
17	70294992
17	70385414
17	70510096
17	70911682
17	68393505
17	68397548
17	71197146
17	71251237
17	71412555
17	71574800
17	68496595
17	71982468
17	72254177
17	72301222
17	72434503
17	72643349
17	73018638
17	68620160
17	73418993
17	73424263
17	73427252
17	73552922
17	73665490
17	73863013
17	73994944
17	74041008
17	74044733
17	74169588
17	74335076
17	74779219
17	74979750
17	75448566
17	75459847
17	75543550
17	75991292
17	76046388
17	68905389
17	68926852
17	68970133
17	77692192
17	77716077
17	82861401
17	82963153
17	82036150
17	82417023
17	2249923
17	11335675
17	12151897
17	12287396
17	12690426
17	12777521
17	13280156
17	13768583
17	13881498
17	14042870
17	14065868
17	14104543
17	2545841
17	14519744
17	14528209
17	14616717
17	15018609
17	15048064
17	2650770
17	15312473
17	1265382
17	16975174
17	2826358
17	17315545
17	17387388
17	17708709
17	2977997
17	1425087
17	3002804
17	3491005
17	3936936
17	4451053
17	4632118
17	5102016
17	5116373
17	1292794
17	5587382
17	5673565
17	5709123
17	6025218
17	6490134
17	6986238
17	8093322
17	8278949
17	1957344
17	8395397
17	8480759
17	8662038
17	8710144
17	2029720
17	9612460
17	9698805
17	9930256
17	10068367
17	10216605
17	10239722
17	10627933
17	10905496
17	44697849
17	44745843
17	45743789
17	43728783
17	40035671
17	41707649
17	59306838
17	59468604
17	59483178
17	60305807
17	60488871
17	60921297
17	61315465
17	62031680
17	62111080
17	62910690
17	62931401
17	63168240
17	63632650
17	48330072
17	64330939
17	64488647
17	48482707
17	65397089
17	65472939
17	65752303
17	66735284
17	66932911
17	67127236
17	67470503
17	67819678
17	67944611
17	49109694
17	49607688
17	49650737
17	50513848
17	51276948
17	51417214
17	51417448
17	51779310
17	52186964
17	52286092
17	52478858
17	52943346
17	53367406
17	53861329
17	54350547
17	54470764
17	54751537
17	55515450
17	55614850
17	55970256
17	56016143
17	56079577
17	27937085
17	28591145
17	29172122
17	30319039
17	30341842
17	27310317
17	27344445
17	31687814
17	31798351
17	31826861
17	27463695
17	32542922
17	33371760
17	34048979
17	34229595
17	34520021
17	34666165
17	34681307
17	27852764
17	76881226
17	22304701
17	22375149
17	22245347
17	80718204
17	80738623
17	80875056
17	81049580
17	81294434
17	81446410
17	81691070
17	81710720
17	81714340
17	79966838
17	80219453
17	80374694
17	164114
17	39162812
17	20284715
17	19367752
17	20862967
17	21088193
17	21271757
17	21494637
17	944274
17	38919253
17	860832
17	42570011
17	77265544
17	8986824
17	77101828
17	78501696
17	78510893
17	16498368
17	77257642
17	42572258
17	19905132
17	8968438
17	18930945
17	6674484
17	38912682
17	74854994
17	74878123
17	74869116
17	74916980
17	78498968
17	78522344
17	53212569
17	44364976
17	45263569
17	14033343
17	31612357
17	71772446
17	57636638
17	66994945
17	7711283
17	12259815
17	71881278
17	56660896
17	71446680
17	55179218
17	34800756
17	77079598
17	11816355
17	61727119
17	72588126
17	76273988
17	72315370
17	21013484
17	11324791
17	4074737
17	80789780
17	47347749
17	53803457
17	9255885
17	56537300
17	55401705
17	68819496
17	81009775
17	51844030
17	70320593
17	73900120
17	82381853
17	55356685
17	1165099
17	13895312
17	63039767
17	47908048
17	11685552
17	58437097
17	27256626
17	61013024
17	4407344
17	11357303
17	51734688
17	13537613
17	34722561
17	3009425
17	66451047
17	27611650
17	10380633
17	76028555
17	3993513
17	68041289
17	78550034
17	34757548
17	2028408
17	6142047
17	6816074
17	8715558
17	13119098
17	28677685
17	48816711
17	13737413
17	77079582
17	79383025
17	15903966
17	65292530
17	3972335
17	11629975
17	48469473
17	77778693
17	7384909
17	70140997
17	65254216
17	72049771
17	80232787
17	2981251
17	6480354
17	15405887
17	62871403
17	1449407
17	34421424
17	41591788
17	3513261
17	54758465
17	50033339
17	78947947
17	73666585
17	3878637
17	67922394
17	77595311
17	80553494
17	48033103
17	33267741
17	1325928
17	71962874
17	21016191
17	41564139
17	1304173
17	79337192
17	78654093
17	12201872
17	74477414
17	53861555
17	77369426
17	79997142
17	73398006
17	48388801
17	72928542
17	63926450
17	3468885
17	42723621
17	58597544
17	12353630
17	40939055
17	6440093
17	47273752
17	52289690
17	911080
17	33717259
17	53266887
17	12901233
17	20313809
17	56213790
17	53236498
17	82968339
17	13490565
17	2571635
17	81158959
17	3212295
17	2438079
17	32578439
17	10088270
17	11278285
17	68135274
17	52488993
17	53187463
17	81086380
17	8490866
17	14782968
17	11354228
17	69797673
17	43332591
17	64621195
17	4161235
17	74941510
17	6041463
17	52078490
17	70942491
17	5233181
17	83028664
17	45891049
17	79143880
17	78894095
17	10478504
17	79341174
17	31935150
17	71457551
17	40801701
17	79145278
17	80133738
17	74177771
17	55519257
17	10143790
17	51437772
17	10268563
17	73253556
17	82409477
17	26984218
17	82365810
17	79957692
17	20019051
17	14639147
17	55658765
17	30720267
17	58180623
17	55202072
17	8381026
17	67181952
17	14587737
17	81520465
17	61149257
17	76700364
17	57411462
17	7099908
17	44937516
17	70114379
17	77879567
17	68738166
17	9432752
17	72715227
17	32751326
17	80650141
17	42271478
17	13273039
17	2725876
17	19477415
17	60452040
17	6197764
17	77805200
17	3526009
17	31756668
17	65247468
17	33127849
17	18083753
17	62591971
17	73816377
17	6374338
17	73290631
17	73290693
17	13554929
17	10140638
17	5288232
17	53794853
17	16561461
17	12786824
17	54691149
17	54698944
17	10931221
17	63150407
17	71938170
17	59403437
17	74584899
17	12185135
17	1732589
17	55412238
17	82127827
17	55674325
17	78835718
17	68549989
17	51272980
17	8691776
17	11226091
17	79034495
17	41717823
17	44174795
17	34195594
17	18363895
17	16901278
17	4033235
17	45271809
17	75576152
17	22610857
17	6134053
17	31671955
17	21375977
17	61482304
17	72329928
17	69457333
17	42904243
17	4510732
17	13662498
17	33362039
17	10229084
17	15655243
17	10226885
17	64321208
17	73146855
17	53949689
17	74151927
17	13424603
17	68713085
17	69965482
17	76941999
17	39351519
17	13458203
17	72645726
17	35450779
17	30782645
17	30247159
17	71330847
17	66695787
17	29284862
17	10856051
17	13081287
17	70693804
17	73772938
17	34559620
17	40911975
17	12185239
17	77603522
17	61468389
17	6437195
17	15169134
17	44179236
17	78934687
17	45353330
17	62175793
17	61431370
17	10260647
17	19501083
17	76646332
17	14097488
17	7370758
17	2510914
17	58988040
17	60779801
17	33484458
17	6764798
17	6313450
17	35137845
17	43423927
17	45690407
17	22461596
17	14827886
17	77852617
17	5371652
17	53443625
17	76705635
17	11205882
17	18752174
17	71038171
17	31032986
17	15129096
17	53468635
17	8106846
17	61288688
17	33375404
17	6741036
17	20095064
17	9989686
17	2438056
17	14379461
17	65738048
17	7506893
17	31772106
17	71078284
17	12735432
17	4443512
17	57910875
17	55399677
17	67902693
17	31562933
17	71488400
17	10040550
17	50906414
17	69990102
17	48338755
17	65597048
17	34133557
17	9028915
17	70541063
17	41787669
17	3773099
17	28888684
17	66457932
17	80353558
17	45031337
17	80234575
17	79447271
17	1803363
17	9972302
17	81273998
17	60696328
17	76889866
17	79542435
17	12038166
17	66378626
17	56046089
17	48767335
17	44582824
17	40066938
17	21549019
17	12610127
17	17430295
17	14264792
17	79250247
17	49915112
17	7949569
17	67073539
17	6307703
17	3518181
17	1105916
17	34178802
17	82365346
17	4575541
17	10775496
17	77446072
17	16412605
17	61553583
17	9832052
17	6059205
17	1336652
17	67008285
17	15374416
17	54881331
17	71952875
17	64312929
17	50495131
17	72035843
17	32100384
17	12003034
17	14859709
17	5867350
17	51435992
17	60231635
17	70510541
17	3309346
17	27914451
17	2338605
17	73446261
17	72777572
17	77658640
17	46792889
17	19005730
17	54684377
17	53678223
17	5825180
17	12466022
17	75960709
17	53369356
17	57194476
17	14230111
17	76930346
17	15154374
17	75923457
17	52830397
17	13206910
17	65072858
17	14993780
17	21074672
17	53544578
17	1807298
17	80278971
17	14547460
17	9001699
17	537257
17	29883685
17	41129928
17	14556019
17	1341545
17	1003028
17	7769077
17	9446859
17	72853433
17	80982174
17	75048093
17	66943819
17	82843869
17	61662761
17	17626292
17	66996835
17	30841302
17	40514976
17	12255210
17	57037828
17	70525720
17	76555886
17	41711717
17	27270217
17	62161070
17	7379825
17	72485513
17	5822198
17	82593079
17	15480356
17	58243910
17	80801771
17	6244768
17	14342890
17	66567402
17	14291646
17	60830360
17	81144773
17	70403293
17	41177453
17	56440708
17	12844974
17	72455689
17	59820248
17	53425729
17	78293337
17	55544131
17	80912058
17	33673600
17	42504025
17	29608670
17	47831039
17	7307517
17	78608709
17	33189891
17	9400982
17	20688615
17	14458686
17	64329647
17	14483631
17	17245899
17	11785489
17	70659923
17	9687002
17	60352936
17	16011672
17	56295186
17	9884993
17	51763476
17	61146880
17	46032108
17	61574927
17	54380064
17	82498745
17	71371170
17	77348945
17	40614034
17	54348157
17	70832442
17	33633229
17	43934327
17	58930767
17	70744664
17	49177549
17	70680975
17	50869864
17	35184495
17	78138747
17	14434727
17	64497711
17	30970892
17	39066873
17	49899676
17	6609150
17	43816662
17	13287270
17	8413683
17	59667051
17	39387075
17	66422151
17	3877071
17	1727290
17	15154828
17	33083254
17	13668904
17	78820117
17	27385664
17	72389426
17	40798921
17	77893530
17	47616131
17	45058827
17	27527162
17	48864455
17	4104727
17	10108559
17	15660079
17	59505506
17	13942220
17	3344358
17	49429657
17	3987135
17	68158535
17	66204123
17	45277563
17	11664003
17	69007931
17	9064063
17	54851242
17	4162929
17	79287135
17	11581504
17	13619919
17	6919229
17	55976233
17	47246927
17	5676539
17	65240936
17	70683590
17	50031260
17	9029571
17	18902574
17	53090509
17	53947138
17	65765355
17	81324790
17	70708467
17	278598
17	60095086
17	2857059
17	20963552
17	61228676
17	67428601
17	83075998
17	55931334
17	71835902
17	12937373
17	2809873
17	72860801
17	55292400
17	17057597
17	33503502
17	67657284
17	6169149
17	15339947
17	64663771
17	35419555
17	17174281
17	68986850
17	78545703
17	70097145
17	68194232
17	51613894
17	15657406
17	79236004
17	44501514
17	71028262
17	62890056
17	67414818
17	62299547
17	33512214
17	39919173
17	79448695
17	68391833
17	13247130
17	33084797
17	33123697
17	67390098
17	324330
17	10141753
17	32577713
17	60889177
17	65751560
17	56791264
17	66438154
17	1636246
17	53785442
17	74250327
17	17669070
17	41485247
17	65368123
17	62618815
17	32315243
17	73058174
17	67320121
17	52968868
17	54687804
17	62883176
17	71521518
17	78980952
17	1781478
17	15283584
17	46111701
17	57519674
17	6300370
17	53497253
17	35364884
17	17667513
17	11777468
17	44958892
17	66486033
17	82019822
17	66201141
17	55208340
17	14352968
17	72521419
17	11169692
17	45024014
17	53029353
17	13353269
17	79387479
17	57047949
17	66384156
17	1253002
17	49721363
17	63534062
17	80804141
17	9192365
17	55449318
17	16275464
17	3009769
17	47314438
17	12733418
17	49351211
17	27454494
17	17423291
17	73298028
17	74159163
17	2978582
17	81018609
17	445492
17	11794827
17	54356737
17	52367045
17	51543089
17	82113173
17	41494552
17	14594046
17	79394643
17	14271677
17	2883844
17	55519505
17	73401236
17	55436460
17	62765520
17	80573857
17	54032130
17	641507
17	10032932
17	70279391
17	71340240
17	11232276
17	8908352
17	7634474
17	13637201
17	29219612
17	61598020
17	68561318
17	15455352
17	75189562
17	56228296
17	82986017
17	73753759
17	61263498
17	43449158
17	4755676
17	50659042
17	20254644
17	48562341
17	62372926
17	78878430
17	81516973
17	68395091
17	80808540
17	34811526
17	61315595
17	10101465
17	31415709
17	31780865
17	68176021
17	6529655
17	78515861
17	63983358
17	77356091
17	68637726
17	9257238
17	64277632
17	42745452
17	11514226
17	32979135
17	76918076
17	51941954
17	75898723
17	3883162
17	51726276
17	61584191
17	43657752
17	50554246
17	55226028
17	11924350
17	57702283
17	81573423
17	6147169
17	77769523
17	81991355
17	81584038
17	78476686
17	73484097
17	73843612
17	7828039
17	83048753
17	46950635
17	41764005
17	22503227
17	31418963
17	9198852
17	81492373
17	78609040
17	6190813
17	18418940
17	259538
17	61548951
17	1896662
17	1133944
17	61444880
17	61419566
17	12545875
17	65301003
17	76039462
17	5704539
17	72174911
17	560603
17	42362183
17	67280335
17	2363505
17	1330262
17	65854429
17	4773419
17	74343918
17	78788699
17	17542789
17	40478677
17	56266423
17	6211553
17	435885
17	8000292
17	10195262
17	21501387
17	74138753
17	14737217
17	80688261
17	83093237
17	1685636
17	44472624
17	74000388
17	67998511
17	72906577
17	80971337
17	59087736
17	40062551
17	82376017
17	81019717
17	78624946
17	11321037
17	83093262
17	41073303
17	49412740
17	13455148
17	14813854
17	81664386
17	47745861
17	73998765
17	40059695
17	79454548
17	76333402
17	80210594
17	435486
17	31417481
17	71555966
17	8204661
17	14631764
17	7380407
17	78622344
17	21525491
17	81176880
17	57466600
17	79108241
17	41790153
17	4753739
17	80196425
17	68784254
17	44934540
17	14294134
17	49814542
17	80689109
17	6164797
17	6035694
17	80119750
17	31507754
17	64777143
17	48003675
17	58347349
17	12097315
17	61419916
17	10995136
17	68315191
17	12600627
17	6256059
17	34617051
17	11275836
17	11282070
17	15151510
17	51399240
17	14776061
17	50918417
17	66831183
17	66875154
17	66208473
17	5767781
17	16000288
17	56332110
17	56331441
17	11334509
17	13750563
17	57688443
17	68928414
17	3116496
17	31646303
17	35429737
17	4057142
17	4049789
17	4019454
17	4021272
17	74637023
17	74549718
17	74527120
17	74499896
17	73592044
17	73604106
17	57368710
17	57361195
17	57352650
17	53115269
17	47855975
17	44781582
17	78825941
17	76900263
17	13159199
17	66897442
17	14777067
17	20911453
17	45158742
17	71234876
17	73634871
17	43509317
17	53125172
17	53426638
17	14894556
17	75523332
17	52948392
17	60422903
17	1351581
17	60284100
17	53007935
17	51664782
17	78257514
17	73518388
17	61077849
17	33139373
17	53374484
17	67976970
17	21115995
17	66992919
17	20777824
17	169110
17	53968893
17	880340
17	66285368
17	55643265
17	70719379
17	6985286
17	66985974
17	39942782
17	54563480
17	12127792
17	14817561
17	67810037
17	45254648
17	14414622
17	80189160
17	76979096
17	56109722
17	59336686
17	80164397
17	67779997
17	34486035
17	35537688
17	72359246
17	72019093
17	34741721
17	66846807
17	72321373
17	4268553
17	80436546
17	52673712
17	1829683
17	621057
17	216884
17	32034610
17	17777405
17	44587926
17	61721230
17	10119126
17	54852962
17	68377334
17	66246920
17	54405761
17	22280491
17	81084478
17	67186329
17	18857820
17	55381043
17	57552078
17	70941726
17	65447924
17	14385283
17	835613
17	18857796
17	1617312
17	78917761
17	1788846
17	32863377
17	4248525
17	34339930
17	80437130
17	15385116
17	82786497
17	15105113
17	74947031
17	35164547
17	14223311
17	5424835
17	1533282
17	12299528
17	78291626
17	54898958
17	54390270
17	68824308
17	4571456
17	14004549
17	60524010
17	55329758
17	81050837
17	6336133
17	14812937
17	57560777
17	82392056
17	81219930
17	27940971
17	17794940
17	76691695
17	48050760
17	10328994
17	14695068
17	15046990
17	8862095
17	29049533
17	55566985
17	13901111
17	1930824
17	20916682
17	13651487
17	76483807
17	75685002
17	13128429
17	19760434
17	10532506
17	12277661
17	14718002
17	9754928
17	76946396
17	4428825
17	13887065
17	10058995
17	43705411
17	13461232
17	54688849
17	52451780
17	53624699
17	15385228
17	9822021
17	61406405
17	13679531
17	14812803
17	69864353
17	15345132
17	80498501
17	78136611
17	82650273
17	73855304
17	54894886
17	2599092
17	78911363
17	77796190
17	65319878
17	5882104
17	40657572
17	43412793
17	60877723
17	13373479
17	32374860
17	8655410
17	82064485
17	14285476
17	4082570
17	53335960
17	35513246
17	53331512
17	50326465
17	30477263
17	34806069
17	76640171
17	27964878
17	79891701
17	73151723
17	70749782
17	9909715
17	17119527
17	72687662
17	33684959
17	12479146
17	9998360
17	13189675
17	34169658
17	42342884
17	32334231
17	66578355
17	27995811
17	72943541
17	2855363
17	8420086
17	35146648
17	354968
17	34675878
17	6422894
17	50443842
17	13184711
17	13810214
17	51369535
17	6406035
17	11848734
17	11883634
17	59412005
17	22642845
17	66685960
17	77687871
17	12245505
17	70684280
17	40004501
17	28480716
17	66750938
17	54914275
17	18917144
17	53232116
17	81069175
17	73801418
17	9361411
17	1999594
17	53228656
17	53227174
17	53226919
17	76599950
17	362940
17	57258907
17	74475940
17	56863030
17	15516275
17	54059744
17	14752003
17	60431221
17	8752097
17	58631756
17	58154954
17	78353915
17	68829799
17	69412521
17	9341915
17	68641793
17	77418276
17	5685747
17	78420744
17	73433637
17	13679731
17	60302906
17	6581611
17	18704473
17	71749610
17	69157245
17	9451187
17	72725568
17	7504008
17	66573774
17	61023623
17	51893363
17	69934805
17	54063470
17	76968178
17	40896645
17	67002887
17	33064452
17	4676343
17	59331211
17	77566005
17	67480214
17	52753637
17	9935288
17	74641126
17	79096944
17	57996767
17	11347684
17	53552642
17	1581028
17	13069202
17	74810882
17	16952564
17	79075961
17	8358022
17	12659120
17	51549774
17	11728208
17	70935271
17	4848965
17	78790918
17	20737011
17	77575461
17	14798086
17	70056810
17	80389254
17	42299625
17	5690965
17	12647528
17	56561587
17	51763182
17	11586940
17	16613435
17	6157902
17	66689930
17	56936856
17	62672172
17	74876293
17	59443847
17	35548243
17	62377715
17	6402189
17	79438384
17	81130962
17	55547746
17	49037676
17	29909627
17	12346176
17	10834447
17	14145450
17	65567163
17	53850184
17	9402853
17	73181000
17	7666380
17	13492104
17	79657223
17	50890014
17	79176492
17	74305293
17	61237784
17	13831642
17	59386621
17	76625216
17	9923461
17	4773788
17	75260452
17	81121344
17	8058059
17	51875498
17	4481483
17	44955857
17	15291407
17	32274326
17	5865609
17	64785461
17	47506009
17	77671116
17	59784634
17	75817169
17	14618784
17	74255038
17	78661116
17	33538984
17	78961249
17	44621647
17	67200251
17	79986706
17	42571083
17	14626021
17	19642521
17	13969527
17	66466542
17	76950204
17	69814261
17	40663989
17	4338883
17	31742184
17	5865669
17	76297018
17	1771135
17	11819771
17	56781041
17	80038204
17	66796013
17	6428483
17	33408271
17	47405491
17	68704824
17	31589625
17	53544877
17	65117042
17	29019536
17	44777242
17	70765684
17	60601416
17	55486612
17	61733070
17	11123742
17	4013529
17	68066985
17	13929145
17	10053004
17	20835272
17	15207095
17	53440675
17	77667194
17	34305464
17	77275705
17	68816766
17	39617011
17	75783117
17	27968311
17	78715230
17	32184255
17	33807399
17	79426597
17	13069692
17	14033214
17	81291901
17	27263729
17	70216409
17	1671112
17	77573779
17	34560588
17	79749785
17	76572329
17	5892433
17	82538895
17	65090892
17	29111451
17	8121490
17	68752857
17	6344148
17	54478253
17	63772941
17	44406951
17	56967916
17	13981861
17	74568392
17	14850153
17	6892329
17	19508169
17	76170788
17	59131560
17	77616482
17	2216181
17	77677068
17	57143588
17	71293794
17	68607685
17	59027862
17	2512056
17	3134183
17	13070274
17	4017138
17	47258786
17	68167090
17	55635526
17	73962673
17	4846535
17	15082170
17	81544109
17	1923345
17	72070171
17	57690083
17	60535969
17	62818902
17	80597842
17	54262194
17	10233703
17	61076657
17	80130338
17	74149033
17	72061879
17	13020670
17	7044260
17	67234875
17	56202750
17	1365389
17	57034731
17	62643001
17	4786743
17	62606142
17	4860256
17	15012285
17	21181579
17	75823444
17	66340903
17	68167654
17	80360406
17	72703727
17	72467317
17	60312662
17	79295229
17	31289614
17	59873104
17	20336514
17	31843360
17	65233637
17	6830353
17	60775855
17	79871000
17	72660156
17	40010626
17	74935424
17	4875192
17	7093334
17	32971688
17	77185016
17	80251256
17	8051996
17	50253583
17	3577102
17	45930735
17	32636220
17	15108623
17	67825050
17	71197639
17	3616421
17	5859314
17	77297220
17	60239372
17	16419050
17	7694160
17	6089995
17	17857475
17	6839353
17	39936460
17	3264033
17	31891298
17	5496857
17	55572368
17	53868086
17	60601951
17	46084075
17	70194685
17	71002135
17	81501548
17	8531887
17	20758454
17	10029208
17	74359792
17	10617383
17	66241025
17	57877042
17	41550334
17	49769863
17	77981907
17	67215926
17	47006913
17	13636148
17	2816047
17	14641338
17	14708294
17	22503787
17	52831183
17	55533257
17	10064697
17	21177642
17	27702501
17	18798907
17	73603214
17	77842944
17	13298226
17	73668871
17	80570203
17	72669254
17	68276036
17	66589239
17	60939664
17	73027350
17	49865045
17	60818836
17	69173359
17	70891170
17	18375203
17	80608893
17	34101412
17	46981076
17	80997483
17	80310187
17	2319031
17	29805464
17	42122182
17	5492063
17	48694838
17	10177064
17	20622548
17	80708769
17	62308575
17	3167182
17	62207844
17	66712748
17	5365837
17	33725978
17	77924902
17	20200247
17	66288266
17	55885594
17	5980920
17	34093587
17	3516395
17	74657093
17	2661715
17	9062234
17	75097631
17	57150309
17	10060652
17	933301
17	73978472
17	75949448
17	12858057
17	14441141
17	53614394
17	15171289
17	73407133
17	50248951
17	14529038
17	30349509
17	27935494
17	72861558
17	13544989
17	78199221
17	29017086
17	68569922
17	42246955
17	77088933
17	56038364
17	49862395
17	57630467
17	14456832
17	34741361
17	30688914
17	9396878
17	80066068
17	2107303
17	29977999
17	12641737
17	4743707
17	74497615
17	35295755
17	80119554
17	69381921
17	69404009
17	43078507
17	58254346
17	66217986
17	66210605
17	78925708
17	41505437
17	81504869
17	75610194
17	75619882
17	75736441
17	75645634
17	75654415
17	75590277
17	75597493
17	75750065
17	58345753
17	674940
17	7736431
17	50152080
17	50107013
17	81651029
17	49238897
17	44076643
17	43751928
17	18114949
17	18156878
17	18148661
17	18131705
17	18185916
17	72542153
17	7626953
17	15892826
17	15922707
17	10935792
17	6458468
17	73369175
17	79374999
17	82800322
17	57326561
17	9081585
17	49471574
17	74494315
17	57544236
17	79465813
17	9090584
17	79416097
17	77345322
17	73429355
17	8579088
17	65654879
17	57635901
17	77532883
17	1414467
17	66630415
17	79862022
17	75820763
17	61424958
17	82568514
17	50067730
17	8941359
17	5799748
17	12929662
17	27458716
17	4448345
17	31721896
17	79417347
17	47263878
17	81187772
17	10175340
17	34420045
17	34072955
17	57740052
17	34205655
17	34730690
17	34590255
17	34577567
17	19742625
17	68942878
17	56464155
17	72494101
17	72494923
17	57584109
17	55348302
17	68448194
17	5855200
17	5862033
17	50026571
17	48551870
17	48642037
17	73248491
17	34483424
17	54303927
17	80030294
17	29582334
17	32281827
17	79855003
17	76874715
17	76920225
17	78489579
17	76545801
17	41551646
17	79306866
17	79306920
17	76397600
17	82946434
17	79268119
17	79277537
17	81413651
17	21169029
17	73739639
17	73739346
17	80621190
17	33923088
17	33757510
17	74959428
17	74956693
17	1330341
17	1329945
17	2188906
17	64160140
17	27333163
17	81192172
17	17450979
17	59662714
17	39634118
17	6459067
17	6416621
17	6417199
17	66055713
17	797882
17	807077
17	3860639
17	6071723
17	45081306
17	6301377
17	6307508
17	19766949
17	15017748
17	5784397
17	68439925
17	56103582
17	1104300
17	76942978
17	7459769
17	18323767
17	38853897
17	76798375
17	17441339
17	5606938
17	40928252
17	82615396
17	47025047
17	34138790
17	48592068
17	78483307
17	78568229
17	69573662
17	69889358
17	70132118
17	70489547
17	70584176
17	71102660
17	71493434
17	71892392
17	76215788
17	77606041
17	82966831
17	11883252
17	12010790
17	12703359
17	13484926
17	2490025
17	13825358
17	14810984
17	14989427
17	15006395
17	3438708
17	5529085
17	5900755
17	6128138
17	39820216
17	41866556
17	54650940
17	54924095
17	56194659
17	56316279
17	58150642
17	58770584
17	60090961
17	62850993
17	45378976
17	64545191
17	65907853
17	46109891
17	46956636
17	48340929
17	50790712
17	51456451
17	51636860
17	34131830
17	6559755
17	10791938
17	77374386
17	8426647
17	4677537
17	81218646
17	3957260
17	13367215
17	13897980
17	13898181
17	75851532
17	8429280
17	53477407
17	6478619
17	35360397
17	74809644
17	27558405
17	9023857
17	9031446
17	27765011
17	17880434
17	65208912
17	62352349
17	6755650
17	52493576
17	6383206
17	66522389
17	56372677
17	75373341
17	70814197
17	14261498
17	73998567
17	5580617
17	73770060
17	72759693
17	6947049
17	44991260
17	39863888
17	66333079
17	51536424
17	33463232
17	33561186
17	39440932
17	27859860
17	57624109
17	6144794
17	231670
17	42070620
17	34829519
17	10227528
17	228591
17	13492478
17	51233294
17	52239916
17	28867616
17	71330442
17	22066938
17	79420858
17	11490579
17	66432494
17	67747327
17	73349950
17	2835767
17	82963169
17	12053675
17	53619989
17	43736001
17	9016313
17	279666
17	57743579
17	27770105
17	79936357
17	41929871
17	70703375
17	40779560
17	58148351
17	14250237
17	65330092
17	34556237
17	52117908
17	71119005
17	62344553
17	69188326
17	6662428
17	58395898
17	35412930
17	65659263
17	12644408
17	68812218
17	75288817
17	52838699
17	38891405
17	51259432
17	21474904
17	13489156
17	54930064
17	70167819
17	60647880
17	64196964
17	42979158
17	12635676
17	18668053
17	73565238
17	29094472
17	17634694
17	55811930
17	16604784
17	72844832
17	55584475
17	73288920
17	53535874
17	78582441
17	9962110
17	65328733
17	43381246
17	80617225
17	66788065
17	48661521
17	33252854
17	77024209
17	67875443
17	50526142
17	73537753
17	10160214
17	70909511
17	70665739
17	66319451
17	4757213
17	69976133
17	75915634
17	3977836
17	4147521
17	29777288
17	33509974
17	34202261
17	54859747
17	8796860
17	70800247
17	55497013
17	16073244
17	8977561
17	6767713
17	8253992
17	62712044
17	40743569
17	51505283
17	50805770
17	70205980
17	16011758
17	2913765
17	70645262
17	72069706
17	13358970
17	12174462
17	56623425
17	58200905
17	70115828
17	67076444
17	51299749
17	65717545
17	31714157
17	62904608
17	77708204
17	8084198
17	34015216
17	66240823
17	65726689
17	68536749
17	56544506
17	11817280
17	77991209
17	11817346
17	50932591
17	14966643
17	41422558
17	63599175
17	68837813
17	12961345
17	5102453
17	436199
17	66763470
17	77875155
17	11184577
17	74046107
17	9491914
17	3981371
17	5949343
17	80818958
17	13477607
17	59344305
17	9098914
17	5675537
17	39094813
17	71644433
17	83013582
17	78176086
17	18312817
17	3215439
17	70595500
17	13103941
17	2433076
17	51103501
17	10946637
17	12708026
17	11319417
17	77905100
17	13310488
17	65860383
17	78866023
17	11826118
17	8742840
17	11991652
17	47207421
17	6309259
17	51854163
17	79167482
17	11305119
17	72049038
17	14611092
17	10789276
17	78931004
17	17203870
17	70955653
17	72103346
17	281644
17	33902557
17	1213697
17	14847126
17	16887303
17	63960325
17	10077732
17	53803920
17	78507445
17	51824329
17	70683968
17	830498
17	11541218
17	12708129
17	82523212
17	4048652
17	9710400
17	9467306
17	62366469
17	63814307
17	2822239
17	508129
17	14619980
17	11870070
17	28855926
17	912428
17	409123
17	73063706
17	2829582
17	74383030
17	12833510
17	3131695
17	63269346
17	68694445
17	47929663
17	54907524
17	72311100
17	66700367
17	65177638
17	38924064
17	66642654
17	6740820
17	11084916
17	49048620
17	78647944
17	60476004
17	41309690
17	33431161
17	9161355
17	20004970
17	74168265
17	73778509
17	70230180
17	56140130
17	20733389
17	29136446
17	59435596
17	2990371
17	34675653
17	10932674
17	28227749
17	65864777
17	69929394
17	54178864
17	81415451
17	78180086
17	61519987
17	29197483
17	1416819
17	71151401
17	80660500
17	53236604
17	10784575
17	34121249
17	66605807
17	68821725
17	11196085
17	53804262
17	12586791
17	44572414
17	76879352
17	77256693
17	11564374
17	54566605
17	81355164
17	62420708
17	64182390
17	79347425
17	53037289
17	31790099
17	6269786
17	12331967
17	80495557
17	55783072
17	6622541
17	3015198
17	55916521
17	76605194
17	68328623
17	13328571
17	3738022
17	43661455
17	33613795
17	53570090
17	3875185
17	34781953
17	72714837
17	34574920
17	59648994
17	50710836
17	33431120
17	57164881
17	12332222
17	31104389
17	3215088
17	10938105
17	48976466
17	49029516
17	59754829
17	9165131
17	19456936
17	632287
17	80751840
17	66734511
17	27665251
17	14726429
17	48751050
17	58092402
17	11126268
17	62108516
17	6649848
17	42223863
17	13997132
17	13346160
17	29442580
17	28268381
17	30170241
17	81137595
17	14976006
17	55663712
17	80648576
17	65946135
17	9417870
17	52681991
17	68324720
17	79173272
17	14572958
17	53737853
17	65212088
17	67748229
17	13159478
17	54934696
17	65338547
17	34094501
17	5334041
17	60311418
17	79459874
17	41316590
17	69036128
17	50719191
17	70924743
17	18371829
17	5824380
17	61253407
17	9079276
17	2513302
17	82506738
17	68798290
17	81264100
17	8711260
17	50301840
17	81061908
17	4052308
17	7580783
17	3440240
17	43690607
17	34137135
17	83005455
17	68220670
17	56087574
17	80921353
17	6067217
17	77068055
17	69780037
17	55904993
17	41754279
17	9410624
17	56354003
17	445986
17	78508249
17	53173720
17	67074188
17	16673295
17	30149440
17	79360161
17	31787121
17	14912907
17	51854654
17	52729860
17	6266925
17	3579005
17	61558063
17	10854157
17	56634236
17	10012253
17	20112115
17	42185329
17	75239647
17	68796394
17	73192144
17	77920078
17	33419657
17	66643151
17	19631121
17	55327898
17	14566051
17	8846744
17	62805428
17	9516484
17	55467309
17	40121215
17	83041670
17	59219800
17	72095292
17	51420199
17	13423926
17	7772411
17	10331517
17	51364817
17	65666442
17	13526348
17	67333242
17	33785871
17	80620144
17	73813198
17	73719193
17	57319136
17	32113996
17	64233879
17	71545989
17	30673001
17	28673373
17	73719217
17	74670881
17	71372270
17	57289198
17	39060164
17	46092442
17	12202636
17	3124956
17	66928779
17	7231004
17	67347881
17	9435415
17	31796472
17	8047831
17	33575480
17	72794638
17	49432418
17	55968960
17	77812149
17	82536367
17	17554454
17	70145565
17	34542932
17	71929883
17	55843775
17	56840278
17	16876098
17	61373080
17	73597204
17	51393218
17	4675635
17	34070048
17	6469180
17	5948522
17	50858704
17	15717903
17	66168196
17	41858959
17	55551599
17	80299014
17	2606067
17	12734054
17	17320362
17	7782430
17	12751764
17	6004200
17	12420814
17	51799101
17	13718644
17	79291911
17	29177903
17	82833593
17	73658838
17	71078638
17	82950298
17	15172288
17	81043459
17	82981665
17	74694690
17	74393143
17	51381682
17	31858546
17	29228810
17	79283553
17	60582922
17	66932230
17	10575406
17	44228338
17	282127
17	73592890
17	59564145
17	1445740
17	4375540
17	14411788
17	9446413
17	33888184
17	75266671
17	63557177
17	3283161
17	73729108
17	561592
17	42461423
17	77859373
17	47808321
17	60081537
17	73292729
17	75010901
17	2893719
17	20961795
17	41824648
17	17867651
17	3835696
17	73572725
17	74074633
17	79144290
17	56316150
17	4104581
17	39615493
17	77742832
17	70735078
17	11176399
17	10113391
17	77363308
17	70074825
17	8747640
17	80080303
17	55831728
17	54765170
17	65087713
17	13705680
17	40230223
17	80958766
17	78540264
17	11963574
17	44930583
17	75816828
17	6243826
17	80821755
17	10113299
17	53753245
17	31557754
17	33733690
17	65288348
17	7564144
17	80921660
17	240638
17	13046413
17	80327674
17	20553209
17	52396748
17	43169893
17	5088819
17	78022011
17	75877313
17	2436022
17	62827451
17	35256583
17	13032223
17	2864931
17	55810605
17	9966826
17	13140986
17	21370216
17	67507049
17	4003917
17	32127701
17	75215547
17	59969395
17	14985921
17	14119798
17	16997733
17	80182492
17	10571872
17	2882764
17	10332473
17	14752375
17	71245852
17	62351641
17	31729919
17	14706639
17	4395961
17	70127096
17	78081619
17	20387706
17	31502604
17	76671725
17	74573505
17	49883332
17	43746034
17	77053563
17	77838688
17	6757661
17	57722632
17	56452178
17	62019720
17	9545562
17	54914907
17	62194563
17	73065976
17	8839513
17	17530645
17	31512678
17	81511890
17	65644559
17	77270169
17	50953235
17	77834041
17	44579393
17	15509495
17	33524698
17	60838698
17	76880791
17	3545140
17	83064582
17	82515201
17	66658797
17	21005732
17	8068322
17	21223745
17	78685744
17	8385063
17	59133360
17	40867785
17	61286372
17	43036325
17	57818287
17	50370038
17	71032906
17	82985809
17	3309564
17	55283326
17	55367769
17	6655010
17	12907573
17	57840558
17	7542055
17	2549329
17	50432604
17	73851692
17	17312268
17	69216433
17	66732589
17	20931611
17	43367777
17	82001783
17	50960991
17	51651639
17	79391468
17	76983603
17	42166716
17	2064326
17	82633722
17	32709475
17	65598911
17	31500387
17	8135316
17	30382868
17	73554726
17	28303453
17	74420158
17	29243604
17	12182323
17	53823885
17	18016435
17	66528579
17	2929432
17	75420733
17	12339585
17	10269219
17	59614141
17	48471282
17	10244517
17	64223227
17	13916414
17	68772150
17	1800688
17	72078007
17	11312688
17	10861892
17	6515004
17	9363525
17	1898298
17	76744318
17	4928495
17	63527925
17	10136750
17	6450109
17	48707366
17	78366809
17	55750273
17	3878470
17	39033888
17	21567467
17	52725274
17	34329583
17	60945034
17	6022157
17	76376678
17	57020778
17	70259109
17	9806629
17	14388615
17	9107126
17	80443420
17	73379685
17	72581066
17	82426462
17	14949731
17	71093366
17	12361782
17	55593328
17	55456223
17	67498619
17	52395187
17	73689132
17	78145052
17	51441990
17	4305838
17	17844200
17	79698811
17	71109443
17	9821962
17	14358343
17	40731547
17	9180355
17	80734618
17	73571371
17	81252051
17	8624517
17	43526514
17	6751600
17	56085883
17	20061462
17	56589374
17	15706853
17	4179947
17	65398642
17	78588868
17	15190863
17	80547587
17	68986306
17	9433341
17	5855770
17	8052410
17	73041942
17	5494914
17	13985504
17	70521289
17	64754247
17	63083406
17	45227764
17	3769220
17	72992752
17	51177088
17	78947889
17	42787442
17	82050516
17	14715939
17	34574442
17	34260706
17	10866963
17	33582864
17	75285425
17	54225950
17	10577527
17	39651445
17	39555312
17	33238758
17	68395135
17	62148091
17	35426611
17	33941002
17	33968121
17	55509832
17	57087866
17	68639977
17	73304768
17	53990600
17	10295512
17	78475597
17	48910303
17	30831822
17	10414191
17	10464472
17	10499015
17	10509483
17	10516479
17	11699884
17	14159926
17	15328069
17	1653994
17	16006548
17	16623155
17	16623386
17	18348412
17	19572825
17	19671805
17	19936381
17	2674101
17	28617227
17	28618925
17	28714711
17	28724531
17	30318901
17	31575509
17	3216521
17	34287152
17	3398183
17	35352826
17	35576183
17	39729590
17	39924030
17	40053565
17	40750375
17	40781187
17	40962402
17	40963754
17	41489411
17	41732718
17	42495058
17	42852760
17	43067603
17	43093009
17	43811191
17	45999435
17	46171783
17	46755371
17	47828496
17	48029177
17	48769030
17	48853014
17	48931670
17	4956597
17	586268
17	5092057
17	5183569
17	5221265
17	54999344
17	55767436
17	5481296
17	56994980
17	59197745
17	59661648
17	59890826
17	60046082
17	60192844
17	62736117
17	63710728
17	63918017
17	64526141
17	65689131
17	6624781
17	67945450
17	67991963
17	68426177
17	69137413
17	69187680
17	70133176
17	72947726
17	73242307
17	7258910
17	7309802
17	74253834
17	74704473
17	75017114
17	75136068
17	7426045
17	75840956
17	76743396
17	7580784
17	7583917
17	7586777
17	7739877
17	7757239
17	7770413
17	7774905
17	7818090
17	81707020
17	82265743
17	8237440
17	8518629
17	8797840
17	9842617
17	413147
17	413429
17	627279
17	770464
17	776866
17	999531
17	1050052
17	1477890
17	1482477
17	1538927
17	1634838
17	1776652
17	1783151
17	1786809
17	1786881
17	1799930
17	1811971
17	1883949
17	2033787
17	2043073
17	2317996
17	2324504
17	2329343
17	2329355
17	2330513
17	2330562
17	2414394
17	2420726
17	2676606
17	3092483
17	3443272
17	3494392
17	3494464
17	3530026
17	3573642
17	3640269
17	3690065
17	3714861
17	3716799
17	3723286
17	3759554
17	3763911
17	3813117
17	3883482
17	3903546
17	4070798
17	4538976
17	4539918
17	4552488
17	4552548
17	4631645
17	4691418
17	4718266
17	4733062
17	4783016
17	4809125
17	4821792
17	4933190
17	4956572
17	4990151
17	5109769
17	5183954
17	5221264
17	5350450
17	5373459
17	5533304
17	5559796
17	6434083
17	6595047
17	6610100
17	6624802
17	6628507
17	6651500
17	6760405
17	6800112
17	6800742
17	6819192
17	7009891
17	7013643
17	7075223
17	7075736
17	7221613
17	7223151
17	7224011
17	7252998
17	7253003
17	7286531
17	7313212
17	7403211
17	7421561
17	7442792
17	7455457
17	7496346
17	7583918
17	7585757
17	7592249
17	7626752
17	7630710
17	7630761
17	7669616
17	7673820
17	7739939
17	7774839
17	7774976
17	7791984
17	7793029
17	7798318
17	7830842
17	7845970
17	7903353
17	7925930
17	7927688
17	7937262
17	7948328
17	8080725
17	8112091
17	8114483
17	8115623
17	8232217
17	8237446
17	8248018
17	8254303
17	8265640
17	8289888
17	8289981
17	8369712
17	8369802
17	8492297
17	8604821
17	9491847
17	9505056
17	9594322
17	9612316
17	9612349
17	9628825
17	9632908
17	9632932
17	9641836
17	9701250
17	9772766
17	9842616
17	9854601
17	10306459
17	10311910
17	10319038
17	10320493
17	10346779
17	10354894
17	10354994
17	10359959
17	10360160
17	10360161
17	10392565
17	10393129
17	10393162
17	10394248
17	10395131
17	10399542
17	10412612
17	10444971
17	10447030
17	10447816
17	10448391
17	10448917
17	10451453
17	10454988
17	10455035
17	10462860
17	10466694
17	10498972
17	10501589
17	10512786
17	10516434
17	10516573
17	10533379
17	10535367
17	10539439
17	10633629
17	10634012
17	10635734
17	10642412
17	10705357
17	11640389
17	11669709
17	11680894
17	11690441
17	11699730
17	11701226
17	11704350
17	11739042
17	11757697
17	11822051
17	11869133
17	11891952
17	11894389
17	11933988
17	11961948
17	11969419
17	12705193
17	12995007
17	14077002
17	14077038
17	15259184
17	15308731
17	15312254
17	15319072
17	15328051
17	15331042
17	15331327
17	15503093
17	15706502
17	15708155
17	15974983
17	15975219
17	15987264
17	16002019
17	16006475
17	16027385
17	16061401
17	16080066
17	16299886
17	16426269
17	16433614
17	17202953
17	17203082
17	17222501
17	17866917
17	17988098
17	17997500
17	18024705
17	18058969
17	18125232
17	18142121
17	18172292
17	18251679
17	18292644
17	18317043
17	18318145
17	18347491
17	18775183
17	18882643
17	19542494
17	19560493
17	19577386
17	19657840
17	19681530
17	19712703
17	19748425
17	19777581
17	19781892
17	19846736
17	19958389
17	20205914
17	20236859
17	20260294
17	21172017
17	22299488
17	27798767
17	28330410
17	28331859
17	28340365
17	28367451
17	28400605
17	28558556
17	28579459
17	28586088
17	28592156
17	28611562
17	28613285
17	28617230
17	28619895
17	28635113
17	28644058
17	28715456
17	28734188
17	28738669
17	28740462
17	28758380
17	28766718
17	28859060
17	28859272
17	28906980
17	28957347
17	29116456
17	29254344
17	29467221
17	29610771
17	29667130
17	30051218
17	30053737
17	30053740
17	30181021
17	30184961
17	30203167
17	30443967
17	30887372
17	30945053
17	31206297
17	31232852
17	31337367
17	31521365
17	31878697
17	31880702
17	31889404
17	31998938
17	32201057
17	32209378
17	32294390
17	32294442
17	32361478
17	32659115
17	32775862
17	35016547
17	35119114
17	35137860
17	35164167
17	35258995
17	35259561
17	35259629
17	35264239
17	35265403
17	35360373
17	35363573
17	35363790
17	35411691
17	35411929
17	35422509
17	35445617
17	35479804
17	35576073
17	35624587
17	38962945
17	39407566
17	39653755
17	39746202
17	39873042
17	39904966
17	39966307
17	39972613
17	39974329
17	40184213
17	40262646
17	40301571
17	40400850
17	40416000
17	40636395
17	40664999
17	40698547
17	40699998
17	40700063
17	40751178
17	40753860
17	40835164
17	40861759
17	40877418
17	40928609
17	40930041
17	40931428
17	40936208
17	40962161
17	40966514
17	40983827
17	41167588
17	41378147
17	41438088
17	41460221
17	41478974
17	41479694
17	41479698
17	41503638
17	41518365
17	41568503
17	41568597
17	41569426
17	41569485
17	41571401
17	41583127
17	41583760
17	41585059
17	41586310
17	41725898
17	41727048
17	41727776
17	41732031
17	41763261
17	41813284
17	41827426
17	41828785
17	41828855
17	41854393
17	41871689
17	41892421
17	41898631
17	41901786
17	41936760
17	41936927
17	41936928
17	41936932
17	41990259
17	41994865
17	42021873
17	42120225
17	42130332
17	42210171
17	42461011
17	42585125
17	42717975
17	42762468
17	42795612
17	42845613
17	42907547
17	42909364
17	42909374
17	42950729
17	42955837
17	42970287
17	42987301
17	43025965
17	43094707
17	43139884
17	43194461
17	43196596
17	43492292
17	43492709
17	43493851
17	43507611
17	43507950
17	43529167
17	43854045
17	43881244
17	44075452
17	44075456
17	44145202
17	44150959
17	44190859
17	44194675
17	44380302
17	44678861
17	44683917
17	44734163
17	44736871
17	44750624
17	44901047
17	44901104
17	45256043
17	45256375
17	45999360
17	47151921
17	47219940
17	47222459
17	47290274
17	47292143
17	47412917
17	47652876
17	47944716
17	48033914
17	48170604
17	48345905
17	48345992
17	48346004
17	48607964
17	48804803
17	48848082
17	48848083
17	48862304
17	48862910
17	48862953
17	48922944
17	48936977
17	49041500
17	49045070
17	49159166
17	49705123
17	49841547
17	50074294
17	50375184
17	50375743
17	50380907
17	50483765
17	50523683
17	50591858
17	50677929
17	50746008
17	51170050
17	53823588
17	53823966
17	53824186
17	53824471
17	54915744
17	55034257
17	55047096
17	55078129
17	55081051
17	55159807
17	55401464
17	55771113
17	55771186
17	56372663
17	56456960
17	56815755
17	56848816
17	56981223
17	56991158
17	56998503
17	57002139
17	57872857
17	58203305
17	58203318
17	58204292
17	58208104
17	58216088
17	58216138
17	58218618
17	58495521
17	58543211
17	58543793
17	58565745
17	58569262
17	58573309
17	58585910
17	58602577
17	58709991
17	58724038
17	59079749
17	59088391
17	59131276
17	59185488
17	59195424
17	59389468
17	59644488
17	59878098
17	59936277
17	59957223
17	60043981
17	60047344
17	60048319
17	60055571
17	60067433
17	60070706
17	60073222
17	60223406
17	60663004
17	60663262
17	60663388
17	60910707
17	61715951
17	61780839
17	61780893
17	61799200
17	61849152
17	61859796
17	61884934
17	61911940
17	61952960
17	62052650
17	62736660
17	62759994
17	63340337
17	63388762
17	63411688
17	63415674
17	63483494
17	63579943
17	63606445
17	63710785
17	63818277
17	63824241
17	63824380
17	63964479
17	63964512
17	64068190
17	64075202
17	64079662
17	64492687
17	64504677
17	64514360
17	64516770
17	64521532
17	64534645
17	64534666
17	64536653
17	65053705
17	65533907
17	66029990
17	66096249
17	66223776
17	66228015
17	66228020
17	66496283
17	66738821
17	66884621
17	67056141
17	67120405
17	67357518
17	67578257
17	67940656
17	68307716
17	68368745
17	68385173
17	68426070
17	68429991
17	68444492
17	68543714
17	68883846
17	68903371
17	68903431
17	68918127
17	68921426
17	68937117
17	68982598
17	68982642
17	69012037
17	69043550
17	69043716
17	69045171
17	69083207
17	69084427
17	69089465
17	69152041
17	69175448
17	69190479
17	69260414
17	69285946
17	69289176
17	70132190
17	70132342
17	70132554
17	70132724
17	70133165
17	73203151
17	73235969
17	73242258
17	74253838
17	74287103
17	74525832
17	74588738
17	74777263
17	75019760
17	75039251
17	75148524
17	75209985
17	75215817
17	75486417
17	75495965
17	75523784
17	75703864
17	75704806
17	75730509
17	75764351
17	75848565
17	75910791
17	75910807
17	75926379
17	75938147
17	75953467
17	76060385
17	76101258
17	76161649
17	76291228
17	76291324
17	76293223
17	76293673
17	76328864
17	76348582
17	76479942
17	76566211
17	76573232
17	76626288
17	76720488
17	76743447
17	77191312
17	77475536
17	78191009
17	78486009
17	78486121
17	78492628
17	78501281
17	78532615
17	78567168
17	78812855
17	78836138
17	79083128
17	80040003
17	80040034
17	80089763
17	80118668
17	80202219
17	80307176
17	80317251
17	80343856
17	80344852
17	80344930
17	80380987
17	80385626
17	80386431
17	80389868
17	80390159
17	80425035
17	81510679
17	81596116
17	81656574
17	81667778
17	81671757
17	81683011
17	81704435
17	81958363
17	82027385
17	82027756
17	82171734
17	82183796
17	82183934
17	82362311
17	82405324
17	82616027
17	83014454
17	83048542
17	83048668
17	83048702
