19	11617889
19	15929521
19	17198235
19	1785589
19	18010237
19	35538596
19	38370052
19	38457518
19	39031030
19	40710120
19	41121527
19	42248996
19	42297204
19	44328243
19	44477887
19	45358862
19	45677756
19	48090364
19	48333220
19	49543160
19	50460050
19	50632742
19	51586670
19	57128870
19	57604391
19	6177263
19	815834
19	9341816
19	15914366
19	41090110
19	41012471
19	17505874
19	53140611
19	44131440
19	15878699
19	871635
19	1058028
19	1356335
19	1356344
19	1398797
19	2834105
19	2834108
19	2852676
19	2852703
19	2853642
19	2853810
19	2917564
19	2917766
19	2933513
19	2933522
19	2933933
19	3474919
19	3542946
19	4284805
19	4327195
19	5719698
19	5724838
19	5727266
19	5766129
19	6161284
19	6177264
19	6187358
19	6465592
19	6750544
19	6857062
19	6897202
19	6904184
19	6919747
19	6921872
19	6926506
19	7082981
19	7083117
19	7083254
19	7083277
19	7083485
19	7485911
19	7938168
19	8057806
19	8316628
19	8813224
19	8858593
19	8884989
19	8945579
19	8948753
19	8950221
19	8953803
19	8960062
19	8962313
19	8964246
19	8965219
19	8966534
19	8973403
19	8974160
19	8974371
19	8975024
19	8975077
19	8976999
19	8978898
19	8980953
19	9114932
19	9115087
19	9115419
19	9161419
19	9214791
19	9251814
19	9295526
19	9296219
19	9339277
19	9341147
19	9341887
19	9341969
19	9342084
19	9342692
19	9342858
19	9343033
19	9378331
19	9379031
19	9381196
19	9381254
19	9381385
19	9381404
19	9414381
19	9414457
19	9466849
19	9467678
19	9469681
19	9566728
19	9610648
19	9610653
19	9611121
19	9619475
19	9653655
19	9757569
19	9758354
19	10140070
19	10835023
19	10863190
19	11120156
19	11202430
19	11298900
19	11349195
19	11405158
19	11617420
19	11617608
19	11806015
19	11830386
19	11832515
19	11832620
19	11832715
19	11866275
19	11867363
19	11867394
19	11948438
19	11949515
19	11950201
19	11977098
19	12014953
19	12016357
19	12044216
19	12044308
19	12044687
19	12044768
19	12044809
19	12044881
19	12044893
19	12074042
19	12076137
19	12076501
19	12076743
19	12272614
19	12273231
19	12322607
19	12349979
19	12350445
19	12350640
19	12350926
19	12391081
19	12391775
19	12430550
19	12431233
19	12464294
19	12465105
19	12526729
19	12609159
19	12623757
19	12629042
19	12629238
19	12680202
19	12747450
19	12858579
19	12899349
19	12899486
19	12973419
19	13115689
19	13285158
19	14489565
19	14610120
19	14718762
19	14752361
19	14772468
19	14880560
19	14941999
19	15403580
19	15548179
19	15658745
19	15685171
19	15728763
19	15741411
19	15742102
19	15742275
19	15889588
19	15949066
19	15949933
19	16490476
19	16500797
19	16509734
19	16749879
19	16993508
19	17000459
19	17011490
19	17049896
19	17219736
19	17227108
19	17264349
19	17537382
19	19679619
19	19712093
19	19712108
19	19712192
19	19712226
19	19712426
19	19892016
19	19915402
19	19916613
19	20006057
19	20006082
19	20006719
19	20119135
19	20197912
19	20197963
19	20624302
19	20624940
19	20625084
19	20645412
19	20950013
19	20950131
19	20950190
19	21057989
19	21098864
19	21116958
19	21118009
19	21293370
19	21424613
19	21530677
19	21537625
19	21726813
19	21809235
19	21972034
19	21987262
19	22072835
19	22073558
19	22089136
19	22180141
19	22392127
19	22402824
19	22756560
19	22757016
19	22757144
19	23360330
19	23653443
19	23743944
19	23744533
19	23744717
19	24127427
19	24127883
19	29208148
19	29615317
19	32411315
19	32482161
19	32585916
19	32646464
19	32842279
19	32915393
19	32953752
19	33088159
19	33114377
19	33130134
19	34739594
19	34741426
19	34759264
19	34760002
19	34944749
19	34944819
19	34958162
19	34959513
19	35285002
19	35538597
19	35543453
19	35546723
19	35723496
19	35787204
19	36094086
19	36183120
19	36183297
19	36194271
19	36237186
19	36340598
19	36341005
19	36393280
19	36449829
19	36548284
19	36626780
19	36639087
19	36819155
19	36823330
19	36915124
19	37344755
19	37362249
19	37362280
19	37362767
19	37363005
19	37363187
19	37363615
19	37389031
19	37484424
19	37537277
19	37564620
19	37565206
19	37565288
19	37565589
19	37612999
19	37635480
19	37644666
19	37644700
19	37669627
19	37698252
19	37698693
19	37698991
19	37699492
19	37699789
19	37699833
19	37707921
19	37707960
19	37738540
19	37738749
19	37738832
19	37739049
19	37886705
19	37889641
19	37893639
19	38367226
19	38370051
19	38370053
19	39389340
19	39391565
19	39500657
19	39518798
19	39709286
19	40013824
19	40015310
19	40015564
19	40034535
19	40035235
19	40036025
19	40075005
19	40075290
19	40075362
19	40383777
19	40396432
19	40848295
19	41012772
19	41383617
19	41717506
19	41838071
19	41838932
19	41958281
19	42402833
19	42426942
19	42427034
19	42433043
19	42510904
19	42518984
19	42521433
19	42583308
19	42583314
19	42588903
19	42593601
19	42729130
19	42739025
19	42925882
19	42925906
19	43204195
19	43267957
19	43416473
19	43416512
19	43497755
19	43613240
19	43750718
19	43847721
19	43872928
19	43966297
19	43966973
19	43991841
19	43996544
19	43996790
19	43996894
19	43996998
19	44010627
19	44010895
19	44011021
19	44011037
19	44011134
19	44011288
19	44032202
19	44032317
19	44107479
19	44107767
19	44118516
19	44118550
19	44130968
19	44132558
19	44132626
19	44156280
19	44156458
19	44156562
19	44156907
19	44175711
19	44176021
19	44176033
19	44176387
19	44177204
19	44177446
19	44235314
19	44236232
19	44273102
19	44288018
19	44288179
19	44288408
19	44386861
19	44386891
19	44386957
19	44429910
19	44476480
19	44476513
19	44476711
19	44476951
19	44477518
19	44477654
19	44478011
19	44699231
19	45090497
19	45350353
19	45350391
19	45416869
19	45502147
19	46149036
19	47495580
19	47544167
19	47882084
19	48008701
19	48008703
19	48019855
19	48022193
19	48099820
19	48127313
19	48211737
19	48230474
19	48286262
19	48329383
19	48345340
19	48446735
19	48446775
19	48464609
19	48756997
19	48873657
19	48888235
19	48889510
19	49290610
19	49309108
19	49309384
19	49340223
19	49491831
19	49543169
19	49960569
19	50009345
19	50046763
19	50360940
19	50442197
19	50451290
19	50948688
19	50959180
19	51015533
19	51153223
19	51153233
19	51226322
19	51411350
19	51480553
19	51480631
19	51586671
19	51587803
19	51588106
19	51588429
19	51746717
19	51769172
19	51824347
19	51873037
19	51873180
19	51891131
19	51945223
19	51945437
19	51945451
19	51964861
19	51965240
19	51965391
19	51965664
19	51994679
19	52016692
19	52033889
19	52034363
19	52034902
19	52115748
19	52116457
19	52156588
19	52314197
19	52366083
19	52366767
19	52384822
19	52405910
19	52416065
19	52416643
19	52435148
19	52438659
19	52438969
19	52439163
19	52511588
19	52511998
19	52554110
19	52554400
19	52554615
19	52582611
19	52582914
19	52613022
19	52613671
19	52614024
19	52614316
19	52705806
19	52767444
19	52799713
19	52799772
19	52800422
19	52800557
19	52800964
19	52841133
19	52841142
19	52841309
19	52881643
19	52949980
19	52950161
19	52950310
19	52950328
19	52950755
19	52951018
19	52951045
19	53068340
19	53108850
19	53109319
19	53109590
19	53140486
19	53141549
19	53141854
19	53142431
19	53165081
19	53165840
19	53237365
19	53238105
19	53243856
19	53258818
19	53266890
19	53289681
19	53490790
19	53491674
19	53491747
19	53810276
19	53810568
19	54058312
19	54337577
19	54508141
19	54594744
19	54783014
19	54851242
19	54941718
19	54977772
19	54977823
19	54982546
19	54983601
19	54983628
19	54985188
19	54986211
19	54990226
19	55048517
19	55156638
19	55708982
19	55732277
19	55732672
19	55733500
19	55809389
19	55818129
19	55857770
19	55895990
19	55896008
19	55896071
19	55912331
19	55913222
19	56003773
19	56003873
19	56028097
19	56028322
19	56383983
19	56441225
19	56441333
19	56441401
19	56441878
19	56441897
19	56470017
19	56516289
19	56525400
19	56525541
19	56525723
19	56550137
19	56555064
19	56775131
19	56789922
19	56815390
19	56815750
19	56824614
19	56824616
19	57129147
19	57129333
19	57130203
19	57130960
19	57135062
19	57154451
19	57155310
19	57232171
19	57327933
19	57328437
19	57328563
19	57357035
19	57357814
19	57377679
19	57378087
19	57398639
19	57399142
19	57420847
19	57443761
19	57443957
19	57444568
19	57445319
19	57445381
19	57473922
19	57493045
19	57493720
19	57538288
19	57538845
19	57547274
19	57547320
19	57572496
19	57572976
19	57573331
19	57590910
19	57591169
19	57606615
19	57606845
19	57606885
19	57620356
19	57620827
19	57641111
19	57678621
19	57686528
19	57686605
19	57686758
19	57687087
19	57687284
19	57701733
19	57753791
19	57754261
19	57779118
19	57790354
19	57859847
19	57859943
19	57873445
19	57873667
19	57873746
19	57926551
19	57926626
19	57926645
19	57926672
19	57926887
19	57927484
19	57941146
19	57942336
19	57942456
19	57974205
19	58066858
19	58067042
19	58129117
19	58261145
19	58261180
19	58261560
19	58261691
19	58262370
19	58338618
19	58417212
19	58432318
19	58434610
19	58434796
19	58435143
19	58435151
19	58455151
19	40882657
19	41207036
19	15301196
19	15912568
19	41017398
19	15659974
19	48592808
19	28646381
19	20223288
19	15897447
19	42779471
19	40850341
19	249357
19	20390273
19	23664386
19	8629296
19	33689366
19	8790476
19	33773449
19	27414770
19	41006972
19	47883664
19	41207418
19	47886379
19	15895513
19	33773312
19	15696062
19	47886374
19	41094349
19	15660589
19	15697084
19	41121503
19	33684697
19	41018394
19	17505961
19	48575905
19	33772490
19	41017800
19	33772652
19	15913795
19	40850405
19	47882088
19	15892578
19	41198742
19	41018148
19	47871378
19	15660022
19	41010104
19	17506165
19	41124723
19	40845362
19	40877236
19	40877916
19	15660708
19	41007045
19	15660323
19	31700736
19	47871532
19	17505390
19	41128041
19	17505575
19	41206835
19	15934517
19	41124804
19	41194676
19	41016899
19	27689902
19	15623976
19	41207019
19	41193396
19	15912925
19	15660440
19	41018182
19	15659242
19	41206628
19	15615669
19	15660377
19	15878153
19	15683569
19	15649236
19	41017661
19	41016686
19	15658549
19	41017451
19	15624037
19	41012693
19	41018298
19	41206380
19	41197858
19	15913246
19	40882106
19	15680400
19	40845322
19	41017452
19	15650035
19	20127853
19	22270620
19	15629635
19	41116576
19	15912809
19	15660447
19	20391494
19	41194588
19	15649205
19	41116300
19	15912508
19	50065316
19	47883631
19	8620499
19	48575989
19	36267929
19	31057245
19	41206519
19	27268832
19	17505938
19	1106788
19	23116064
19	20129240
19	23657832
19	41207468
19	17500545
19	15913330
19	15934721
19	41018248
19	15697020
19	29926696
19	47901208
19	50064431
19	42647899
19	54934488
19	54936400
19	54936405
19	44303454
19	11806404
19	42916263
19	34759543
19	12318968
19	44101230
19	57926191
19	41902903
19	56824262
19	57368584
19	51081695
19	48067819
19	48230433
19	40014558
19	38570620
19	38457545
19	15540506
19	12897713
19	13317168
19	13332911
19	38290215
19	11120121
19	34760071
19	15922035
19	21727323
19	44060766
19	11111538
19	17052937
19	14638105
19	52841198
19	43184783
19	37344739
19	32973564
19	37362628
19	48832708
19	41422699
19	55955447
19	36818816
19	19677986
19	55955673
19	52124050
19	11120122
19	2877781
19	52001825
19	52705105
19	48286032
19	33164266
19	12319304
19	2934277
19	56460776
19	43416215
19	29615242
19	44107667
19	43733323
19	44329743
19	19679374
19	57135383
19	37187008
19	43185128
19	56824337
19	3733798
19	16975086
19	44229731
19	21309303
19	50982327
19	52322832
19	6156537
19	7747336
19	40845293
19	52582200
19	58261648
19	44273186
19	53884192
19	58127922
19	37612775
19	43418220
19	43966448
19	44658878
19	52321618
19	37362629
19	34327561
19	57573129
19	12145545
19	14751436
19	51945654
19	56774759
19	16862894
19	40074659
19	15892308
19	57490129
19	37598456
19	51965525
19	12350819
19	38706136
19	57356125
19	57606663
19	19712482
19	9474198
19	42738723
19	41715904
19	48105386
19	52613415
19	55711800
19	53141846
19	9115026
19	52115729
19	9415698
19	52034502
19	32830639
19	38586140
19	2934109
19	43267808
19	32619555
19	43184920
19	32602122
19	18312627
19	43996469
19	36819380
19	57634679
19	36818777
19	9342979
19	44032287
19	43195052
19	6366363
19	12349823
19	38455247
19	2853047
19	37669488
19	40074722
19	11949408
19	43776637
19	9186528
19	11116990
19	17517800
19	12187375
19	11904888
19	38543365
19	57588608
19	34399572
19	2877868
19	36146003
19	58067073
19	16501381
19	12187348
19	29611940
19	14638106
19	35488810
19	37564768
19	37362402
19	8868536
19	37739206
19	36515047
19	12187768
19	57790399
19	40074638
19	9126444
19	9992826
19	41414162
19	34760290
19	2853206
19	12319472
19	39706634
19	20948742
19	37186165
19	8087828
19	41686889
19	19194133
19	19711642
19	48838096
19	43258347
19	57607131
19	54594768
19	9160162
19	57154454
19	52434086
19	52613558
19	7125507
19	48703029
19	57926518
19	22073566
19	38370078
19	43873682
19	57779337
19	16970886
19	52168057
19	8976482
19	55191658
19	6684775
19	5754246
19	2853170
19	11978408
19	48744448
19	5260803
19	50967168
19	11199514
19	40848285
19	40848264
19	9342709
19	44107334
19	9381767
19	43747437
19	33094236
19	41007013
19	50159230
19	16509517
19	44274643
19	57474422
19	34378971
19	54813220
19	22663799
19	4896666
19	2917881
19	41009993
19	32458514
19	57702375
19	6984829
19	48894997
19	34594174
19	36877065
19	58262449
19	9186439
19	54535161
19	16338706
19	18781918
19	3643095
19	58077482
19	52213979
19	33841860
19	33671381
19	19898248
19	3966522
19	15838595
19	21638735
19	56670836
19	49115521
19	36047057
19	730235
19	7728616
19	46009925
19	52615025
19	32195740
19	58016935
19	51846246
19	17984442
19	3534844
19	14912119
19	52971136
19	39811659
19	33874582
19	18342314
19	48077885
19	30345341
19	55719778
19	30910848
19	23910181
19	15787914
19	18848400
19	27740842
19	46384310
19	41365349
19	15940121
19	5775326
19	41600852
19	2836485
19	46284763
19	32113664
19	28020527
19	54293995
19	39728304
19	36862889
19	54451197
19	7626579
19	29624382
19	33648039
19	7199928
19	9117520
19	54986475
19	56239306
19	42511684
19	53635905
19	3834250
19	10026987
19	55979744
19	55090668
19	38830320
19	28645675
19	52617306
19	19681241
19	21903247
19	3357782
19	44825957
19	5010036
19	16364577
19	37830998
19	55299199
19	13086938
19	48898683
19	48693465
19	4040307
19	43635030
19	539266
19	57379179
19	13278563
19	12992824
19	8501996
19	55401107
19	43709228
19	23498055
19	29369980
19	53793540
19	16042635
19	14747079
19	36892992
19	57076930
19	28606293
19	42607515
19	14881151
19	31317432
19	55269119
19	2059586
19	32803176
19	52780882
19	56650920
19	37906573
19	21752089
19	987051
19	28733765
19	56922039
19	32867106
19	50657831
19	28777149
19	49768667
19	12012019
19	46239988
19	15624799
19	14883533
19	35278046
19	42588353
19	47793971
19	9630447
19	3342308
19	48248551
19	20079332
19	33237095
19	3625756
19	35345627
19	15051219
19	46762703
19	14208746
19	27694285
19	1546945
19	19228837
19	21101414
19	33738914
19	6886848
19	28737149
19	4500193
19	23473618
19	32177877
19	41516072
19	57473058
19	17809949
19	13320751
19	2398851
19	38445308
19	41447525
19	5009455
19	53277713
19	40363275
19	42779968
19	41813839
19	42766413
19	14864228
19	57568291
19	482984
19	19935293
19	15806200
19	28318775
19	12315420
19	15495417
19	10523308
19	41688906
19	419407
19	45653746
19	34511870
19	20447554
19	32514997
19	45911370
19	29248822
19	14525807
19	39061301
19	9238691
19	30327006
19	56868336
19	9142463
19	15099965
19	36912322
19	8155349
19	52611014
19	53572063
19	37426790
19	6145553
19	34044602
19	5009534
19	28040267
19	20624018
19	35833422
19	16544997
19	57704099
19	13521569
19	48304873
19	10074331
19	34782445
19	37794471
19	22329675
19	56554644
19	15635994
19	53484391
19	13322313
19	50442154
19	8248689
19	15099927
19	2726201
19	49559783
19	45097733
19	57285310
19	45224865
19	52501754
19	8936591
19	4671393
19	3592732
19	47849107
19	33008165
19	17718799
19	7372342
19	15842433
19	29552006
19	2917614
19	20372008
19	40603069
19	51265891
19	20292732
19	49179734
19	52177685
19	40469575
19	9425527
19	37196051
19	33041394
19	4735651
19	16409592
19	40661049
19	4325330
19	22068110
19	29481323
19	7273980
19	42889774
19	57279620
19	29615062
19	55321187
19	45592874
19	55272184
19	36952024
19	16437564
19	670828
19	51737589
19	38956479
19	38415043
19	30423504
19	32543283
19	39773326
19	3927773
19	42698618
19	48004463
19	7367290
19	7785092
19	46040413
19	11782153
19	33580875
19	2699587
19	56746715
19	46186505
19	55961823
19	16074300
19	34786299
19	45405203
19	29433106
19	39400579
19	42645283
19	57260515
19	9460216
19	22658153
19	44952331
19	53694379
19	41767097
19	32231240
19	4575361
19	50196247
19	28801507
19	40517604
19	48095905
19	20548739
19	21683139
19	7227860
19	48543305
19	48844451
19	22495879
19	40496014
19	29035679
19	48524426
19	43015290
19	14951411
19	9267040
19	31467999
19	1876567
19	51624524
19	46035158
19	47237234
19	38053991
19	47774044
19	29087174
19	35306247
19	23958804
19	54363716
19	50706692
19	48668336
19	23929300
19	52292732
19	12673360
19	50145062
19	28412722
19	48685769
19	39615748
19	49319790
19	51485026
19	5312166
19	16834394
19	21770843
19	5295556
19	55004604
19	18529763
19	43846566
19	48017260
19	14599003
19	29595658
19	4687063
19	38983523
19	1614821
19	23992651
19	29634246
19	18337295
19	17716633
19	17401603
19	14874024
19	45459541
19	14960597
19	42395973
19	2569948
19	28835272
19	21986000
19	14395515
19	33108221
19	3740660
19	57153977
19	45053404
19	2505739
19	16012323
19	43942698
19	20377889
19	36231930
19	8167850
19	29559659
19	36937563
19	17652081
19	4212348
19	17878611
19	39038292
19	48594630
19	41912089
19	34761633
19	2824047
19	28176024
19	55410211
19	22089813
19	17504800
19	32181752
19	15668862
19	9344714
19	49856789
19	7569226
19	6100422
19	53795322
19	17505516
19	53399360
19	17944042
19	7659654
19	57243687
19	31009473
19	3986005
19	39647498
19	54426209
19	46426768
19	20995436
19	30656961
19	13044591
19	48033468
19	11229566
19	46643419
19	29233606
19	9284908
19	31347472
19	56367767
19	57700162
19	54647715
19	18692362
19	55228445
19	15994460
19	12831936
19	51122895
19	16112477
19	24156851
19	35175345
19	17678600
19	1038446
19	46630680
19	3772327
19	35465112
19	10662009
19	53084117
19	57817695
19	22181818
19	36214895
19	3685118
19	51293865
19	5037072
19	7234564
19	35771026
19	52201708
19	33111851
19	55568492
19	40130493
19	53965814
19	22417822
19	7134002
19	33483007
19	22136259
19	11652195
19	56237465
19	14620874
19	52841448
19	30863316
19	4605227
19	22615451
19	12800611
19	4471800
19	49486167
19	53686456
19	28557718
19	19862643
19	51198635
19	39744368
19	8469041
19	20610362
19	13153584
19	12348357
19	57601476
19	42693883
19	4685264
19	31469154
19	38744872
19	56045780
19	47424746
19	44333093
19	9670678
19	33172283
19	50582841
19	33901253
19	57599820
19	17862080
19	37403566
19	44162551
19	44686060
19	58571468
19	39911014
19	31749403
19	32666495
19	35666265
19	8678966
19	34931904
19	21751141
19	9005089
19	56600806
19	17135402
19	54616885
19	44497346
19	52828786
19	14482338
19	29147446
19	29040382
19	15997913
19	57959153
19	30566442
19	38792918
19	53604423
19	39361346
19	42643242
19	3545852
19	52199525
19	19199718
19	28341362
19	18046741
19	32237634
19	27996720
19	4110494
19	16324200
19	3253632
19	51474218
19	55793241
19	10217136
19	55055144
19	29739342
19	29835387
19	6205814
19	995283
19	53223722
19	28095811
19	41735258
19	13330573
19	55389731
19	44603941
19	33009186
19	31693186
19	6352925
19	30408375
19	14059611
19	2573503
19	29417200
19	11650008
19	20969561
19	7205229
19	48471042
19	55757730
19	57244703
19	14831812
19	3390418
19	20974891
19	48015160
19	34742122
19	44644419
19	12077451
19	54340652
19	37872152
19	15775274
19	57861139
19	56495484
19	21975365
19	32194244
19	56274039
19	28248750
19	39996008
19	29414065
19	18620848
19	50727368
19	16133416
19	46171927
19	23362448
19	15159772
19	8371280
19	52949516
19	45263956
19	13774210
19	18196298
19	45589953
19	10581324
19	1095515
19	683221
19	3750617
19	52612807
19	416963
19	41376807
19	45682424
19	48061670
19	57846178
19	12244691
19	1481482
19	6751282
19	45473500
19	45475117
19	11868349
19	29577986
19	31055298
19	33259408
19	43850028
19	45928380
19	48218923
19	51605677
19	54050443
19	55904599
19	55871728
19	19177092
19	48382661
19	40612150
19	58433035
19	10467167
19	3490910
19	5625791
19	15740419
19	15748902
19	39782176
19	30537759
19	7716549
19	57983691
19	34186077
19	7112582
19	463528
19	34944872
19	53109504
19	2857592
19	49374858
19	56812972
19	16040413
19	52614278
19	51855916
19	49016209
19	42087332
19	17998505
19	50860142
19	48922581
19	55348071
19	3452639
19	15913728
19	44011200
19	43848487
19	48332951
19	47352883
19	19250926
19	42868234
19	35713788
19	9303220
19	18274140
19	28833553
19	18664267
19	32075990
19	41584810
19	32201099
19	45764276
19	10756543
19	6668961
19	17510699
19	12852329
19	31310224
19	45577017
19	45349272
19	47289928
19	29429134
19	29505972
19	50803691
19	51263143
19	51663582
19	29765571
19	52729040
19	53213025
19	54468529
19	57422202
19	33392342
19	33767802
19	34555963
19	1163935
19	1533738
19	3912953
19	21676044
19	13553622
19	14844217
19	15401909
19	58084309
19	23538372
19	19177119
19	7781909
19	13748453
19	45526896
19	33847882
19	293934
19	3817896
19	28259578
19	37718400
19	38469040
19	28385094
19	38689294
19	39101692
19	39207334
19	40669244
19	41563530
19	41667978
19	28744903
19	43099219
19	43142978
19	43404463
19	28860062
19	43688323
19	28898080
19	46423410
19	47832931
19	48229560
19	48449693
19	48569008
19	29415654
19	49069949
19	50477660
19	51716766
19	51992127
19	52009443
19	29726592
19	52460397
19	52492476
19	53296406
19	53520981
19	53977896
19	54377096
19	55024044
19	55581999
19	30106600
19	55979577
19	56037026
19	56312339
19	56687157
19	29290595
19	57302695
19	30386906
19	31269060
19	31524798
19	31983150
19	32862558
19	33278107
19	33831232
19	34791277
19	35167825
19	35432956
19	35576717
19	35828804
19	36170987
19	1535946
19	2003030
19	2319154
19	2433892
19	2503630
19	2660941
19	334474
19	3009222
19	3215239
19	3372516
19	3440082
19	3446109
19	3624840
19	4353177
19	4375165
19	4718189
19	4783012
19	5214147
19	5270920
19	1007354
19	19702210
19	19714041
19	19965350
19	20286746
19	20352186
19	20367726
19	20924683
19	20965570
19	20985948
19	21023657
19	10049902
19	23610468
19	10954733
19	8888999
19	13221196
19	13567506
19	13585923
19	14655772
19	14690354
19	14711747
19	14867379
19	14993298
19	15483208
19	15912654
19	15921833
19	15974786
19	16054096
19	16089568
19	16915638
19	17816232
19	18121944
19	35953097
19	31896321
19	44237082
19	15147693
19	2997899
19	27747662
19	37625364
19	34623673
19	29975396
19	13488762
19	14917370
19	43495482
19	8507045
19	8569882
19	8616706
19	7694790
19	7955908
19	39683479
19	55364706
19	36337315
19	48599142
19	44944779
19	53163492
19	45315577
19	12661276
19	7508401
19	43766914
19	33797297
19	15659890
19	7740410
19	10489289
19	43798914
19	50007605
19	19279376
19	1105449
19	48088926
19	6697579
19	6689031
19	6678742
19	47886252
19	15056186
19	17658009
19	44900155
19	45420395
19	51064053
19	50645324
19	53608356
19	48206940
19	13549635
19	36161283
19	17496760
19	54872485
19	23225327
19	48942560
19	15323571
19	47155063
19	18123778
19	17452160
19	22194307
19	19052611
19	2328282
19	17007623
19	10108400
19	2953089
19	52170148
19	55818562
19	40803335
19	54208113
19	35133986
19	17479472
19	12386120
19	1914796
19	54524929
19	13269676
19	8220723
19	1744204
19	17972400
19	41025463
19	5421951
19	54998497
19	46444986
19	6522123
19	51585165
19	48271577
19	41198581
19	22524456
19	28361557
19	35580869
19	51092519
19	39752470
19	32564028
19	23239552
19	17121689
19	17441497
19	34695223
19	32391316
19	22242813
19	52877604
19	13581788
19	19421101
19	7717743
19	11084354
19	44825219
19	48088123
19	46534363
19	7251831
19	43472554
19	43009507
19	14822335
19	28113798
19	54093354
19	14722252
19	9490479
19	55024604
19	27953066
19	31471390
19	20480508
19	29401390
19	14709868
19	54391812
19	45871299
19	3318512
19	43956897
19	54046294
19	35303872
19	51918551
19	36073751
19	29750633
19	19144116
19	14336788
19	9061506
19	17483257
19	55910409
19	45644979
19	46754224
19	46382720
19	27492743
19	14274123
19	50248541
19	53445133
19	11808063
19	27916954
19	41407526
19	40263055
19	44518663
19	47965513
19	35497092
19	15301077
19	44299966
19	39271150
19	56995438
19	14541466
19	46450231
19	56807306
19	20683222
19	4705496
19	53417738
19	45669020
19	34647351
19	34494561
19	2569244
19	4246696
19	43321784
19	21837968
19	41068218
19	19233770
19	21892978
19	41042185
19	8569059
19	37760318
19	53330459
19	57166826
19	3676509
19	31560451
19	6705235
19	54229458
19	33599026
19	45947956
19	47728989
19	618159
19	29741198
19	5393737
19	4811659
19	3511711
19	53925944
19	49068700
19	30353182
19	51678545
19	52933084
19	58064990
19	40714624
19	31955569
19	55477837
19	46925711
19	49235225
19	41966222
19	280299
19	32631980
19	20203607
19	35377871
19	10854594
19	51404534
19	56392300
19	53124524
19	57734463
19	31505882
19	45373709
19	14597332
19	1538108
19	39220195
19	39220263
19	11626797
19	13470555
19	4158022
19	43802330
19	29035796
19	57641427
19	5544074
19	17195988
19	38904691
19	32273712
19	34634814
19	4074699
19	6074699
19	7473231
19	57021184
19	3159771
19	7987425
19	31521604
19	54921161
19	22066184
19	5502707
19	31420223
19	7296441
19	4636934
19	27840000
19	38368403
19	5563331
19	2650036
19	49618821
19	3084946
19	21058539
19	8478829
19	23562854
19	6281596
19	38538561
19	31384724
19	56888475
19	19787340
19	48629763
19	38313578
19	31439810
19	34104785
19	15942440
19	33156473
19	32791018
19	43950757
19	52035175
19	48785631
19	33041765
19	12511179
19	28396928
19	55682296
19	56676916
19	53438780
19	1182416
19	35540496
19	27636293
19	8949865
19	8909535
19	35937806
19	8531737
19	33966447
19	40151602
19	7590924
19	38491143
19	21930145
19	8422000
19	32006557
19	35678383
19	9110502
19	7657750
19	42172329
19	1457876
19	38645234
19	839158
19	47995080
19	58536944
19	35169605
19	8152882
19	28518034
19	10297642
19	17663703
19	58202868
19	17748561
19	6524395
19	46750027
19	35532830
19	38964894
19	23775490
19	53049043
19	35068302
19	21436236
19	37576988
19	22520418
19	22526834
19	57683037
19	8141864
19	20941113
19	46035067
19	57736691
19	10745463
19	53700754
19	2763491
19	24120621
19	18387093
19	21909486
19	21892902
19	45327689
19	52563604
19	20005832
19	34273937
19	17894103
19	44259911
19	44259481
19	37226455
19	44246810
19	44515446
19	44136776
19	20743128
19	17060075
19	50517218
19	46403740
19	28445690
19	2224388
19	22814505
19	53300557
19	9948752
19	46030656
19	4118873
19	10555436
19	32084216
19	45903440
19	57530335
19	28324111
19	19950248
19	29081392
19	12475571
19	56987188
19	8066356
19	29567903
19	33093585
19	10870676
19	13338602
19	2356477
19	52083666
19	1673794
19	57206164
19	53172468
19	3645949
19	39813400
19	15936948
19	51757050
19	45290449
19	22043487
19	10517872
19	45187631
19	30671214
19	48896564
19	53298229
19	44549282
19	56273659
19	57052132
19	46312053
19	23593231
19	13993102
19	14838962
19	27778458
19	47669414
19	18278810
19	34061988
19	55524588
19	54922484
19	29774328
19	51655026
19	20359755
19	2722548
19	5936678
19	52032168
19	35812019
19	32798905
19	55202371
19	29574378
19	15013186
19	10245756
19	58114998
19	38096823
19	39196952
19	47801488
19	37306676
19	15678660
19	56707550
19	33243727
19	50438432
19	54530559
19	47826288
19	56008631
19	45966153
19	39778833
19	32140566
19	48194525
19	39678199
19	34110031
19	34210119
19	36067211
19	50216008
19	56649272
19	11399695
19	20897501
19	8095450
19	57656303
19	12136916
19	29580510
19	21962345
19	53259284
19	21050582
19	6663905
19	20710193
19	54110037
19	18563247
19	19186758
19	39854008
19	9861741
19	35391585
19	22514919
19	35377823
19	23646935
19	14307976
19	49726387
19	46801157
19	39570008
19	44045143
19	33609521
19	6808645
19	56015979
19	38254093
19	53283062
19	55030031
19	57765288
19	726482
19	8467335
19	474588
19	38275182
19	9178363
19	45824488
19	45970318
19	14350605
19	28945841
19	56782463
19	13831773
19	3252911
19	24190281
19	15912567
19	48749732
19	8674646
19	7428801
19	7735475
19	30211881
19	43568650
19	55288961
19	48561702
19	47966964
19	46528326
19	28119873
19	2892017
19	388413
19	58341997
19	45681959
19	56205210
19	56456945
19	1013635
19	16171320
19	15566899
19	50367890
19	50466068
19	50413515
19	50983811
19	53507023
19	35124275
19	49859918
19	49832615
19	38034165
19	19696531
19	56923198
19	23371441
19	7693453
19	21654628
19	33046190
19	57737936
19	45655215
19	9061588
19	13475477
19	14841426
19	39475036
19	36566381
19	20386591
19	56599554
19	4575739
19	15824441
19	17561773
19	34314622
19	41864559
19	15135668
19	41135229
19	56908218
19	54402530
19	37749458
19	55586053
19	4947044
19	1856187
19	7411999
19	48791605
19	47842671
19	52874480
19	1310498
19	8111756
19	56996435
19	45704765
19	39844397
19	29010633
19	1268179
19	41116710
19	32789178
19	29162491
19	57086147
19	957447
19	38628854
19	14351309
19	1444420
19	57574828
19	30337788
19	20017580
19	1232559
19	57472822
19	15915109
19	41963455
19	646151
19	1226005
19	7413099
19	23114991
19	19582490
19	53429042
19	28772024
19	41058512
19	10409838
19	17692008
19	4340745
19	56912080
19	17771739
19	30601189
19	13520691
19	46471049
19	23409021
19	4590865
19	9890249
19	4764294
19	2548834
19	56510567
19	6641331
19	15544499
19	17723950
19	39248147
19	53429076
19	53100337
19	7803829
19	16134457
19	43504218
19	39241143
19	28867312
19	2181608
19	23212515
19	48979265
19	22770144
19	50501497
19	5407522
19	1960032
19	15107071
19	11199195
19	58444959
19	49694149
19	288374
19	46796878
19	418769
19	22838598
19	17664576
19	3411648
19	45253495
19	36033380
19	56768023
19	14872732
19	55013007
19	44505925
19	29450824
19	10401724
19	36834924
19	17005785
19	3412059
19	13535434
19	16490012
19	8932345
19	10313199
19	10591157
19	2207270
19	28856172
19	14265434
19	52794513
19	10561817
19	51768056
19	28059103
19	49974443
19	57041065
19	30819661
19	30090900
19	11563479
19	8934842
19	13575448
19	53414322
19	5501404
19	2515876
19	2274360
19	51357922
19	28278555
19	32338087
19	20904718
19	40934109
19	18328573
19	51790844
19	52556619
19	57008098
19	8102946
19	45351661
19	15614044
19	54705117
19	54705173
19	54714899
19	15114537
19	51930214
19	57021805
19	29389800
19	18406957
19	19910237
19	35171884
19	23886382
19	14658090
19	9057910
19	44506004
19	17424089
19	58517939
19	57324544
19	42406936
19	32639623
19	56529888
19	29194386
19	23293628
19	13500292
19	30745588
19	50889862
19	36710385
19	28834743
19	47015627
19	52157026
19	48060277
19	49636811
19	39533684
19	29112202
19	682010
19	50352678
19	9959824
19	43789204
19	3762700
19	51236512
19	21558130
19	29824205
19	17228303
19	11131368
19	45928114
19	33359761
19	55782048
19	52437918
19	33579359
19	29731434
19	30422191
19	54907100
19	56949735
19	39570654
19	17933791
19	35125091
19	40529005
19	3136847
19	8224635
19	28529511
19	2670295
19	18267409
19	45086337
19	29083930
19	43772885
19	31249838
19	30792747
19	15609722
19	51027437
19	56759010
19	49171238
19	22882467
19	31193070
19	46658945
19	48280045
19	48279986
19	50868163
19	58088681
19	12621444
19	17330679
19	38876259
19	11052886
19	39459124
19	37332909
19	13841016
19	33518486
19	33538792
19	33541570
19	56473006
19	51581583
19	7741982
19	57924673
19	57924652
19	57546878
19	2480624
19	50225299
19	51502415
19	5122040
19	41020047
19	56811907
19	56283276
19	19972982
19	16713249
19	32844072
19	18402122
19	29707558
19	52075094
19	56003968
19	6267816
19	10730373
19	8641646
19	12064568
19	34594967
19	57091281
19	12019662
19	12022721
19	44892962
19	20616864
19	8810810
19	33571069
19	41716490
19	44376201
19	58150365
19	8977341
19	58150214
19	58036081
19	2044176
19	55921837
19	30025813
19	13262663
19	13230223
19	9065792
19	8973507
19	2843535
19	50995939
19	3158500
19	52512876
19	50475136
19	36999474
19	35204297
19	21919701
19	3162540
19	960445
19	2779136
19	2799981
19	37966183
19	48445039
19	46782332
19	36993747
19	10018586
19	7598882
19	41162098
19	53011074
19	53140244
19	7839411
19	866018
19	865835
19	20218302
19	20218828
19	38062194
19	38096081
19	38106686
19	55013445
19	55038390
19	55066696
19	55077283
19	54992419
19	54994189
19	50972393
19	50907860
19	54861907
19	48421706
19	53002559
19	53061869
19	52974856
19	34337762
19	12167921
19	31012372
19	34314592
19	33843009
19	55014526
19	55079303
19	55043031
19	39109332
19	49768245
19	5880938
19	42306029
19	41210366
19	3165897
19	869037
19	35079403
19	35077308
19	35096731
19	35066536
19	3143071
19	3030170
19	48827325
19	22451796
19	22452250
19	23096201
19	41324231
19	28824430
19	46057435
19	29875945
19	28598564
19	28852130
19	28863001
19	29099796
19	29129222
19	29319998
19	29447999
19	29605004
19	29708944
19	29763642
19	29849817
19	30294484
19	30634784
19	30695870
19	30711346
19	30755948
19	30808537
19	31147260
19	31619738
19	31667558
19	32006478
19	32867621
19	33304335
19	33339692
19	33357871
19	33358652
19	33681516
19	34770658
19	35248799
19	35379446
19	35412804
19	35415591
19	37154556
19	38473885
19	39704127
19	40327563
19	40993189
19	42089564
19	42506691
19	12884608
19	13529291
19	38024640
19	44984163
19	14740184
19	45531253
19	14954752
19	15064142
19	15087940
19	15165928
19	15273887
19	46499658
19	47969217
19	48102566
19	48252010
19	48376926
19	48552267
19	48592742
19	48699602
19	48838931
19	51652196
19	51659782
19	51843076
19	51883470
19	51987167
19	52230788
19	53109602
19	53266608
19	53572179
19	55662870
19	55828685
19	55986594
19	56038144
19	56177845
19	57088293
19	50881997
19	6043732
19	2573902
19	2608292
19	4480754
19	4837489
19	5046059
19	5142462
19	5178666
19	5654438
19	6175925
19	6187646
19	6192842
19	19882484
19	19776483
19	19792107
19	21678198
19	22721097
19	22614973
19	22752171
19	23494599
19	10258410
19	23560284
19	23999662
19	11820931
19	9116564
19	12314455
19	9132582
19	9140544
19	50905586
19	50916438
19	50971287
19	41096565
19	51282296
19	45361744
19	7441111
19	8083430
19	8548030
19	1503965
19	16758655
19	18240864
19	36411317
19	49452696
19	49453634
19	54227805
19	54736640
19	57060957
19	19255834
19	33578830
19	53772987
19	37829257
19	7184790
19	7238684
19	38093732
19	37973772
19	7439570
19	34588876
19	20127339
19	8071514
19	36794468
19	50401785
19	48861254
19	44544328
19	37222082
19	10206539
19	48217669
19	37513454
19	11030027
19	54201773
19	3160387
19	4585709
19	21143555
19	22095319
19	32179085
19	8933858
19	33354692
19	33406317
19	56174094
19	23374050
19	31366872
19	1539268
19	30318574
19	54305226
19	30738146
19	28209735
19	21272352
19	32201927
19	30848714
19	52683583
19	7083807
19	17927973
19	51081153
19	51553391
19	49914233
19	539871
19	20199308
19	20714528
19	18201778
19	1933931
19	28999712
19	33232799
19	51764450
19	51820963
19	52157530
19	10708499
19	11233119
19	36526894
19	18296833
19	27975372
19	28126474
19	51178709
19	32085715
19	39139895
19	43491087
19	18344015
19	18371548
19	43883668
19	41031793
19	46449377
19	51786663
19	29126636
19	32634577
19	51820981
19	21931902
19	28856132
19	31981104
19	32089809
19	7090211
19	13445574
19	39531119
19	43844767
19	44398250
19	44509907
19	44600640
19	3855479
19	21304368
19	28500385
19	32421716
19	33139787
19	33146013
19	52204721
19	54233134
19	48469282
19	48448622
19	7125286
19	41354391
19	1068739
19	35904544
19	579627
19	15728555
19	6585287
19	34943334
19	28146573
19	23875394
19	51427452
19	9695016
19	28168580
19	28201359
19	30389932
19	4115995
19	47900226
19	22906794
19	21384558
19	32706083
19	20239381
19	39035272
19	55865208
19	47123808
19	41198050
19	916737
19	24278853
19	35638086
19	21960537
19	19311378
19	43131532
19	18569056
19	28476668
19	39656563
19	43614528
19	3481580
19	704761
19	41684459
19	56823654
19	29121448
19	28882336
19	13453873
19	50563172
19	50526345
19	34512340
19	47046533
19	6632407
19	6586257
19	53749958
19	6833766
19	7114202
19	29673667
19	3284502
19	31878085
19	50927903
19	39445494
19	54885805
19	29021666
19	2438121
19	40088753
19	51602606
19	18060152
19	44848489
19	1537468
19	3731849
19	51057210
19	44165536
19	35280479
19	2863879
19	50606536
19	54523818
19	52473766
19	44472854
19	21799550
19	15654998
19	23489124
19	31227583
19	15478890
19	52864139
19	40385074
19	51414481
19	12112046
19	38600393
19	50570322
19	50790746
19	43879648
19	4098949
19	17082741
19	33164238
19	5372791
19	6322431
19	4953339
19	57119107
19	21508995
19	3729044
19	32513295
19	41641109
19	29162382
19	32870888
19	23521255
19	51736996
19	44617725
19	16233836
19	41477914
19	46035639
19	54481516
19	48212012
19	19980893
19	1630342
19	57419935
19	21676192
19	51954526
19	57333965
19	53338445
19	22025949
19	20499249
19	19749686
19	18723314
19	19294671
19	43162545
19	1907480
19	32104132
19	28746702
19	5154410
19	19137298
19	1961475
19	1712899
19	45140632
19	56719634
19	4355303
19	45735297
19	50600104
19	47786046
19	17781669
19	7204459
19	47981807
19	7959800
19	44360682
19	55939683
19	352341
19	44987378
19	44974694
19	56974160
19	44957507
19	18205021
19	56675524
19	56675795
19	31433743
19	58114745
19	20610809
19	10918993
19	13746426
19	2110747
19	48151296
19	56351937
19	8855799
19	52179313
19	52379267
19	3866721
19	15510369
19	39461366
19	53407265
19	16190501
19	51300609
19	57507480
19	841398
19	3728611
19	52596156
19	47643471
19	36236463
19	38524814
19	11577645
19	1122148
19	1116118
19	582505
19	46304332
19	15619520
19	36121324
19	36007513
19	35258660
19	22487526
19	1074001
19	1095582
19	2271742
19	2199352
19	15184180
19	18900435
19	2244073
19	1615797
19	1390758
19	1127877
19	1119020
19	43261678
19	39738239
19	56549204
19	18222463
19	38381896
19	5285559
19	441243
19	10836415
19	51016003
19	6422877
19	51125272
19	28888816
19	12852471
19	20315194
19	15286349
19	15853393
19	30194386
19	21206193
19	57868524
19	37039363
19	53718560
19	29516728
19	5359200
19	46565431
19	56071940
19	21375033
19	27665758
19	48817750
19	47712376
19	5365987
19	23580577
19	40992443
19	44137900
19	43759614
19	3591592
19	2170765
19	28407649
19	15879621
19	15906196
19	2136516
19	4719431
19	41648308
19	27687515
19	27838683
19	2668613
19	46392490
19	32288713
19	28779881
19	13421662
19	33860870
19	55820569
19	12437680
19	7760218
19	33627561
19	21172670
19	11248808
19	3023672
19	44474081
19	4929461
19	16265335
19	35458692
19	13121181
19	45192480
19	33948230
19	20059405
19	24220245
19	9977595
19	17753643
19	16050473
19	47652161
19	3013618
19	48053756
19	10965030
19	33008072
19	32927269
19	10635088
19	56241523
19	8679120
19	342617
19	51701689
19	22242787
19	34753145
19	53940612
19	56502702
19	15848390
19	14827804
19	27962407
19	28520741
19	30184241
19	41495302
19	43909311
19	19971139
19	28612394
19	29266790
19	28857159
19	55745893
19	53142038
19	21130107
19	30417679
19	29493221
19	56231728
19	28033784
19	27337756
19	34569333
19	14733844
19	15816960
19	41613927
19	56391088
19	19912834
19	28857107
19	33042386
19	8947045
19	21236339
19	18309894
19	16892594
19	16898561
19	35879109
19	10156401
19	38506350
19	7141764
19	10829116
19	6718376
19	8305236
19	40775111
19	40775441
19	6230681
19	9834678
19	50907215
19	945013
19	948532
19	3604267
19	3604301
19	5261219
19	15188837
19	18599725
19	18853633
19	15629458
19	18833216
19	45518256
19	35632501
19	35542558
19	57719563
19	57720439
19	57592027
19	992903
19	15742062
19	15742270
19	3831527
19	43624285
19	2113519
19	4207943
19	4159876
19	3552095
19	16129917
19	8333647
19	8321422
19	13882644
19	48303720
19	1497061
19	47355167
19	36773432
19	50804835
19	50378912
19	16925277
19	40670498
19	35553622
19	5138218
19	4941444
19	47372470
19	46209940
19	44497567
19	24274318
19	43462995
19	4910877
19	16241592
19	24307497
19	35668466
19	39642185
19	2326216
19	32057046
19	3646644
19	38349499
19	38350256
19	32382792
19	48935106
19	55659385
19	3626924
19	18198555
19	47409066
19	47475414
19	45471335
19	39416396
19	1495635
19	18265036
19	13778554
19	7690830
19	49151164
19	38844190
19	17505362
19	50038886
19	32918507
19	51968516
19	54906373
19	38216349
19	29094343
19	17984960
19	35039877
19	17056171
19	17172493
19	40763383
19	44235150
19	49496752
19	15551921
19	629303
19	15629465
19	15649403
19	35637393
19	35525296
19	57776801
19	988175
19	3806839
19	38356791
19	38384188
19	46230998
19	20039438
19	43667873
19	45698914
19	10806008
19	37697751
19	33117827
19	9469358
19	4284600
19	38611239
19	55651410
19	9986991
19	50637495
19	54351293
19	55709078
19	48918709
19	17774461
19	8514127
19	32842249
19	7763069
19	7463848
19	48725015
19	58061591
19	17423884
19	52220331
19	55181876
19	17306443
19	41888239
19	55191542
19	55187709
19	6042048
19	33011536
19	56369252
19	19654759
19	48133277
19	29576618
19	46480952
19	49588541
19	49588745
19	4496201
19	2438886
19	5562104
19	2917289
19	51702357
19	17993346
19	35010147
19	35015825
19	12847546
19	40739837
19	52406050
19	37507050
19	35782632
19	13316929
19	4816707
19	50855432
19	1525308
19	1526471
19	1526614
19	21593530
19	49451546
19	50454950
19	12928470
19	35487675
19	35500471
19	55364872
19	45495088
19	41218915
19	675106
19	2211051
19	3820193
19	1110830
19	5210611
19	49792888
19	11485482
19	45848945
19	47086638
19	7643328
19	7482188
19	8430881
19	17420641
19	48022250
19	18435868
19	49365794
19	57814633
19	38931180
19	52001980
19	49665763
19	49665614
19	41268159
19	10338716
19	3198757
19	10364976
19	1826113
19	18082381
19	35065219
19	17052851
19	34678635
19	17183487
19	51530488
19	10115376
19	15934484
19	15927725
19	6754996
19	49812441
19	45299605
19	48105341
19	35769209
19	35777869
19	18805179
19	39020138
19	1520583
19	47760378
19	6203135
19	20389706
19	47579783
19	46054295
19	46054593
19	40009837
19	39997012
19	43408787
19	43417133
19	43817697
19	43848513
19	22004958
19	22196785
19	57378632
19	17283315
19	19786615
19	54958916
19	15480241
19	40745275
19	57889974
19	58121956
19	17549799
19	45353791
19	55319820
19	746206
19	18275988
19	2369933
19	36448670
19	48046691
19	2032149
19	14700565
19	39863427
19	27402753
19	27537755
19	37803323
19	13383445
19	37793649
19	13511519
19	13511953
19	14462842
19	32279712
19	36230466
19	7402079
19	4402020
19	4437092
19	23320643
19	21879356
19	21853365
19	21852017
19	5674548
19	5734228
19	12247907
19	12202133
19	58197363
19	5793693
19	34067860
19	34081976
19	12230489
19	55551583
19	50931014
19	19738904
19	19738888
19	19731244
19	19758070
19	19752205
19	19749714
19	23016898
19	19776769
19	8814724
19	8269396
19	48098197
19	48097559
19	53991509
19	2274579
19	2275080
19	14743222
19	14756555
19	6922724
19	6972346
19	1365609
19	55103555
19	31395138
19	40027839
19	39954890
19	54103097
19	54109321
19	48582453
19	48572020
19	20852162
19	40877923
19	40818779
19	20521813
19	34929937
19	34947034
19	34963311
19	50393669
19	8960161
19	16688116
19	51380473
19	51374863
19	47362654
19	52362918
19	50824837
19	28209076
19	40718409
19	40681432
19	40662291
19	21468580
19	20547679
19	33824991
19	37384729
19	51106329
19	51107816
19	51072167
19	51081659
19	50952133
19	44482484
19	44369178
19	44371157
19	44336636
19	44404152
19	57953562
19	19999510
19	9070201
19	9088586
19	9086049
19	32643519
19	32666097
19	32670220
19	43431018
19	4878596
19	5046307
19	55089368
19	58218467
19	58225259
19	58255508
19	58262705
19	58247085
19	58153080
19	58280350
19	58278729
19	28206472
19	28210279
19	13801248
19	40738982
19	40768808
19	16789054
19	44299355
19	5074626
19	5148372
19	55830208
19	53488889
19	53479458
19	53438694
19	5188308
19	5145949
19	5118824
19	4933216
19	45205500
19	5037340
19	5022593
19	5027219
19	16697372
19	5889947
19	40793110
19	31397493
19	22455278
19	21436720
19	21482186
19	21505137
19	34889600
19	34927188
19	52269515
19	52360583
19	50992051
19	50918235
19	50943274
19	50859770
19	50793594
19	50888400
19	50873907
19	48581398
19	48567617
19	1370527
19	50855077
19	43496905
19	43508728
19	43436445
19	15654151
19	40395697
19	44491939
19	44469752
19	40443765
19	51043385
19	51092326
19	12124663
19	12162008
19	54930401
19	54933806
19	53470962
19	53458735
19	53527789
19	53525753
19	53519879
19	53493860
19	53492496
19	18231667
19	18236729
19	44397361
19	44447220
19	44310690
19	44345413
19	44356385
19	18172691
19	15659942
19	44427355
19	44424713
19	18110837
19	51256682
19	51291193
19	51215581
19	51173042
19	11116650
19	11118289
19	11126128
19	51012759
19	50817324
19	56160467
19	56146019
19	55139620
19	48174891
19	48372933
19	48381692
19	31884697
19	31892794
19	48416682
19	48393986
19	48406414
19	31018456
19	30991298
19	30075149
19	4900672
19	30925724
19	30941671
19	31840620
19	11982687
19	11903459
19	11869517
19	48550049
19	48711213
19	48714004
19	48721227
19	10324817
19	22262849
19	22268120
19	15659608
19	15660215
19	15660305
19	15661001
19	15660321
19	40843827
19	41016965
19	33716248
19	41426179
19	33740637
19	40718299
19	16261347
19	35247380
19	35255803
19	43564041
19	43555849
19	7189364
19	6436211
19	22546851
19	12611518
19	11797582
19	34879401
19	11686493
19	48465055
19	57027774
19	29115454
19	29290241
19	29334451
19	29356255
19	29467074
19	30180286
19	27838503
19	32129289
19	55750303
19	32554938
19	32556208
19	28320511
19	52667305
19	56310852
19	56833545
19	33800090
19	2608355
19	45940481
19	20681915
19	17134273
19	6583770
19	57622904
19	3329811
19	15873161
19	15700907
19	14988629
19	24013356
19	57970512
19	5348775
19	37429335
19	22970948
19	2458249
19	22935597
19	2389046
19	27425751
19	12421516
19	51683264
19	55547371
19	57012663
19	53713701
19	56012038
19	32196727
19	32559037
19	56685153
19	23015301
19	23015635
19	2559843
19	8810308
19	47877871
19	47894860
19	47890785
19	6581585
19	47663473
19	47679311
19	36465208
19	8402351
19	47594304
19	47625453
19	53273415
19	47681500
19	7103531
19	7068196
19	22531073
19	22510964
19	19413296
19	8794381
19	37363138
19	44728212
19	881161
19	21431034
19	12267556
19	49436462
19	23328416
19	34981513
19	22488198
19	38511974
19	47871294
19	47871281
19	47865520
19	44734556
19	44729108
19	44741758
19	19362221
19	2601813
19	12960268
19	53243387
19	53251483
19	53261877
19	904528
19	36556570
19	36484546
19	36322595
19	36514036
19	8243562
19	8233527
19	7074550
19	7073604
19	8679223
19	8673697
19	8824231
19	21202034
19	36255323
19	8843246
19	47347020
19	47903117
19	47657867
19	47584234
19	47601823
19	12945743
19	55805430
19	55802162
19	55776725
19	55795036
19	33815993
19	23357870
19	8704900
19	8705006
19	8714219
19	55868148
19	55869766
19	55873284
19	55881685
19	55913077
19	55911888
19	41169257
19	41122772
19	41081392
19	3040156
19	55989684
19	55987971
19	55968950
19	55951241
19	3076810
19	47158236
19	47197603
19	3099984
19	3116727
19	3105989
19	47133570
19	15896974
19	15885164
19	48618991
19	5743813
19	55667193
19	55534155
19	12264090
19	3133855
19	36634414
19	36696838
19	36680300
19	36730933
19	53261512
19	46881242
19	46952058
19	3196669
19	3201697
19	11460095
19	3227104
19	3211223
19	46805409
19	38908009
19	8054334
19	8063707
19	3293595
19	46690997
19	18592267
19	39423668
19	10339075
19	11399638
19	56286510
19	39506832
19	17846215
19	17844192
19	45409478
19	43554087
19	43542576
19	52285036
19	52334684
19	50383830
19	52360653
19	52356802
19	52356575
19	52355754
19	52342896
19	11290429
19	11266912
19	11315963
19	11306524
19	52384029
19	52981107
19	52979376
19	52640729
19	52567364
19	52602294
19	38185402
19	30449082
19	30452770
19	30136751
19	30150517
19	30124779
19	33509819
19	33498339
19	41198399
19	4984577
19	6722011
19	20532422
19	40182948
19	40191154
19	16331971
19	11425829
19	30866779
19	52703472
19	44835638
19	58511799
19	6687584
19	6658625
19	6588256
19	53330415
19	43674285
19	43668036
19	45296184
19	43686474
19	13723268
19	13774313
19	13732419
19	17553609
19	43622127
19	43755209
19	43744726
19	45233960
19	6822208
19	29875895
19	29878103
19	28331262
19	6543331
19	6547130
19	7303825
19	40210745
19	43819797
19	43797248
19	924362
19	931523
19	4140566
19	55597369
19	4147448
19	4116654
19	4112990
19	819997
19	789890
19	49251802
19	49256237
19	49256951
19	37954304
19	4243795
19	49279364
19	49302085
19	49337797
19	21753871
19	58488473
19	34171545
19	24048427
19	40446241
19	41386702
19	8730717
19	8260009
19	39384305
19	43804850
19	51450840
19	27371786
19	43967057
19	54187532
19	54140778
19	52582406
19	17796030
19	44002097
19	22051986
19	3063411
19	48617177
19	31743605
19	13759339
19	48663618
19	18062793
19	18166396
19	48156434
19	48149543
19	48122535
19	40804666
19	6919613
19	55927974
19	53517089
19	52582560
19	58126131
19	45091337
19	47429131
19	53116212
19	42209683
19	10565747
19	10557776
19	41025800
19	16997325
19	17102182
19	7488135
19	7669625
19	7768804
19	8078281
19	14162829
19	50293648
19	50423485
19	50458805
19	50831634
19	50798809
19	51017231
19	51084386
19	6475602
19	10113872
19	5663909
19	29923680
19	48839012
19	48034328
19	47741312
19	47702468
19	37363678
19	45499198
19	38459264
19	55047554
19	511453
19	45884245
19	38206414
19	43626301
19	3114866
19	1250110
19	3783072
19	3753771
19	1114120
19	757412
19	57721640
19	57688731
19	57573562
19	57351137
19	57293156
19	57292994
19	34808057
19	35299600
19	2339950
19	53571493
19	29706248
19	58571238
19	51824531
19	2514567
19	56601810
19	14840868
19	1051215
19	1053678
19	16229063
19	16228904
19	44953923
19	41263199
19	49164094
19	8309523
19	50870791
19	51035305
19	6670518
19	10836846
19	48343219
19	48573800
19	29214876
19	4182942
19	4868790
19	4868677
19	43782361
19	850023
19	15821950
19	15822249
19	18073107
19	17725022
19	34944685
19	35115035
19	35645547
19	16238382
19	5822479
19	5823892
19	58385345
19	8695977
19	8865795
19	8876542
19	15613392
19	15613287
19	15460120
19	8463393
19	376382
19	57130730
19	2520718
19	1784945
19	13453138
19	18636795
19	32948281
19	1207239
19	1046521
19	362283
19	15929482
19	11298385
19	13754256
19	10315746
19	40603550
19	55276501
19	49488532
19	16415976
19	7977547
19	51366092
19	51347343
19	54354580
19	14447009
19	49921778
19	49983682
19	7168922
19	46721350
19	10803073
19	48072851
19	48047590
19	47782906
19	30535968
19	30472598
19	38523544
19	38665240
19	55172832
19	34367896
19	33402102
19	39705542
19	3114231
19	2933482
19	2141210
19	1413575
19	1427369
19	35113969
19	6229276
19	56058831
19	58559549
19	58557986
19	15612717
19	57130431
19	56777051
19	41758983
19	18669959
19	14765105
19	1039445
19	34077203
19	48083921
19	51503097
19	58098887
19	57972341
19	49031767
19	49069755
19	49524783
19	16490343
19	16490383
19	17337851
19	54200900
19	53992678
19	14476257
19	49719657
19	46296940
19	56424158
19	4342850
19	39815926
19	39766476
19	39698698
19	39696703
19	32405158
19	1993445
19	1864602
19	56529295
19	54454681
19	292082
19	8148894
19	8131615
19	638853
19	15192414
19	14479424
19	9968417
19	9967913
19	48019612
19	12649850
19	13224618
19	45614869
19	4475609
19	54874148
19	32103963
19	3207424
19	335946
19	50433330
19	19178151
19	51223357
19	51388594
19	17315692
19	49476636
19	17247324
19	9381465
19	46297176
19	5785102
19	48885397
19	48680027
19	57248467
19	51713310
19	51612392
19	18666857
19	58355068
19	43962944
19	55958630
19	39064401
19	53854510
19	46875768
19	47444971
19	48558467
19	49224739
19	50200002
19	33144855
19	33144981
19	2409867
19	2410334
19	2410485
19	17557161
19	48103274
19	50485504
19	40910238
19	7239544
19	594599
19	55838881
19	2906477
19	16287503
19	5522345
19	51045274
19	9822155
19	54315977
19	55170678
19	51034426
19	51224706
19	11973693
19	20818370
19	16315846
19	11173863
19	44875803
19	18031187
19	41093760
19	1396463
19	23235979
19	32690578
19	53911383
19	33573148
19	16295223
19	17215104
19	22941943
19	37801729
19	6409106
19	5832888
19	3403233
19	32614837
19	6645167
19	50257677
19	48090784
19	40588932
19	48024325
19	39811327
19	11770636
19	55857849
19	43710041
19	21203324
19	6617150
19	53286130
19	55846540
19	20799821
19	51451604
19	55514705
19	43914672
19	56552271
19	40920519
19	49050875
19	54661127
19	6622341
19	18069603
19	23301974
19	24263667
19	46426890
19	41609766
19	3113905
19	40943698
19	11777229
19	7629507
19	57210348
19	5450292
19	43988416
19	52085465
19	8322114
19	1057138
19	43985872
19	43985890
19	46854618
19	13783482
19	11263999
19	5517594
19	18039165
19	40073561
19	6951423
19	54245159
19	6647962
19	6556767
19	2996485
19	6697395
19	22817943
19	43912047
19	56575446
19	50845455
19	51701538
19	44058775
19	28484495
19	33803962
19	54033825
19	15629410
19	16018630
19	18966576
19	14668738
19	22939624
19	43659842
19	37093748
19	18284727
19	55228147
19	46868359
19	29063142
19	6812353
19	13783416
19	55963960
19	6702146
19	52653843
19	57309349
19	14626619
19	12288918
19	40472962
19	28603968
19	58274718
19	29458801
19	58288415
19	43459876
19	6139614
19	40552896
19	52584239
19	2580059
19	22816260
19	48613847
19	30832183
19	34480941
19	22653137
19	18056193
19	33755036
19	33424038
19	11831956
19	43681774
19	2183463
19	10540495
19	697514
19	691909
19	48165657
19	1684138
19	39731003
19	8985576
19	53096365
19	24093551
19	27578429
19	29896186
19	32763862
19	1765298
19	44094715
19	35855049
19	3698844
19	57065546
19	4335872
19	16182181
19	54704384
19	22102361
19	53381159
19	29861235
19	20384712
19	43934214
19	2465739
19	35857176
19	56649147
19	44583687
19	28728943
19	8586678
19	56658834
19	47853895
19	40225584
19	13305536
19	51586471
19	11116268
19	45490310
19	51862401
19	6933896
19	8121635
19	5995439
19	33262088
19	4591622
19	23760441
19	46420495
19	1952091
19	53886867
19	8577276
19	45341392
19	14327784
19	29376086
19	33693847
19	29897578
19	35865667
19	54232444
19	40055268
19	606473
19	54012620
19	50956775
19	6914817
19	54008661
19	6961171
19	13427729
19	5444440
19	15652965
19	15624316
19	15628420
19	55918858
19	54023718
19	6940398
19	6944832
19	39090097
19	6788896
19	3745548
19	6087125
19	36883364
19	57323884
19	58120309
19	56546369
19	56712448
19	56898287
19	57237017
19	57323938
19	57707478
19	57994869
19	58058263
19	58467150
19	55430141
19	55861339
19	55877698
19	55972497
19	55466542
19	56115079
19	56254091
19	56267672
19	56273862
19	55498514
19	47763273
19	48261438
19	48261600
19	50592374
19	50676640
19	51524422
19	51734449
19	51751098
19	52661804
19	52732993
19	53079183
19	53202301
19	53374451
19	53472214
19	39519043
19	41228154
19	44096224
19	44141595
19	38163911
19	45549196
19	45646628
19	45819572
19	46532068
19	38302679
19	38358156
19	47648101
19	47652526
19	48232030
19	48233449
19	48807508
19	49087681
19	49113819
19	49129052
19	49394692
19	49771704
19	50217817
19	50669961
19	50760039
19	50760175
19	38699948
19	38732762
19	51350098
19	38775649
19	51623881
19	51751943
19	51796422
19	51796632
19	51827056
19	52232045
19	52263609
19	52422567
19	52692343
19	52697071
19	52730020
19	38900907
19	38914160
19	53220360
19	53346193
19	53542420
19	53606553
19	53706346
19	53724032
19	39061510
19	39125881
19	37552358
19	37373780
19	39514000
19	39686196
19	40653288
19	41002115
19	41345604
19	41559909
19	37908821
19	43191688
19	43309176
19	43446931
19	44494017
19	44510006
19	44830577
19	44867911
19	45020201
19	45443141
19	45535295
19	45819327
19	45997036
19	46279999
19	46397567
19	46455750
19	47239053
19	47264386
19	47284330
19	8112061
19	8677305
19	8698023
19	7235378
19	9445179
19	9445363
19	10457843
19	11145609
19	11160191
19	11216932
19	11269536
19	11391615
19	7634461
19	7718688
19	8047738
19	8840208
19	8936200
19	9008566
19	7218371
19	7223837
19	7226133
19	10065987
19	10972534
19	7422427
19	11618382
19	11659764
19	11731508
19	7833655
19	7905750
19	28829151
19	29625280
19	31313465
19	31442369
19	27971080
19	32885114
19	32977161
19	33348648
19	28063681
19	34491654
19	28299092
19	36183403
19	28379442
19	28478742
19	29013645
19	29016797
19	29020083
19	29223448
19	29235625
19	29258537
19	29415607
19	29441192
19	29480319
19	29482604
19	29599976
19	29646128
19	29846220
19	29887934
19	30274863
19	30714393
19	30852005
19	30879887
19	31144406
19	31233474
19	32010596
19	32243285
19	32327504
19	32623500
19	32824212
19	33176423
19	33271351
19	33910791
19	33920567
19	33930286
19	28123065
19	28175772
19	34866434
19	35064286
19	35196172
19	28238686
19	35395758
19	35430364
19	35596765
19	35709498
19	28366100
19	28418764
19	53929955
19	54717449
19	55277127
19	54071493
19	54136151
19	54348175
19	54506292
19	53805300
19	54693357
19	2372680
19	2427817
19	2447217
19	2487860
19	945710
19	2532727
19	2591877
19	2738354
19	2846784
19	3432254
19	3804703
19	3879035
19	4796770
19	5308738
19	1774000
19	1871342
19	1920343
19	2374095
19	2524687
19	2857289
19	2900520
19	2980271
19	3054569
19	3229226
19	3235190
19	3309023
19	3363567
19	3524313
19	3750871
19	3792247
19	3928371
19	4182063
19	4268344
19	1123379
19	4306314
19	4582193
19	4821600
19	4998360
19	5404765
19	6258546
19	6306960
19	6711947
19	1720333
19	16039969
19	16060551
19	16328579
19	17353904
19	17769819
19	17820688
19	18989978
19	19434290
19	15130004
19	20031135
19	20708000
19	15241561
19	21569207
19	15557329
19	15720059
19	15863583
19	15956979
19	16025595
19	16158674
19	16164961
19	16257717
19	16258599
19	16998626
19	17019591
19	17107741
19	17244016
19	17292224
19	17376811
19	17484891
19	17505232
19	14897902
19	17647559
19	17915985
19	17972810
19	18006837
19	18306162
19	18473971
19	15007586
19	18701156
19	14648224
19	18733554
19	19247863
19	19828578
19	15131333
19	19944193
19	20524762
19	20690284
19	15393571
19	15522625
19	15572834
19	15607010
19	39083211
19	48818719
19	7892596
19	55637023
19	58233567
19	3737243
19	21291371
19	301639
19	304499
19	319822
19	326481
19	397531
19	4237070
19	464612
19	508626
19	14532687
19	13143660
19	13451853
19	13594482
19	14308244
19	14314541
19	14362224
19	14463440
19	14503430
19	14516238
19	13264099
19	13272499
19	13310119
19	13357617
19	13486189
19	13042221
19	23886364
19	22546516
19	23181763
19	23570990
19	22312076
19	22691364
19	38993441
19	48875737
19	40887855
19	43303030
19	3746089
19	34054650
19	13499184
19	48705753
19	48350396
19	56108891
19	35229873
19	55654109
19	48705608
19	56077243
19	36866387
19	3185565
19	7553774
19	31823718
19	31823524
19	13631888
19	56098002
19	48702915
19	44945208
19	48861368
19	44873027
19	44863522
19	34200544
19	34063546
19	7871322
19	34100755
19	7894595
19	48732921
19	40175480
19	7856737
19	7559193
19	35219782
19	7537153
19	13618147
19	36918659
19	58276870
19	58173244
19	34056537
19	34095952
19	7849088
19	11077477
19	8311547
19	3184085
19	36865061
19	8452502
19	35228035
19	48873325
19	39433489
19	6782563
19	7787451
19	36950209
19	39047255
19	34093232
19	39069167
19	7559449
19	21248379
19	34112561
19	7816144
19	50238313
19	367313
19	5431254
19	7546231
19	55587569
19	46714657
19	50233699
19	11113589
19	15697074
19	830854
19	50251438
19	31757581
19	823550
19	7534849
19	6910399
19	52540022
19	7772420
19	23414323
19	48874062
19	3709066
19	54923207
19	11501683
19	21236750
19	20826032
19	15691876
19	55520796
19	50242151
19	52514440
19	54923450
19	5962519
19	15700521
19	11131239
19	54173068
19	56127476
19	50352692
19	55528684
19	50189876
19	50248104
19	38582511
19	39024204
19	39584817
19	40337220
19	41011783
19	28815039
19	44113232
19	44366867
19	45112599
19	45450247
19	45479522
19	45638088
19	29082780
19	45908997
19	46146773
19	46517307
19	29187773
19	46820127
19	46962109
19	47974853
19	48580236
19	49576194
19	49953261
19	49989034
19	50537159
19	50586351
19	51012412
19	51263951
19	51314897
19	51660131
19	51962812
19	52238459
19	52426002
19	52634690
19	52880932
19	53045697
19	53092916
19	53235732
19	53392563
19	53574302
19	53664016
19	53803564
19	54354326
19	54385273
19	54440226
19	54506249
19	54519193
19	55171736
19	55372511
19	30086322
19	55746673
19	55870786
19	56304554
19	30159956
19	30219878
19	57095193
19	57101831
19	57344562
19	57468799
19	57906058
19	58125785
19	58164549
19	58249741
19	30361177
19	30553118
19	30801812
19	31163709
19	31376715
19	32093461
19	32439163
19	32510840
19	32576461
19	32626760
19	32941803
19	27821292
19	33654455
19	33708862
19	33953302
19	35293263
19	35486407
19	35506461
19	28125100
19	28161635
19	37106493
19	1517293
19	1925390
19	2300887
19	2547017
19	2677014
19	2989699
19	4297971
19	4830616
19	5459078
19	6933720
19	6994976
19	7084296
19	7136478
19	7266933
19	18791783
19	19616233
19	19944014
19	19978603
19	20051886
19	20388716
19	20588017
19	21066623
19	9934449
19	23209676
19	23245709
19	24159782
19	10210413
19	10368269
19	11054114
19	12375414
19	13347429
19	13905123
19	14036451
19	9187688
19	14456381
19	14610207
19	15024929
19	15026431
19	15460527
19	9327136
19	16005773
19	17135122
19	17288667
19	17864821
19	17964268
19	54302487
19	7835676
19	7775470
19	54087566
19	7359642
19	7372463
19	8041637
19	8093190
19	15586172
19	50282129
19	5469821
19	5517023
19	56125390
19	6033965
19	5525977
19	38992910
19	7647391
19	1088286
19	48793397
19	44888997
19	44878777
19	366451
19	39165761
19	39132206
19	39081349
19	39115242
19	31784140
19	55544070
19	34237715
19	45379704
19	54973805
19	16843069
19	16749581
19	52369770
19	18616046
19	40581585
19	18177259
19	1106616
19	56613760
19	10724729
19	15618245
19	15040907
19	14928804
19	14928707
19	31531093
19	39831200
19	35380805
19	3374704
19	12166454
19	11164463
19	35307157
19	12700231
19	35946714
19	42443260
19	41304739
19	33867701
19	57152426
19	20699443
19	22585969
19	8094525
19	4053015
19	45692498
19	36072847
19	51580299
19	51571113
19	20773092
19	34032878
19	8972467
19	50757732
19	16709292
19	4866439
19	36413876
19	57409403
19	23748077
19	49818253
19	4175788
19	7698092
19	7371292
19	8138444
19	57283937
19	28898204
19	37043437
19	28326599
19	11540995
19	30183868
19	28740224
19	10766165
19	53440585
19	9807553
19	43372739
19	28457482
19	33047508
19	17108295
19	19711240
19	23206266
19	9906459
19	52167652
19	44402786
19	10510432
19	13653285
19	29749945
19	15658854
19	9768019
19	39103192
19	53190970
19	49120678
19	20300734
19	52312637
19	14962414
19	35951215
19	40651035
19	28789022
19	38429568
19	699109
19	30393500
19	1784212
19	30429629
19	32605880
19	6984697
19	765568
19	51509775
19	57279245
19	4333714
19	12580371
19	14978361
19	39626871
19	5464277
19	16081815
19	21791127
19	40310623
19	15002863
19	34991210
19	53215862
19	15001596
19	35989772
19	21210385
19	12529097
19	28001431
19	7014426
19	14265083
19	48256972
19	29060626
19	33441409
19	47842904
19	36666699
19	38767470
19	23523522
19	31614399
19	51719868
19	2403566
19	9991501
19	35819173
19	53436414
19	2190691
19	37056317
19	27937709
19	31958935
19	988136
19	50733577
19	4559634
19	8313986
19	40347585
19	17588440
19	49366283
19	52746094
19	41717688
19	38061798
19	28874001
19	1808684
19	7011549
19	19560275
19	28367455
19	9047528
19	15020856
19	48611126
19	31989342
19	7335780
19	54348580
19	44434805
19	11192131
19	14873085
19	5756440
19	3020693
19	55421094
19	30220335
19	55790810
19	51383668
19	8957854
19	318308
19	56964750
19	30542565
19	29721196
19	47292712
19	32166182
19	46416646
19	32609432
19	43076596
19	17950700
19	39086724
19	20362744
19	53328571
19	49091750
19	28078494
19	56387484
19	57358779
19	35216655
19	4610226
19	7502871
19	41032319
19	28406653
19	52597070
19	28233121
19	34821066
19	29533866
19	51803294
19	13265722
19	35086966
19	13374039
19	12787002
19	14921022
19	11156017
19	51868425
19	41698367
19	54182441
19	18489246
19	36965001
19	44349555
19	50305492
19	34728643
19	10529704
19	11759768
19	17675983
19	14873280
19	17541587
19	52921071
19	57135647
19	28459297
19	53112738
19	40835684
19	35284538
19	49798288
19	32523737
19	1989868
19	57778433
19	4848581
19	15571517
19	55969004
19	5224459
19	13581137
19	4510548
19	28900990
19	15961227
19	53994790
19	45823795
19	7170230
19	54494386
19	39540064
19	22320213
19	446887
19	12451203
19	52790581
19	28892791
19	35388636
19	22791701
19	35682635
19	11253819
19	58389380
19	32449827
19	45638795
19	6151692
19	28901839
19	2396245
19	43471361
19	17358573
19	32327423
19	30315258
19	45920606
19	21614141
19	17350190
19	48280960
19	21268763
19	21725251
19	40897420
19	39860089
19	56008329
19	14545053
19	19581770
19	58282188
19	35463739
19	20675819
19	15673306
19	19005042
19	35519356
19	51205136
19	45685368
19	6401577
19	52739773
19	32901181
19	22482546
19	44979313
19	36267592
19	28160795
19	38226738
19	22110904
19	50493906
19	32343641
19	35074648
19	49375933
19	53322920
19	46568570
19	20363846
19	46655334
19	2452202
19	51677116
19	37427707
19	7283403
19	33452175
19	21160283
19	51319761
19	17226095
19	30707055
19	53703434
19	44060954
19	20449142
19	41864668
19	40635529
19	58373598
19	23247634
19	11804370
19	57315529
19	7199330
19	17128756
19	50511593
19	8631070
19	37034969
19	53983519
19	53668103
19	8700228
19	51175226
19	12058496
19	28641791
19	56481569
19	54271535
19	5325359
19	20355246
19	15152574
19	11708378
19	9188900
19	1986456
19	2517877
19	55807801
19	8388938
19	1388321
19	7278441
19	15873698
19	29407280
19	51874382
19	45100905
19	44642803
19	12456479
19	41056313
19	53390085
19	13661216
19	27895015
19	50935953
19	4818366
19	16660607
19	10552489
19	54477559
19	43301579
19	46217407
19	12047024
19	44070547
19	4724720
19	8477853
19	55816747
19	30017898
19	51600042
19	54426292
19	20050922
19	12688380
19	45336762
19	30716685
19	40929831
19	52655831
19	28792138
19	56145644
19	51853538
19	46056766
19	327182
19	52679298
19	12299109
19	6921857
19	13551646
19	53708649
19	56050799
19	30822989
19	29492416
19	58206902
19	5644363
19	7573760
19	52908195
19	316040
19	33875488
19	19744845
19	54338210
19	18736055
19	33938890
19	41703031
19	10468798
19	40954513
19	17163083
19	32716739
19	52886845
19	11954195
19	8810271
19	20185384
19	3851346
19	7720793
19	13341461
19	45572968
19	53315183
19	30286129
19	57096762
19	19157181
19	12417037
19	54474097
19	2028986
19	52615776
19	10028663
19	7442558
19	11770531
19	31972672
19	32084432
19	47632489
19	30255846
19	56962752
19	39513104
19	39556223
19	43362671
19	40718993
19	45971170
19	8088439
19	52808310
19	40622806
19	23874001
19	33011350
19	35935765
19	57097228
19	51565474
19	46281503
19	18776867
19	53828638
19	58417419
19	35692712
19	42928445
19	28448852
19	51904963
19	1685553
19	21352905
19	40506283
19	53674019
19	57193913
19	13692356
19	11059271
19	32453659
19	27908212
19	6760963
19	15661604
19	8206837
19	56687205
19	45853290
19	20589505
19	16005214
19	44556077
19	15214499
19	56936626
19	27829014
19	8344190
19	5943295
19	18590689
19	15206262
19	40367057
19	22464048
19	27933896
19	9718627
19	33447894
19	44929300
19	6943399
19	32325665
19	40094774
19	53828807
19	52223795
19	39051449
19	1926028
19	15968156
19	35453473
19	37692214
19	30119493
19	37143389
19	33088222
19	15904289
19	20287457
19	43380933
19	6942483
19	30613672
19	52736116
19	7782001
19	22355060
19	51020021
19	53050987
19	7430071
19	34605359
19	21777605
19	23935633
19	46600171
19	35566898
19	45887022
19	699532
19	32081742
19	4755166
19	55103392
19	16669813
19	50872347
19	51657052
19	9228723
19	29322346
19	8915975
19	5598346
19	4202796
19	1348165
19	30401576
19	51784199
19	46080581
19	51571221
19	32186276
19	30688087
19	24039984
19	54398911
19	55914707
19	56976129
19	18883829
19	30601609
19	14632433
19	14632191
19	11060163
19	56202285
19	5070798
19	2317667
19	29550646
19	54352554
19	56713022
19	7968464
19	32641389
19	5991611
19	49877601
19	5582524
19	14633220
19	38049348
19	22187022
19	58387596
19	46083884
19	29550119
19	1682777
19	30845808
19	4007082
19	35651285
19	28006774
19	55511245
19	11551075
19	58318895
19	54936227
19	3344479
19	687835
19	48809743
19	801381
19	3990293
19	19604985
19	18700302
19	1018319
19	5288171
19	1978272
19	1124836
19	13128326
19	3471277
19	41578234
19	18123631
19	29293766
19	454430
19	3698335
19	39872380
19	46391529
19	56589526
19	29247041
19	4448846
19	49994266
19	32879164
19	9965850
19	49883083
19	7421223
19	30608983
19	29499031
19	7866639
19	33243022
19	45993535
19	34849062
19	30241595
19	17072129
19	39855278
19	2888244
19	15117731
19	8949132
19	4742453
19	39849038
19	7222821
19	14603999
19	16200259
19	32972152
19	32972032
19	57684839
19	32595185
19	49015227
19	36152793
19	7704680
19	14560025
19	16589240
19	16589002
19	44660404
19	33553411
19	1904613
19	17430208
19	15960642
19	55738079
19	18854146
19	18859548
19	1101993
19	27657865
19	18709498
19	3835179
19	3660621
19	14973943
19	1782799
19	57231966
19	28402872
19	2073467
19	15893728
19	28543233
19	30235127
19	45509757
19	2646074
19	2728973
19	46284226
19	54193224
19	46009259
19	3351892
19	28859690
19	7972156
19	30458436
19	34733565
19	20098780
19	28562211
19	15157708
19	23072705
19	16758152
19	16909097
19	16835953
19	16892978
19	16779432
19	54936204
19	54940429
19	16518378
19	5832198
19	52531345
19	34989009
19	50285246
19	50279205
19	1490704
19	10994932
19	40796801
19	7620957
19	5479511
19	35487397
19	23510288
19	54289334
19	35778021
19	22287566
19	15470214
19	39252525
19	57332552
19	51842216
19	53093561
19	1451255
19	9939508
19	7383946
19	39671379
19	260912
19	52124096
19	34119436
19	9147974
19	11653681
19	8841379
19	48152502
19	690369
19	56340666
19	53586698
19	13969078
19	3586473
19	9531090
19	32618097
19	12050430
19	17311593
19	40994308
19	20669496
19	57327782
19	5257800
19	34637985
19	28399947
19	50920290
19	46836196
19	56884882
19	24175589
19	54499599
19	50580338
19	58380693
19	1796167
19	54285412
19	41217982
19	16650266
19	56906160
19	50060642
19	55814692
19	23437830
19	31572640
19	15496697
19	55814801
19	50663194
19	10312563
19	55504896
19	9031263
19	46060395
19	51526078
19	33189876
19	46312242
19	47139523
19	33173734
19	14587419
19	46570562
19	50920372
19	55814854
19	54637036
19	16299719
19	10135353
19	21201450
19	46002268
19	39770984
19	14706880
19	29694790
19	53161195
19	52836796
19	38274432
19	40996617
19	51479780
19	18385297
19	33989736
19	18811635
19	35445102
19	54931106
19	32873722
19	29733557
19	38189999
19	13328316
19	16033776
19	30112626
19	36194788
19	29805946
19	30431305
19	9207188
19	15839085
19	46532179
19	31177753
19	19699269
19	54976782
19	23884546
19	46294573
19	10786937
19	40857860
19	13519075
19	45881201
19	53099700
19	17264404
19	3769051
19	35326811
19	16001930
19	52981837
19	31536509
19	48654881
19	21652511
19	34788268
19	7415781
19	49720112
19	32140986
19	40891756
19	16604155
19	33614472
19	38061979
19	53194684
19	32308032
19	57131683
19	53658331
19	14575122
19	14814814
19	32338400
19	14554121
19	30588362
19	11619730
19	3500716
19	10228000
19	18536122
19	50938551
19	17517928
19	44869097
19	53325868
19	32791430
19	28840826
19	49209651
19	52344735
19	51742862
19	51742904
19	18817671
19	24034262
19	50633587
19	28061084
19	784824
19	750173
19	47812272
19	52384174
19	6325648
19	19997253
19	13859811
19	8169793
19	52016355
19	19749036
19	16998540
19	55710218
19	51627084
19	49964814
19	28227753
19	32103916
19	18355813
19	57070632
19	16945866
19	41684301
19	20293179
19	13367356
19	11546244
19	53074166
19	51341724
19	4875696
19	15087820
19	28996410
19	41167943
19	33581421
19	58390823
19	32318845
19	34646097
19	56610076
19	12384208
19	55756181
19	34668016
19	40080794
19	18514154
19	56287935
19	16015985
19	34852018
19	11755695
19	28556227
19	20474975
19	28895154
19	39941350
19	33223656
19	58582769
19	37012997
19	53685201
19	28468592
19	33223022
19	29040910
19	57174843
19	51514686
19	54588992
19	29565428
19	8334388
19	28486409
19	20025895
19	6371787
19	44898409
19	29108679
19	35728624
19	29373614
19	35214434
19	4287380
19	36794491
19	32957298
19	1690896
19	47008735
19	38142112
19	38747310
19	23190196
19	23540359
19	28150289
19	5455967
19	35430795
19	18596238
19	5212912
19	21403434
19	14212603
19	52257962
19	14886332
19	52258035
19	28061308
19	5903796
19	34364378
19	29318944
19	2034152
19	58246602
19	49940804
19	45655255
19	52638313
19	44702607
19	56178600
19	57201927
19	16870233
19	21618479
19	44593705
19	48744529
19	57154382
19	39062893
19	47835578
19	14861534
19	15087696
19	18144549
19	31692265
19	29591296
19	36528840
19	17761260
19	691025
19	55783245
19	17204065
19	23818971
19	13407648
19	55945532
19	48579008
19	53289789
19	1916393
19	5375862
19	16505609
19	12113357
19	16074749
19	43262507
19	54390781
19	56886780
19	17469175
19	3664096
19	14493120
19	16939758
19	7171618
19	29489902
19	32155066
19	9035796
19	53576890
19	41189899
19	57244140
19	32935456
19	1029993
19	5399900
19	40954716
19	9555971
19	51694877
19	53018847
19	30256205
19	14731430
19	52928741
19	52004796
19	45786245
19	33620377
19	15852885
19	10247784
19	57205713
19	56318888
19	51507150
19	56057612
19	3828435
19	27912644
19	16066130
19	44049227
19	4654745
19	37987825
19	57072350
19	5195906
19	30490732
19	4214470
19	52871534
19	56692367
19	56971640
19	34118777
19	7439518
19	29036352
19	23204986
19	52446988
19	19762460
19	57036921
19	51406567
19	32264884
19	11214553
19	34298103
19	44980181
19	51272863
19	28407156
19	8990996
19	9519248
19	6460203
19	38139520
19	5353565
19	5426438
19	16943682
19	11588378
19	43694374
19	33386843
19	20956856
19	3311832
19	2533618
19	22610281
19	46546671
19	33842596
19	45531300
19	15032642
19	2962277
19	51057766
19	43150057
19	51391484
19	39866378
19	2306576
19	14637301
19	33763589
19	35233861
19	52311895
19	32522600
19	5573333
19	7791675
19	4668405
19	45570214
19	10649984
19	12573745
19	32708877
19	46059515
19	51729071
19	46498116
19	20190836
19	50267929
19	9154005
19	39486533
19	31635306
19	8177627
19	54081109
19	35578593
19	32663405
19	15023114
19	21291587
19	56212123
19	48888147
19	56438598
19	21592569
19	33626186
19	12085375
19	21592692
19	11929468
19	28522014
19	33161341
19	27954049
19	56483415
19	3966134
19	14804102
19	44430478
19	27969717
19	38942659
19	7000770
19	2542675
19	9889630
19	10497388
19	43311416
19	32457721
19	31487802
19	33039905
19	34897248
19	17464493
19	29316399
19	29859232
19	31562424
19	40501203
19	40509015
19	17278895
19	12745403
19	12748052
19	52429167
19	31643033
19	48325971
19	46824880
19	6284652
19	39565655
19	27610214
19	24304548
19	582927
19	36928540
19	36876230
19	36809652
19	36758248
19	47513098
19	47512315
19	47444725
19	47450914
19	37994584
19	37981704
19	38019616
19	20180454
19	48804742
19	11208815
19	40550886
19	44621377
19	44576560
19	44612177
19	38035158
19	38122714
19	38122353
19	582775
19	44610699
19	2833866
19	7766280
19	1925943
19	17037346
19	588305
19	2714722
19	56234151
19	49948251
19	10558277
19	46490229
19	46478686
19	29271655
19	46422418
19	12478688
19	4768905
19	39160190
19	30179531
19	58480533
19	51050815
19	2833433
19	35520976
19	18898661
19	2528707
19	41479894
19	46313531
19	4502189
19	34974283
19	33887808
19	14305981
19	4288335
19	33185771
19	33269433
19	9885191
19	9885167
19	10009895
19	10021017
19	50655223
19	33398094
19	9841240
19	8506419
19	28914072
19	17283695
19	33570032
19	29663530
19	7184751
19	55160006
19	17243777
19	39194269
19	13156371
19	19553041
19	32908438
19	19647381
19	51893288
19	41397766
19	22506585
19	38422124
19	29485503
19	29421507
19	10707416
19	10727001
19	11166068
19	11155908
19	11152974
19	40253753
19	5355426
19	5352540
19	4607575
19	29063288
19	44499215
19	58451591
19	1843494
19	12163706
19	13849572
19	14122922
19	52686319
19	48962127
19	55622672
19	49188565
19	663929
19	15811914
19	15992695
19	18030314
19	9252123
19	48962703
19	29834349
19	50727811
19	29664177
19	30496197
19	35109606
19	28589677
19	2977640
19	30739763
19	29029382
19	38643178
19	41678181
19	44217546
19	45916515
19	49147785
19	49388265
19	51422265
19	52264844
19	52775729
19	53719570
19	55226448
19	56739143
19	58003107
19	58007148
19	58007166
19	32466353
19	1189483
19	18928681
19	20975328
19	9886542
19	22089941
19	23580362
19	10150193
19	14526116
19	14632112
19	14768222
19	16979802
19	58297343
19	22431320
19	7419855
19	28194740
19	38968722
19	40225464
19	54660695
19	4442339
19	38831447
19	28991104
19	21601193
19	21438578
19	19408759
19	29701568
19	17403172
19	20643886
19	56527800
19	56527945
19	17191438
19	30288324
19	2649220
19	55939166
19	15837008
19	17256626
19	33415858
19	39187438
19	57078917
19	10486104
19	36459269
19	12330430
19	14227086
19	8502664
19	1013022
19	9487911
19	17310423
19	1329640
19	53778068
19	28301573
19	39758269
19	30882881
19	35194041
19	21654907
19	51871449
19	35194553
19	11599494
19	12613831
19	30807136
19	56488804
19	56492568
19	28102631
19	11726877
19	4640971
19	14383661
19	56582451
19	38888164
19	32142639
19	28375689
19	33546376
19	21102487
19	56739530
19	28096627
19	51903526
19	28452798
19	11603118
19	29813576
19	52184435
19	36056628
19	49909160
19	18258159
19	40850414
19	40991441
19	41009350
19	40848266
19	10315384
19	10689544
19	11169877
19	11617386
19	11722492
19	11832410
19	11950023
19	11978654
19	12015816
19	12276052
19	12924957
19	14597152
19	15682507
19	16501340
19	17460595
19	17624909
19	19030966
19	19034191
19	19711810
19	19794791
19	21726972
19	22089092
19	23359702
19	23653882
19	23654132
19	23654179
19	23654407
19	24106616
19	2853584
19	3057674
19	32463894
19	35505938
19	35720940
19	3744034
19	37532355
19	37532482
19	37636033
19	38359513
19	38362833
19	38413019
19	38505923
19	39734281
19	39972474
19	40075814
19	41438219
19	43962812
19	43997297
19	44086181
19	44131221
19	44157537
19	44176574
19	44177537
19	44236153
19	44327831
19	44388036
19	44428755
19	44477352
19	46160468
19	4705953
19	47883702
19	48234412
19	48286843
19	51226317
19	51612414
19	51993692
19	52156036
19	52290653
19	52349236
19	52415232
19	52554330
19	52613258
19	52801666
19	53237153
19	53237547
19	53491568
19	53492000
19	54042227
19	54254876
19	54361244
19	54985207
19	55200359
19	55810033
19	55910562
19	55912497
19	56190227
19	56384597
19	56577843
19	57160643
19	57355416
19	57421353
19	57547682
19	57607029
19	57685385
19	57754652
19	57808728
19	57926995
19	57942426
19	58261139
19	58434730
19	58469178
19	6897463
19	6921883
19	7529173
19	7746055
19	8257942
19	8821178
19	8889761
19	8899970
19	8948758
19	8950721
19	8954218
19	8966022
19	8977242
19	9413596
19	9466757
19	9467341
19	9528979
19	373935
19	571579
19	1056378
19	1057917
19	1360147
19	1364580
19	1398911
19	1398964
19	1809641
19	2097068
19	2098451
19	2389932
19	2402017
19	2737107
19	2834217
19	2834592
19	2851521
19	2853383
19	2876134
19	2877271
19	2877346
19	2917423
19	2918093
19	2933857
19	2994018
19	3576625
19	3730130
19	3735936
19	3738554
19	3750581
19	3750662
19	4153779
19	4177079
19	4333760
19	4504932
19	4658086
19	4659926
19	4839536
19	4839537
19	4902671
19	5616442
19	5757932
19	5768166
19	5772791
19	5772792
19	5896900
19	6147541
19	6478783
19	6479664
19	6684651
19	6690629
19	6702541
19	6887640
19	6908777
19	6977357
19	7082023
19	7122613
19	7172285
19	7527877
19	7536448
19	7690502
19	7744195
19	8256710
19	8261844
19	8465478
19	8731044
19	8811565
19	8811940
19	8842731
19	8865584
19	8868539
19	8882326
19	8908597
19	8916539
19	8916900
19	8947873
19	8952711
19	8960847
19	8966521
19	8975408
19	9114959
19	9160113
19	9297949
19	9341105
19	9342727
19	9381745
19	9470392
19	9471319
19	9531056
19	9533839
19	9535281
19	9536208
19	9757585
19	9757669
19	9758193
19	9763358
19	9763410
19	9811697
19	9978891
19	9979418
19	10017216
19	10093692
19	10094757
19	10151393
19	10160384
19	10351093
19	10352497
19	10395228
19	10565022
19	10638320
19	10689401
19	10904986
19	10919685
19	11010532
19	11019702
19	11058368
19	11100340
19	11100345
19	11113679
19	11116874
19	11120101
19	11131299
19	11214270
19	11337279
19	11415958
19	11617302
19	11617722
19	11617806
19	11721823
19	11777737
19	11806224
19	11806425
19	11830616
19	11831459
19	11831618
19	11904875
19	11904887
19	11904892
19	11949846
19	11978356
19	12014967
19	12015057
19	12016203
19	12017871
19	12045166
19	12046711
19	12074076
19	12074081
19	12074162
19	12132609
19	12132636
19	12135551
19	12272946
19	12273114
19	12273198
19	12273366
19	12275986
19	12318716
19	12319518
19	12319763
19	12349904
19	12350240
19	12350925
19	12350996
19	12363673
19	12430611
19	12464028
19	12526967
19	12581363
19	12628223
19	12628643
19	12629229
19	12663312
19	12663786
19	12668363
19	12878665
19	13926730
19	14030911
19	14409037
19	14595315
19	14600135
19	14647261
19	14651085
19	14718558
19	14719116
19	14719128
19	14746291
19	14751450
19	14827305
19	14827695
19	15021679
19	15021712
19	15055534
19	15088014
19	15231057
19	15404009
19	15537989
19	15549189
19	15622336
19	15652636
19	15922362
19	15923810
19	15927207
19	16164882
19	16403861
19	16413768
19	16440857
19	16490546
19	16495746
19	16495853
19	16659395
19	16749148
19	16789135
19	16807585
19	16815129
19	16862955
19	16945681
19	17059556
19	17059557
19	17420416
19	17501424
19	17517855
19	17888350
19	18173973
19	18175699
19	18258157
19	18445219
19	18472835
19	18786147
19	19057750
19	19150747
19	19267715
19	19303724
19	19570585
19	19679626
19	19711390
19	19711519
19	19712398
19	19795553
19	20119175
19	20197935
19	20934107
19	20949319
19	21022886
19	21034186
19	21056738
19	21117970
19	21118054
19	21143648
19	22088638
19	22088747
19	23653798
19	24087337
19	24126421
19	24127882
19	29817559
19	29817564
19	30007589
19	32354031
19	32360590
19	32617584
19	32642066
19	32842191
19	32842248
19	32899958
19	32901240
19	32901393
19	32918329
19	32926185
19	32931424
19	32948332
19	33118041
19	33126733
19	33462995
19	33464061
19	33771450
19	34328156
19	34438766
19	34739626
19	34759315
19	34759567
19	34759882
19	34760307
19	34767413
19	34943804
19	34944056
19	35228053
19	35295459
19	35312326
19	35341492
19	35345131
19	35498874
19	35505939
19	35560872
19	35744011
19	35745347
19	35812895
19	36013013
19	36094165
19	36142967
19	36149641
19	36393292
19	36548190
19	36639408
19	36656502
19	36818861
19	36819524
19	36876881
19	36877495
19	36877737
19	36892190
19	36915129
19	36936795
19	36950165
19	36950624
19	36950858
19	36950911
19	37091051
19	37235598
19	37235618
19	37362594
19	37362801
19	37363708
19	37363804
19	37363811
19	37388539
19	37389238
19	37532352
19	37532463
19	37533404
19	37536935
19	37537058
19	37565086
19	37565155
19	37586668
19	37698390
19	37698951
19	37888813
19	37891579
19	38287875
19	38315717
19	38362786
19	38496265
19	38527057
19	38543420
19	38580504
19	38586003
19	39031024
19	39031077
19	39031305
19	39329075
19	39393552
19	39459589
19	39485543
19	39704544
19	39707248
19	39731479
19	39784678
19	39786002
19	39836551
19	39840233
19	39863498
19	39913690
19	39928049
19	40006095
19	40008528
19	40014036
19	40014378
19	40014915
19	40015566
19	40034710
19	40035391
19	40035886
19	40036028
19	40036468
19	40036508
19	40209219
19	40580449
19	40729200
19	40751447
19	41006979
19	41116617
19	41397181
19	41410922
19	41422702
19	41433669
19	41577427
19	41577560
19	41687054
19	41838880
19	41849256
19	42426504
19	42510896
19	42518948
19	42518954
19	42519134
19	42588784
19	42723942
19	42738959
19	42935770
19	43184970
19	43185001
19	43185149
19	43204027
19	43418350
19	43495341
19	43738219
19	43848077
19	43848102
19	43914721
19	43965325
19	43967051
19	43967060
19	43991870
19	43996423
19	43996455
19	43996654
19	44010517
19	44032671
19	44082106
19	44086160
19	44101226
19	44107723
19	44108246
19	44156413
19	44156593
19	44157439
19	44157583
19	44157682
19	44172157
19	44175659
19	44176118
19	44177246
19	44177561
19	44235283
19	44236717
19	44266943
19	44266962
19	44273944
19	44274660
19	44287712
19	44328860
19	44429094
19	44476542
19	44476617
19	44657805
19	44949217
19	45090106
19	45357472
19	45409283
19	45674740
19	46003417
19	46124268
19	46312063
19	46312064
19	46494640
19	46494975
19	47376990
19	47409499
19	47493411
19	47879080
19	48008649
19	48008674
19	48052953
19	48052992
19	48055026
19	48105416
19	48221729
19	48327628
19	48617385
19	48714910
19	48741030
19	48742207
19	48881109
19	48883777
19	48885562
19	48966300
19	49151512
19	49189096
19	49210228
19	49290572
19	49290605
19	49293338
19	49293384
19	49309649
19	49468967
19	49490297
19	49705303
19	50007827
19	50009308
19	50225677
19	50271961
19	50629779
19	51265649
19	51341960
19	51380246
19	51452337
19	51480462
19	51499169
19	51531434
19	51587583
19	51723923
19	51746722
19	51824221
19	51873206
19	51945730
19	51965552
19	51993314
19	51994493
19	52033746
19	52034334
19	52034670
19	52041475
19	52115685
19	52116836
19	52156620
19	52269620
19	52290065
19	52290569
19	52322328
19	52322748
19	52366207
19	52373194
19	52383921
19	52384331
19	52385003
19	52385105
19	52415174
19	52415546
19	52415624
19	52415687
19	52416527
19	52435080
19	52438655
19	52438952
19	52510844
19	52511420
19	52597006
19	52800444
19	52800494
19	52841002
19	52841528
19	52881189
19	52949965
19	53068418
19	53140319
19	53140403
19	53148813
19	53165085
19	53165166
19	53165565
19	53175440
19	53237697
19	53243847
19	53258968
19	53290171
19	53290288
19	53352554
19	53407928
19	53408171
19	53491348
19	53577442
19	53634560
19	53636795
19	53810716
19	53810717
19	53810899
19	53814908
19	53900324
19	53998237
19	53998318
19	54041915
19	54042167
19	54145817
19	54158277
19	54158293
19	54158332
19	54307452
19	54535648
19	54542647
19	54632158
19	54930654
19	54934489
19	54983640
19	54985217
19	54990097
19	54994439
19	55154207
19	55386712
19	55517620
19	55729830
19	55729954
19	55733398
19	55817903
19	55858303
19	55859249
19	55898770
19	55910734
19	55912805
19	55913078
19	55913171
19	55924966
19	55932067
19	55955459
19	55962065
19	55973823
19	55973827
19	56033699
19	56033714
19	56061463
19	56469914
19	56511604
19	56511609
19	56525070
19	56550578
19	56577504
19	56577591
19	56789874
19	56817837
19	56824342
19	56824379
19	57129207
19	57155265
19	57155267
19	57160798
19	57211796
19	57212853
19	57291727
19	57328993
19	57368580
19	57378003
19	57399689
19	57420807
19	57445309
19	57474414
19	57476629
19	57493869
19	57493893
19	57531068
19	57538388
19	57538817
19	57547586
19	57590706
19	57590919
19	57606147
19	57641351
19	57676224
19	57687413
19	57687449
19	57687497
19	57688253
19	57702269
19	57702381
19	57720837
19	57721005
19	57723212
19	57753298
19	57754457
19	57754559
19	57754568
19	57776612
19	57873436
19	57873775
19	57873844
19	57873914
19	57874024
19	57926156
19	57926185
19	57926293
19	57926377
19	57926602
19	57926929
19	57927013
19	57927097
19	57930558
19	57972505
19	58061707
19	58067211
19	58127943
19	58128837
19	58251372
19	58339123
19	58417065
19	58433493
19	58434204
19	58434912
19	58435202
19	58436960
19	58437217
19	58469307
