20	13759800
20	1476316
20	16427155
20	16749009
20	17409306
20	18159199
20	20026813
20	20639865
20	2310184
20	25453456
20	277082
20	2838343
20	35653647
20	35654350
20	38553961
20	44197369
20	44621032
20	50894289
20	59192883
20	59992400
20	60012729
20	5922636
20	6110435
20	63495971
20	46566339
20	49513236
20	62671898
20	3775950
20	229353
20	1135171
20	1551728
20	1552028
20	1649075
20	1915297
20	2483404
20	2483979
20	2483983
20	2492739
20	2594923
20	2637472
20	3146869
20	3147463
20	3148858
20	3260011
20	3340622
20	3340661
20	3910746
20	5100914
20	5175280
20	5954628
20	7895153
20	7906287
20	7914272
20	7940289
20	8750887
20	9562892
20	10053264
20	10412678
20	10412711
20	10412796
20	10413135
20	10560717
20	10598707
20	10598721
20	10621316
20	10622712
20	10623258
20	13714992
20	13849593
20	16367438
20	16367480
20	16379541
20	16404899
20	16528377
20	16732183
20	17494903
20	17614862
20	17953991
20	18150843
20	18162516
20	18389757
20	18433686
20	18451880
20	18455348
20	18465311
20	18489964
20	18535727
20	18548647
20	18814118
20	20251657
20	20360218
20	23566041
20	23688835
20	23750793
20	23877554
20	24968906
20	25020123
20	25225540
20	25323396
20	25476128
20	25478931
20	25510709
20	25510735
20	25616130
20	25675147
20	25675459
20	25675578
20	25675986
20	25676006
20	25676090
20	25676174
20	26081168
20	31372927
20	31389035
20	31406093
20	31643465
20	31792835
20	31887198
20	31934804
20	32434483
20	32997647
20	33066873
20	33089005
20	33223835
20	33417925
20	33710550
20	34575124
20	34913398
20	34919575
20	34984712
20	34986883
20	34988098
20	35115612
20	35134903
20	35176223
20	35498616
20	35501943
20	35504615
20	35653234
20	36008335
20	36255681
20	36549201
20	36609748
20	36766802
20	36887479
20	36927231
20	37110357
20	37119762
20	37174007
20	37174056
20	37200458
20	38011613
20	38574225
20	38766356
20	38771655
20	38926365
20	41348781
20	43536444
20	43605035
20	44306801
20	44306811
20	44337335
20	44501068
20	44619845
20	44955153
20	45208054
20	45222441
20	45222736
20	45222784
20	45375434
20	45420577
20	45545777
20	45553184
20	45649260
20	45705897
20	45787974
20	45789967
20	45877562
20	45952670
20	46370399
20	46501534
20	46501792
20	46502168
20	46502306
20	46686971
20	46686994
20	47005036
20	47246378
20	48995865
20	49018935
20	49154015
20	49251582
20	49271034
20	49877985
20	50589689
20	50875997
20	50958472
20	50960098
20	53953603
20	53996022
20	54028767
20	54028916
20	54162857
20	54162863
20	56437588
20	56525812
20	57563588
20	57616320
20	58153612
20	58160670
20	58353531
20	59019557
20	59024021
20	59254468
20	59972015
20	59992521
20	59994389
20	62279201
20	63248853
20	63530106
20	21264640
20	25743481
20	62668173
20	62611810
20	14129699
20	30224400
20	54173466
20	49539712
20	62665015
20	26108916
20	21262655
20	36304958
20	49505603
20	54153515
20	49506820
20	54157197
20	62665884
20	54159094
20	62672164
20	46558778
20	46558680
20	46558986
20	54154695
20	62663137
20	49503933
20	54173673
20	46559953
20	49506792
20	46558156
20	54154056
20	49506842
20	30254084
20	49507468
20	62665119
20	46558952
20	46558777
20	54173733
20	49507502
20	62665334
20	62663335
20	49503900
20	62672208
20	46559332
20	46559187
20	46559169
20	62661095
20	49547864
20	46558142
20	26002648
20	54171651
20	62672227
20	37454009
20	46610575
20	62661092
20	62657018
20	49506229
20	49504026
20	62672167
20	62666534
20	46592511
20	49506301
20	25892021
20	46566265
20	46575627
20	62665113
20	25908666
20	62671994
20	41219832
20	62663063
20	36134333
20	55348120
20	54153516
20	30317035
20	54153900
20	25743692
20	36132365
20	62671912
20	49547966
20	26009366
20	62672214
20	62507974
20	62671922
20	49504240
20	14945941
20	14947374
20	54173346
20	62388347
20	56637727
20	35005694
20	17989975
20	145515
20	41101171
20	54219146
20	25467384
20	44621121
20	44636264
20	18525888
20	3908087
20	10405430
20	37003797
20	3802350
20	35972668
20	35467555
20	21354818
20	44948809
20	31405087
20	45542700
20	25467389
20	1551975
20	5175279
20	49233305
20	23566089
20	45649257
20	41533045
20	3148725
20	23750738
20	49243675
20	18396472
20	45253690
20	46502495
20	3668972
20	10413100
20	45724057
20	20074378
20	33239910
20	35314709
20	41174123
20	3591306
20	7999824
20	49952132
20	34882912
20	33038908
20	36758566
20	46502069
20	36682518
20	34644164
20	31946496
20	49251527
20	1458275
20	46380253
20	37859911
20	1551934
20	45124107
20	63285713
20	38132501
20	18480511
20	38309063
20	31377321
20	32800210
20	24970240
20	16507957
20	20199834
20	45208561
20	32985140
20	10412625
20	32985905
20	1649284
20	45000431
20	37779223
20	45512770
20	54650441
20	16379274
20	8646181
20	10601820
20	33366924
20	32316299
20	10405407
20	32029005
20	50960095
20	36897917
20	1980941
20	45207610
20	25504106
20	3229737
20	64219779
20	38324795
20	34743135
20	16427104
20	13865182
20	38150934
20	45208366
20	43594822
20	62199288
20	17693711
20	16371664
20	45208138
20	53957432
20	3923290
20	18532706
20	2579949
20	33199296
20	13787311
20	35433944
20	10413405
20	5302677
20	58221467
20	18813987
20	16044644
20	18161818
20	49117772
20	16243312
20	21252915
20	60700755
20	10959471
20	37244244
20	57481286
20	60005830
20	20242334
20	42375059
20	10435792
20	46649530
20	7091908
20	38603366
20	38829366
20	49338594
20	45187952
20	16764149
20	22892660
20	52777476
20	12387965
20	60260412
20	17446042
20	46206285
20	46671457
20	7999743
20	13114585
20	51192264
20	12839361
20	8769415
20	12084345
20	40269015
20	37661734
20	6709454
20	36849949
20	17011970
20	24363198
20	31301965
20	8646256
20	3701364
20	12679104
20	61385595
20	46558866
20	2636357
20	7571270
20	18506862
20	8056833
20	17291606
20	4005270
20	16942008
20	6880248
20	2740828
20	20133920
20	22286420
20	57234016
20	32331380
20	8157836
20	8288936
20	38922292
20	42708670
20	44039748
20	33861523
20	14822808
20	13672335
20	1287606
20	10998873
20	61377099
20	25226018
20	58630165
20	36232725
20	37326534
20	62968122
20	56386407
20	62840721
20	38189927
20	5398218
20	15254123
20	16525737
20	18970277
20	51948629
20	39280851
20	40002136
20	40762408
20	42139180
20	42380098
20	42793820
20	43824137
20	6946028
20	8164072
20	9645139
20	10712068
20	11998547
20	14384281
20	54267847
20	55634462
20	53046949
20	239662
20	51597010
20	51596714
20	229665
20	18814110
20	50752469
20	62201126
20	44112059
20	24959885
20	6115985
20	6075709
20	44727515
20	50892146
20	3647665
20	42077716
20	17865111
20	13306858
20	37800821
20	60033924
20	40725192
20	42068764
20	44951477
20	44784557
20	53711799
20	38819276
20	45648472
20	59009835
20	5717301
20	60547635
20	17113262
20	16642681
20	61261906
20	37872205
20	43049788
20	47051806
20	37435163
20	51348341
20	51488327
20	52068114
20	57496240
20	39810129
20	43114153
20	43843053
20	44777497
20	46180735
20	11391184
20	12770909
20	14309443
20	17996905
20	18493314
20	24385078
20	2804952
20	3215607
20	6145655
20	6672177
20	758664
20	2477142
20	4874036
20	23268229
20	23269569
20	32734466
20	9802151
20	57521050
20	61642199
20	61399076
20	53552954
20	44197739
20	18142378
20	33002880
20	42784296
20	36860602
20	57034351
20	46970688
20	63738542
20	13367316
20	998077
20	22346300
20	9096844
20	5375057
20	22069865
20	56623304
20	56556731
20	45322176
20	33100524
20	60304112
20	51283640
20	19693708
20	19527087
20	49931743
20	57940863
20	55348825
20	44542359
20	24442046
20	1620279
20	59773534
20	49739281
20	48029491
20	21521679
20	24638178
20	13893175
20	10136397
20	23127998
20	41861716
20	1557620
20	44551367
20	12298890
20	17949662
20	32923896
20	13364682
20	33350240
20	25723498
20	803523
20	43364654
20	17610934
20	1867557
20	2792648
20	24728017
20	18255593
20	16210041
20	35617113
20	62974417
20	18925271
20	41986125
20	32361172
20	25219356
20	47683860
20	49548012
20	39952870
20	10953867
20	19902207
20	42808089
20	61751145
20	6104359
20	47524404
20	6104569
20	37214520
20	48794400
20	43945722
20	55951328
20	61699473
20	46940514
20	2965113
20	3012282
20	59750155
20	59778418
20	34628960
20	50995049
20	20084111
20	55564168
20	62932056
20	14126235
20	17168799
20	59472862
20	61788159
20	48613049
20	17350601
20	11032804
20	61715436
20	59708238
20	62561745
20	3922987
20	22836847
20	47676368
20	56702608
20	56769998
20	40746091
20	35795712
20	45962685
20	872859
20	5203540
20	47712740
20	22630166
20	22751510
20	55853891
20	31246304
20	50026165
20	60645423
20	61790023
20	24492125
20	22801883
20	7377776
20	47997978
20	61349703
20	24802847
20	5078323
20	62430795
20	60682813
20	60696010
20	60699583
20	60714091
20	60721290
20	60732163
20	60740070
20	60759812
20	22550503
20	22560277
20	22595877
20	22610197
20	22616187
20	23264986
20	22421780
20	51142053
20	34336065
20	34302531
20	38238346
20	38241114
20	51700992
20	47075670
20	47077153
20	47518822
20	20572868
20	17375921
20	25742996
20	46950284
20	57469586
20	8918779
20	10913916
20	56705378
20	43462717
20	11905854
20	11898600
20	10624983
20	23770260
20	16601803
20	37378728
20	39319120
20	47165790
20	10610803
20	8405440
20	4198222
20	57168849
20	62547989
20	9856131
20	43422940
20	46279396
20	54651733
20	35237575
20	60761807
20	60773612
20	19742969
20	31875311
20	32675118
20	12194830
20	41819039
20	15664629
20	17346303
20	17075276
20	60093877
20	48414266
20	366815
20	42133973
20	2498061
20	35646698
20	58718294
20	17611671
20	41303716
20	47700530
20	47068557
20	54652463
20	37526060
20	52127279
20	18534241
20	19873765
20	10028579
20	19796540
20	15443555
20	51514326
20	51990735
20	32098620
20	46558109
20	6792723
20	51450678
20	47433971
20	14489313
20	47691660
20	21074713
20	38360442
20	10129840
20	41154259
20	59209470
20	1682225
20	48228480
20	53220254
20	885707
20	4360786
20	20887400
20	41357445
20	45811711
20	38973696
20	13713381
20	42123928
20	43434312
20	14673620
20	11137808
20	53408318
20	4554926
20	21030595
20	46593296
20	2794686
20	36434261
20	57015242
20	56921549
20	56904251
20	56960442
20	56976658
20	56978667
20	5906698
20	5884774
20	5905013
20	5905043
20	5847729
20	5894147
20	37167833
20	36884245
20	54301920
20	54300669
20	54335045
20	53180231
20	53160369
20	53121062
20	24301594
20	5818762
20	38504476
20	42521113
20	63005663
20	19816394
20	64105965
20	6481781
20	25178957
20	47191317
20	33128063
20	49201278
20	22743861
20	2259719
20	61103637
20	22715434
20	41435919
20	32917486
20	56120987
20	56838406
20	58776573
20	16647268
20	43839151
20	17784203
20	20574321
20	42607177
20	12153287
20	20111294
20	64120101
20	15384982
20	61065674
20	56870328
20	17451688
20	42294204
20	8406519
20	25579245
20	2245223
20	52692655
20	48144280
20	9130112
20	24957559
20	19810541
20	55621338
20	61060923
20	53472618
20	61817685
20	55621283
20	50357273
20	39813871
20	12149954
20	21498425
20	41870268
20	46973554
20	58425716
20	10915815
20	52474846
20	50374678
20	62389801
20	9034227
20	47496522
20	56800347
20	51617612
20	61870499
20	9135508
20	2469079
20	57070037
20	12169932
20	39456735
20	32943738
20	51705620
20	44305080
20	51167404
20	19816403
20	40847838
20	61346059
20	53069580
20	39491549
20	23117243
20	46188097
20	12653490
20	13927902
20	13364025
20	40221002
20	19713470
20	62439625
20	6636830
20	54415622
20	9191214
20	15128962
20	56291103
20	20854431
20	10965452
20	10988382
20	11045445
20	20287074
20	57560143
20	16179496
20	49544407
20	49514311
20	22879475
20	60096897
20	39224326
20	46938867
20	12689584
20	12712492
20	58067731
20	53394464
20	24262973
20	55653250
20	22234263
20	4282944
20	17261492
20	17087894
20	38309833
20	144480
20	20983452
20	11736177
20	33140046
20	50423945
20	55663179
20	47840573
20	15671242
20	60411044
20	60264818
20	46016326
20	6864199
20	38733789
20	63264568
20	19649880
20	32206802
20	9181462
20	17571704
20	13208855
20	62152820
20	56266607
20	24565096
20	21400483
20	10923902
20	46923536
20	46928378
20	14884510
20	35146690
20	2008379
20	54210754
20	23371252
20	15513668
20	7112785
20	13054945
20	13046215
20	55907220
20	41770618
20	51628662
20	51627306
20	56866016
20	8239422
20	38188749
20	2371068
20	8795913
20	24364508
20	55818740
20	12221352
20	60093953
20	49792078
20	46863385
20	31718172
20	45727641
20	58991582
20	15199535
20	459799
20	59026940
20	59038947
20	8969225
20	14542248
20	4783357
20	4255910
20	47025330
20	16244151
20	53280576
20	41873752
20	57555564
20	7970360
20	1470983
20	11609819
20	31473250
20	10405365
20	5720835
20	41949224
20	54698556
20	61017134
20	55956463
20	34022595
20	44067940
20	5801913
20	12023465
20	51233630
20	51262108
20	52629149
20	50027113
20	43620758
20	4563096
20	41777886
20	15993828
20	19555483
20	866712
20	4291852
20	49099914
20	61866825
20	59574333
20	15555362
20	1865368
20	1845449
20	1855886
20	53377035
20	53386874
20	9759793
20	46113425
20	48986704
20	19381946
20	15637435
20	38083532
20	62400976
20	62393540
20	56609237
20	35460341
20	57677900
20	57691715
20	55167197
20	7017065
20	13902632
20	47015444
20	43129379
20	45123019
20	550530
20	16086827
20	52847288
20	54802214
20	54804047
20	17248099
20	17197789
20	18107980
20	12810239
20	54105417
20	54098763
20	54026506
20	54027229
20	54027638
20	54028627
20	33386589
20	54651088
20	2182010
20	17231321
20	17255935
20	4354651
20	4367390
20	4367793
20	52845496
20	4136694
20	5861448
20	58999408
20	60499856
20	17810419
20	13005945
20	22393902
20	53349852
20	53292927
20	21981695
20	57665771
20	55673576
20	55780279
20	18783254
20	56366031
20	19241692
20	19311120
20	19413486
20	2034860
20	57045427
20	19528205
20	57720656
20	19927096
20	57757761
20	19934607
20	20221081
20	58587347
20	21382284
20	59424543
20	21946607
20	62743471
20	62743816
20	62853771
20	22101011
20	22366014
20	60459774
20	22657553
20	60874408
20	22828101
20	61132908
20	61154970
20	40677256
20	23363796
20	44228636
20	23540751
20	23661790
20	61870224
20	23704826
20	41901688
20	24402817
20	42393375
20	37628007
20	2609564
20	38935878
20	38972600
20	25504716
20	39277717
20	39312036
20	39316624
20	39776293
20	3358934
20	39881666
20	39914800
20	39963189
20	44075848
20	44213153
20	4051006
20	4092658
20	4119968
20	40894143
20	45072714
20	10968165
20	2747924
20	5532983
20	10167820
20	5884332
20	5973187
20	1106481
20	10557741
20	46766531
20	11200220
20	5865209
20	6581767
20	6643029
20	769560
20	7334241
20	48234142
20	48381479
20	48384615
20	7509931
20	7571348
20	48538825
20	48575853
20	13696758
20	8150296
20	14337973
20	8292946
20	8669281
20	50420372
20	8807080
20	8815337
20	51156282
20	9509297
20	9520451
20	9521665
20	51518158
20	15621419
20	9757883
20	52024259
20	52958144
20	16552517
20	16762340
20	53937071
20	17069617
20	17280660
20	54154334
20	54311103
20	17586209
20	54323413
20	54602540
20	39636503
20	48249979
20	51122227
20	50154354
20	34285641
20	34438198
20	34905861
20	35003227
20	35148385
20	35790770
20	34864797
20	32972502
20	4920318
20	4890124
20	4899281
20	39385347
20	11205100
20	22380758
20	61272013
20	41685162
20	42160421
20	54307156
20	54954287
20	31323577
20	11680098
20	12158304
20	12748832
20	5801704
20	32623933
20	57224983
20	55482713
20	7538965
20	34957813
20	4364242
20	48146773
20	48469509
20	15107939
20	15139442
20	15213286
20	8506450
20	8623097
20	46105732
20	57228631
20	4135789
20	4175301
20	4183636
20	4127713
20	63487768
20	60734538
20	48269629
20	15139677
20	45918429
20	37112391
20	37138813
20	46072648
20	45846774
20	57495294
20	57599369
20	10183984
20	59800873
20	15210519
20	15242986
20	63510156
20	63486715
20	15743754
20	49096526
20	4179128
20	15423287
20	18360552
20	18385979
20	18490979
20	21360061
20	42609864
20	22484311
20	1634662
20	5867871
20	14707873
20	5262185
20	37579071
20	49850348
20	39597623
20	51143362
20	60246286
20	20569739
20	38368988
20	38401177
20	37101547
20	18793786
20	14498554
20	24610392
20	43326264
20	36744820
20	24072220
20	23929639
20	23879541
20	4699605
20	10658574
20	1118880
20	57953578
20	60365023
20	60349484
20	13001732
20	13262963
20	55957162
20	57249477
20	30305953
20	33393626
20	2323730
20	57920501
20	53271583
20	59392851
20	59416945
20	551334
20	42098187
20	45501956
20	17013692
20	40810299
20	51963429
20	46133257
20	62896919
20	48949242
20	48554800
20	24629009
20	11255776
20	23016829
20	2651364
20	18211607
20	972507
20	10869816
20	10869698
20	11197391
20	7125642
20	63112931
20	1435422
20	9996073
20	56551858
20	20887672
20	16303253
20	6059263
20	6053886
20	23093738
20	58474182
20	43954556
20	5416682
20	19772430
20	18745080
20	2183941
20	6632185
20	37442038
20	21489816
20	4815175
20	16675319
20	16679360
20	57305508
20	19154528
20	56592329
20	35592613
20	58575790
20	56305340
20	10941498
20	10985350
20	20225074
20	49706843
20	52860459
20	46992820
20	47735973
20	10198883
20	10216438
20	55656802
20	35769086
20	61869393
20	61938250
20	23337377
20	61416535
20	60771520
20	52879607
20	52898082
20	13211448
20	16111971
20	37657633
20	14733244
20	17282354
20	8402449
20	26185133
20	26169431
20	61561028
20	60006818
20	60025628
20	9986879
20	50405566
20	3782702
20	14130580
20	50032390
20	13584644
20	18024469
20	45842514
20	59317474
20	59364323
20	242195
20	44753471
20	24565295
20	50132435
20	37641664
20	19955751
20	19981148
20	22395783
20	31323232
20	45470697
20	51220186
20	48909823
20	8908268
20	22302353
20	924025
20	22306665
20	10865081
20	22318144
20	12274939
20	44930268
20	37933480
20	21899407
20	33031156
20	22335914
20	13495237
20	6566640
20	35069323
20	14264325
20	22361875
20	59776153
20	10180577
20	53495477
20	43152246
20	32871729
20	110447
20	22271911
20	53335983
20	53335962
20	53339711
20	53354613
20	53322737
20	53321967
20	53315842
20	15625204
20	15626125
20	1790587
20	1788050
20	1808763
20	39252839
20	47087947
20	62896211
20	22047036
20	38827352
20	60894071
20	50077467
20	44165152
20	47153367
20	20811537
20	17544258
20	17357169
20	38338129
20	46552829
20	55345981
20	40657315
20	54668835
20	10047498
20	1698643
20	5720050
20	14846974
20	39911005
20	1721022
20	4667892
20	1694646
20	19087477
20	1685460
20	1682353
20	1682163
20	7049176
20	11005322
20	11711325
20	4196457
20	44581194
20	21321353
20	52859093
20	48177150
20	1215140
20	49938133
20	51233934
20	15335874
20	5396781
20	52165563
20	23960724
20	48361033
20	17722108
20	14751939
20	53652456
20	15807493
20	14336744
20	555892
20	559189
20	560691
20	9690436
20	9811934
20	46231832
20	15721169
20	39147157
20	47775162
20	53503216
20	35706487
20	45394032
20	12014705
20	10702823
20	49407099
20	48561230
20	62135507
20	58896988
20	57792893
20	53768208
20	531423
20	9357322
20	8532347
20	45544719
20	50746645
20	46582910
20	24349463
20	40711134
20	54706132
20	23452965
20	9995306
20	4990075
20	32726818
20	32728060
20	19868765
20	32830490
20	14705651
20	58094330
20	61870141
20	42923380
20	8860328
20	16967124
20	33034277
20	33102548
20	53944833
20	44919790
20	45312586
20	9544704
20	9460193
20	1165492
20	45615203
20	47180434
20	12893937
20	13849491
20	49085052
20	44919036
20	7982671
20	9384152
20	38132157
20	38142186
20	41895832
20	8802632
20	8788776
20	47639749
20	1934580
20	25206577
20	19990061
20	8658827
20	2430120
20	8716075
20	17844499
20	53820095
20	42876748
20	42816343
20	42790334
20	54010942
20	53998815
20	53995001
20	38879872
20	38865118
20	38863673
20	24416134
20	16726753
20	33915254
20	18208272
20	55698472
20	3366307
20	33065010
20	63362590
20	43627224
20	61117210
20	48800720
20	51914981
20	4094724
20	33554211
20	33552481
20	11063956
20	54112406
20	5631240
20	8570697
20	15765850
20	14940893
20	53125077
20	54046870
20	14872404
20	39849924
20	39846160
20	39815852
20	60499570
20	55320411
20	55460361
20	54865705
20	39437882
20	16942057
20	17825838
20	6683068
20	19389328
20	40464255
20	52552455
20	11867566
20	63159264
20	10141627
20	55758700
20	20814559
20	52139161
20	44357077
20	6138333
20	16413206
20	34558064
20	400336
20	5279894
20	5302988
20	43608427
20	18700044
20	57780168
20	19881604
20	54196285
20	16685408
20	42777854
20	56568278
20	51703540
20	2305411
20	2309687
20	2309901
20	2318683
20	2340717
20	2342250
20	22697579
20	61478178
20	7033798
20	22877987
20	51750432
20	46843685
20	58025376
20	2145450
20	61935279
20	2777731
20	2780059
20	2781082
20	2786974
20	2799505
20	2804633
20	59043739
20	225761
20	6718026
20	44869522
20	9294031
20	8743457
20	19453492
20	50444469
20	48893556
20	8910699
20	24727140
20	11401287
20	8120690
20	1059185
20	54639706
20	806698
20	14778523
20	5432131
20	63795040
20	61062861
20	21816217
20	58682769
20	52906379
20	22944763
20	58637485
20	58641725
20	58661774
20	62678188
20	43133279
20	61572804
20	15837635
20	15801779
20	9614705
20	9616908
20	38668483
20	38643223
20	38637918
20	43201629
20	43343951
20	43304228
20	7869280
20	42516705
20	9271743
20	7634255
20	41976311
20	42657403
20	42997788
20	44108089
20	24381043
20	16794449
20	40809017
20	40795633
20	40769532
20	1956829
20	60173833
20	11978204
20	6754003
20	2609040
20	22809910
20	61605068
20	25074809
20	25090818
20	7425791
20	39567251
20	42531961
20	42537583
20	55714452
20	12242155
20	21919070
20	14790548
20	32360478
20	16920743
20	21033115
20	61060897
20	21796097
20	21014959
20	19063630
20	19094560
20	55159614
20	23028657
20	7016759
20	9834880
20	9938735
20	10148952
20	10411947
20	17409185
20	8094576
20	34121638
20	9702532
20	46534139
20	15799482
20	8631352
20	42029278
20	7253521
20	25105124
20	12514501
20	55707043
20	23461405
20	54622779
20	15462801
20	39280672
20	21625829
20	55163764
20	7060866
20	6453619
20	46928697
20	42316172
20	45297896
20	25282133
20	41163423
20	18315432
20	45304523
20	7938265
20	7938037
20	41180020
20	45543797
20	41413681
20	41361974
20	8774596
20	8774336
20	1989288
20	6038065
20	51657640
20	32133547
20	63875594
20	17616400
20	61664217
20	62193441
20	44887515
20	17495476
20	24204674
20	35422754
20	61590949
20	35471850
20	35555321
20	3644057
20	63842351
20	23567764
20	45407809
20	55572028
20	24261502
20	9695465
20	53487813
20	54174979
20	54175663
20	53000350
20	21477034
20	52871928
20	4738530
20	56895569
20	62756052
20	52879618
20	38741279
20	46013767
20	53004318
20	61572088
20	1565804
20	23407179
20	3958493
20	64204871
20	57000339
20	51671197
20	51671251
20	1537333
20	53016024
20	54197476
20	62667614
20	13983812
20	1562763
20	24783547
20	24789922
20	45341737
20	48251954
20	48262499
20	48267206
20	48225739
20	59312863
20	58419684
20	17511229
20	17523456
20	8452312
20	8446743
20	57927541
20	45630910
20	20052675
20	10658895
20	62890163
20	49656922
20	13814372
20	14002599
20	63238474
20	20503399
20	19047082
20	1312364
20	20360547
20	3876031
20	63494946
20	25320386
20	50277887
20	47239108
20	9441863
20	3022381
20	22567656
20	62810445
20	35564866
20	48154189
20	46595550
20	1991814
20	2690016
20	58596540
20	3781448
20	3255270
20	63414356
20	4798108
20	63790727
20	48170139
20	61434074
20	48172924
20	61248698
20	45338670
20	47617281
20	1130129
20	59317245
20	58417174
20	17464804
20	51464374
20	43212832
20	8018995
20	8266679
20	7719461
20	8473559
20	41447798
20	50936367
20	48659843
20	58362542
20	62857433
20	19275596
20	8697799
20	3184040
20	33243302
20	32437360
20	35135060
20	61998927
20	56536217
20	54158989
20	54169680
20	17724581
20	46367811
20	63597719
20	63662662
20	63673921
20	44646360
20	53979850
20	45059065
20	51112975
20	37193880
20	51129164
20	5912207
20	18378200
20	18359587
20	42507107
20	57197627
20	53975292
20	63768288
20	762576
20	972407
20	45727555
20	2437706
20	2696920
20	3270710
20	4649519
20	4720565
20	5223993
20	5266747
20	6112443
20	6718040
20	6951070
20	7229490
20	8584268
20	8483639
20	9526058
20	10366770
20	10385750
20	11168270
20	11336911
20	11366807
20	11418597
20	11569897
20	13080654
20	13295734
20	14495402
20	14543902
20	14743954
20	16291205
20	16673510
20	16647524
20	16647592
20	17865277
20	19430926
20	19546864
20	19566569
20	19566626
20	58915193
20	49614604
20	49605396
20	49623107
20	3618869
20	3584025
20	6759719
20	6759442
20	6811498
20	6788886
20	6773599
20	6782072
20	5952462
20	5954739
20	5923248
20	5935554
20	59116361
20	59130430
20	5840539
20	5836903
20	3515288
20	5770142
20	49416666
20	49417294
20	49417619
20	49432969
20	49377361
20	60942262
20	6301051
20	49323953
20	33921845
20	34695599
20	34753885
20	62105981
20	49233645
20	49225374
20	5607803
20	24511370
20	61569404
20	3393648
20	22528795
20	17832449
20	3930623
20	3934417
20	1513818
20	2009640
20	2338279
20	2349969
20	2357232
20	2362027
20	2376289
20	2386515
20	2386563
20	2571988
20	2649665
20	4296155
20	4311589
20	4764818
20	4765741
20	4782462
20	4793525
20	4804669
20	4806064
20	4806389
20	4810190
20	4811770
20	4818676
20	4834700
20	5657901
20	7407521
20	7839121
20	7907032
20	7924971
20	8536804
20	9664772
20	9711385
20	9724295
20	9729521
20	9754122
20	9811252
20	10232447
20	10353830
20	10359389
20	10816827
20	11541136
20	11558787
20	11722724
20	11762151
20	11828794
20	11846776
20	12435905
20	13637735
20	13818030
20	13831583
20	13930645
20	14534174
20	14540460
20	14921130
20	15315151
20	15712038
20	16735430
20	16739639
20	18252312
20	18329527
20	18348172
20	18459541
20	18493152
20	19383335
20	19669072
20	20265662
20	20308725
20	21574222
20	21760888
20	22322623
20	22763804
20	22981594
20	23007789
20	23055412
20	23388680
20	23438919
20	23633113
20	23657384
20	23667395
20	24704804
20	24754300
20	32798008
20	34994152
20	35267651
20	35844748
20	35857220
20	36266402
20	36401266
20	36747074
20	39906462
20	40052004
20	40718717
20	40737973
20	40948962
20	42097505
20	42393624
20	42395065
20	42677960
20	42703539
20	43037739
20	43106265
20	43178221
20	44161378
20	44395409
20	44897496
20	45627323
20	46167456
20	46168923
20	46253320
20	46268420
20	46275524
20	46283315
20	46298238
20	46335598
20	46628832
20	46729584
20	47428974
20	47916417
20	48308305
20	32085621
20	48767583
20	49343245
20	50556642
20	50645917
20	50968895
20	51161585
20	51172001
20	51172034
20	51186108
20	51429660
20	51648104
20	51709739
20	52046716
20	53193572
20	53234934
20	53245419
20	53248644
20	54439297
20	55141064
20	55456213
20	56297803
20	56717204
20	56718674
20	56724350
20	56730268
20	56794538
20	56891069
20	57432603
20	57450859
20	57455608
20	57959880
20	58718421
20	59588167
20	59687786
20	59703863
20	59714913
20	59744935
20	59765024
20	59805790
20	60189269
20	60761794
20	60796826
20	60916617
20	61195949
20	61227693
20	61270194
20	61293350
20	61296688
20	61322923
20	61421576
20	61475792
20	61490062
20	61505375
20	61516350
20	61601871
20	61602101
20	61629624
20	62149880
20	62324150
20	62325523
20	62406099
20	62433564
20	62449006
20	62692531
20	62716525
20	62721319
20	62724893
20	62728736
20	62957393
20	62992636
20	63018519
20	63118755
20	63918212
20	60052442
20	60076655
20	60084029
20	13067615
20	13072370
20	43803686
20	44622081
20	44570810
20	25431499
20	26125809
20	22998336
20	54187830
20	54186450
20	36128316
20	59246501
20	59235618
20	59198066
20	59189243
20	5057128
20	54128501
20	17885700
20	17854703
20	17812767
20	17901808
20	17903009
20	6802627
20	45367372
20	50124008
20	53267674
20	3658372
20	26265450
20	59455997
20	8304461
20	59427544
20	63622328
20	3076040
20	53489433
20	53520557
20	53534646
20	45291806
20	45437169
20	38792095
20	8286929
20	17786928
20	17816785
20	17827339
20	36101325
20	36117931
20	22998926
20	18206955
20	33711236
20	4967602
20	59499895
20	59500797
20	33235584
20	52850704
20	26178105
20	26196177
20	4725219
20	22435192
20	22410551
20	38755198
20	16134916
20	54140009
20	54145879
20	54146427
20	53536440
20	53554702
20	55243167
20	55569249
20	63639134
20	16250967
20	16252032
20	16254674
20	36005636
20	11892669
20	11875456
20	46451782
20	53107670
20	53099036
20	8960885
20	54916088
20	61366268
20	62611774
20	18283824
20	43736094
20	64065647
20	57468709
20	58766850
20	60224343
20	41212451
20	32695163
20	43553532
20	44397976
20	44786318
20	45856680
20	39142935
20	39291433
20	46257550
20	62589181
20	46093372
20	46195985
20	62611907
20	46821780
20	39463589
20	48064843
20	48167333
20	48403177
20	51276181
20	51940131
20	48804143
20	48807489
20	61360156
20	49797281
20	40056900
20	54671198
20	55279499
20	55439840
20	55463974
20	55486319
20	55824712
20	56180970
20	56643125
20	56694268
20	1438882
20	4629067
20	11190793
20	12719510
20	13147928
20	16244850
20	16374609
20	18093200
20	18906019
20	19012470
20	22384161
20	40462847
20	60520349
20	41580791
20	43391923
20	46876267
20	54094785
20	52346704
20	50289452
20	53061431
20	33394043
20	39709978
20	39699632
20	39680465
20	32493684
20	32498054
20	32510057
20	32510074
20	33345474
20	39650355
20	39735075
20	4405674
20	4406464
20	4409880
20	4429308
20	4435654
20	4492961
20	4506463
20	4485349
20	23496130
20	64141284
20	23949906
20	23537054
20	14085630
20	23923336
20	23314747
20	23317659
20	64239879
20	23325131
20	23501759
20	23506866
20	4414846
20	59354339
20	3119106
20	1443134
20	46634143
20	41768171
20	45588272
20	46855516
20	40960888
20	46616207
20	43102562
20	46800133
20	47164305
20	43042478
20	46804169
20	46841409
20	47228461
20	46855742
20	41752851
20	40955312
20	46847489
20	47161314
20	47880129
20	63539337
20	63581575
20	63595728
20	63589896
20	54154676
20	16742280
20	23046776
20	6779554
20	9538820
20	31794512
20	43550805
20	44410142
20	44414455
20	57943977
20	57944379
20	57397709
20	57043890
20	57045846
20	57047803
20	57064792
20	45948675
20	3457749
20	62607606
20	49122299
20	49189797
20	60486375
20	60483110
20	60475631
20	60469298
20	60430014
20	14929612
20	14945716
20	60376370
20	60350914
20	13007876
20	10289242
20	10266085
20	10273827
20	10250526
20	10237996
20	14857319
20	55682392
20	54074893
20	14833444
20	19925071
20	5048561
20	57952434
20	15080748
20	5041406
20	48217333
20	15047067
20	5114714
20	5039591
20	15083806
20	24665003
20	63402905
20	34990448
20	34369410
20	33660357
20	38210895
20	38303893
20	45965589
20	43894925
20	56248749
20	56491577
20	3004887
20	1630248
20	23444001
20	408812
20	765319
20	765454
20	48744982
20	6202470
20	20390762
20	36879332
20	10660985
20	19209551
20	19961556
20	18012335
20	53576829
20	39038539
20	53964976
20	63657399
20	52192625
20	45859856
20	56467818
20	3795528
20	1620521
20	23691103
20	7069503
20	1333118
20	48234087
20	15098078
20	15093034
20	45909788
20	25214382
20	63478052
20	9469720
20	9413290
20	57179054
20	61900200
20	4789188
20	16727519
20	62723361
20	54067899
20	6089793
20	13768195
20	10659340
20	19273929
20	19323433
20	19661692
20	19675294
20	17631132
20	64164202
20	37520095
20	63887376
20	19971016
20	48340021
20	63562092
20	63588387
20	44118607
20	47274693
20	52451323
20	53495653
20	57488263
20	268285
20	62577283
20	62577150
20	32334043
20	32189533
20	53975531
20	5933778
20	51607667
20	47187866
20	18532095
20	1301041
20	49914632
20	12982523
20	45751630
20	51608667
20	47133061
20	56503477
20	4784663
20	23638980
20	276245
20	276391
20	13641359
20	20040657
20	43543472
20	56893989
20	16284417
20	6162732
20	6272468
20	56903974
20	62692066
20	55592860
20	55858148
20	46037956
20	11778351
20	12999494
20	13002024
20	13014465
20	1549504
20	4301026
20	4316922
20	8876622
20	55451061
20	6163807
20	63523241
20	43807070
20	23769077
20	11830785
20	256856
20	42444015
20	17835019
20	16202767
20	12965315
20	46244782
20	4398439
20	4331384
20	59530692
20	4357411
20	59543529
20	46006977
20	46013893
20	48592907
20	46000029
20	951100
20	62546280
20	2029688
20	45911539
20	4040488
20	10995023
20	5869267
20	3570486
20	33063777
20	5043591
20	13963215
20	9561498
20	14842826
20	4986709
20	19909996
20	23835369
20	57952981
20	32837263
20	31595795
20	23744382
20	46576843
20	9940176
20	19052198
20	159104
20	40885225
20	41108082
20	39815739
20	4760569
20	1942977
20	5804894
20	15073790
20	4437447
20	55486984
20	15061953
20	36322201
20	42139713
20	43352926
20	16157604
20	242614
20	6599572
20	32261714
20	33960062
20	20177449
20	24920237
20	42122523
20	13085085
20	54929949
20	46485646
20	39847414
20	45559850
20	19909624
20	46569632
20	8908966
20	14940960
20	34583841
20	60354869
20	42868256
20	5316547
20	25489420
20	14842148
20	15141608
20	48318896
20	55092086
20	38723915
20	33083793
20	10898688
20	58723048
20	38271888
20	5898872
20	18394937
20	50450334
20	11564611
20	739960
20	46609695
20	51392255
20	17073132
20	57393057
20	11964773
20	62437261
20	2069835
20	23826391
20	64074752
20	24043622
20	34763184
20	23759524
20	8626779
20	25422142
20	33146150
20	19547494
20	6062206
20	14485972
20	14372740
20	1950058
20	48632578
20	23752605
20	36418818
20	12269750
20	15422411
20	50420214
20	47705488
20	1230003
20	13165667
20	41674204
20	55195661
20	6273360
20	53879462
20	57478529
20	15060932
20	4423046
20	52822110
20	63591039
20	55686503
20	5963047
20	59949474
20	46493310
20	54780358
20	15663996
20	55914950
20	57973464
20	46453332
20	12948340
20	15614591
20	56695437
20	19612927
20	38329519
20	54065947
20	16673319
20	21036638
20	31569223
20	15660065
20	45895143
20	3247777
20	46482295
20	486714
20	62573201
20	4319424
20	45740424
20	45824058
20	14456292
20	22456453
20	15164442
20	55915195
20	45749534
20	53372087
20	4412471
20	54823655
20	15591507
20	10057992
20	24215983
20	49588518
20	10101152
20	58308781
20	63849296
20	63919313
20	64150729
20	63773580
20	62850289
20	62997618
20	63064383
20	62686291
20	63189716
20	63191806
20	63338824
20	62707549
20	63396955
20	63420901
20	63433209
20	63446177
20	63552817
20	46559794
20	46965756
20	47733014
20	48399072
20	49693270
20	50302580
20	50345901
20	50877333
20	51319459
20	51344311
20	52684661
20	54122032
20	54154632
20	54165899
20	54605808
20	38195264
20	56335861
20	56727620
20	56887842
20	57462639
20	57469047
20	57544974
20	57588631
20	58157745
20	58872856
20	59369315
20	59746652
20	61073336
20	39991639
20	40777524
20	41401109
20	41637487
20	41639219
20	42017050
20	42697873
20	43446358
20	45649806
20	45916409
20	46119308
20	46552040
20	46751962
20	46921232
20	47066879
20	47248482
20	47726848
20	47789679
20	47809331
20	48036426
20	48409559
20	48459954
20	48609474
20	48612619
20	48633167
20	48685521
20	48711820
20	48905007
20	49005017
20	37597364
20	37617393
20	37629659
20	49849432
20	50038479
20	50342964
20	50364133
20	50469580
20	50484178
20	50985413
20	51215714
20	51329224
20	51333480
20	37829664
20	51508132
20	51623216
20	51860768
20	51894492
20	52015743
20	52100749
20	52320919
20	52393193
20	37938665
20	52675650
20	37965089
20	53083217
20	53792469
20	55908958
20	55933455
20	56185459
20	56226159
20	56738169
20	56807150
20	56856515
20	56942059
20	57001335
20	57064187
20	57106778
20	57354825
20	57422412
20	57546373
20	57548744
20	57870968
20	58846489
20	59132664
20	59531518
20	59580790
20	38773661
20	60947206
20	61068675
20	61300114
20	38853973
20	38934293
20	39424153
20	39538258
20	39591138
20	40243779
20	40518647
20	40805887
20	41309482
20	41632940
20	41856246
20	41909693
20	42049790
20	42058893
20	42102988
20	36916270
20	42344294
20	42415071
20	42557809
20	42797913
20	42984431
20	43507127
20	43525187
20	43901798
20	43912899
20	43940189
20	44083393
20	44216102
20	44218054
20	44360627
20	44444036
20	45362193
20	46109302
20	46134645
20	188087
20	1168139
20	13385977
20	15721392
20	16566201
20	16654393
20	16977119
20	18664389
20	18850168
20	19870811
20	20846101
20	20881659
20	20955401
20	25073741
20	3807108
20	4112605
20	4392407
20	4816763
20	5654029
20	5775635
20	6614999
20	6720779
20	6873540
20	7472688
20	850450
20	864049
20	8601756
20	984009
20	9638827
20	9745992
20	10190359
20	10460790
20	10775518
20	11444688
20	11528332
20	12243468
20	12250003
20	12505558
20	12677640
20	12728191
20	1357793
20	1402681
20	13320173
20	13846718
20	13862647
20	14070679
20	14122233
20	15036594
20	15469634
20	15493861
20	1643224
20	15956779
20	16166097
20	16205733
20	16395828
20	16459799
20	16620566
20	16753203
20	17034972
20	17047735
20	17311684
20	17799861
20	18049713
20	18089579
20	18349464
20	18736085
20	18746003
20	18803456
20	19357427
20	19424874
20	19652584
20	19863250
20	20188997
20	20549920
20	20866484
20	20931576
20	20934500
20	21139902
20	22274535
20	303233
20	22847101
20	23288000
20	2441096
20	2527120
20	24613633
20	24798091
20	25073804
20	25177605
20	2596301
20	25625733
20	2651160
20	2704278
20	2745032
20	409340
20	3815489
20	3911249
20	4073432
20	4098504
20	4098576
20	4098629
20	4115069
20	4840976
20	4905844
20	5066284
20	5353382
20	5491823
20	5567435
20	5757575
20	5882336
20	684907
20	6487197
20	7484007
20	852120
20	8070706
20	891480
20	8945188
20	9089010
20	49883072
20	958518
20	58341320
20	32787185
20	34027417
20	34882891
20	35364817
20	32470559
20	32626432
20	32998496
20	33064486
20	35475209
20	35488172
20	31820777
20	31920657
20	32130530
20	24234111
20	61371988
20	61876542
20	62432324
20	62452798
20	61388053
20	61392705
20	61939168
20	62285888
20	62345988
20	58333507
20	799744
20	55056570
20	37251001
20	31307873
20	948861
20	58456701
20	22543443
20	58235428
20	55590538
20	49493237
20	10128106
20	3735810
20	804465
20	54221732
20	1708473
20	811102
20	939602
20	933777
20	10086616
20	58210850
20	49851179
20	60397160
20	946814
20	42903651
20	49874721
20	49593181
20	10083881
20	58313585
20	55604670
20	947218
20	49507804
20	49507674
20	49507620
20	49507127
20	49506225
20	49505441
20	60211189
20	49504306
20	49547960
20	49544365
20	49544315
20	49539652
20	49524145
20	49475539
20	49511147
20	1747318
20	941328
20	3036467
20	10114126
20	49503837
20	38327624
20	10074819
20	1710739
20	3639124
20	58218650
20	1811788
20	775431
20	801427
20	60214945
20	3670622
20	10125781
20	62797792
20	62908967
20	63083239
20	62683650
20	63249554
20	63668225
20	63747653
20	64073787
20	62778749
20	63081638
20	63100275
20	63124974
20	62682154
20	63236102
20	63277689
20	63323600
20	63352404
20	63387395
20	63529128
20	63532951
20	62728069
20	46644313
20	46926109
20	46935537
20	47415238
20	47550789
20	37453828
20	47697037
20	47805339
20	48119400
20	48181105
20	48213672
20	48407759
20	48476787
20	48529515
20	48578972
20	48709462
20	48861169
20	49231050
20	37616365
20	49992767
20	50012919
20	50213728
20	50224715
20	50227828
20	50293566
20	51694170
20	51858123
20	52021121
20	52248131
20	52701812
20	52770711
20	52919289
20	53103062
20	53443453
20	53728380
20	53748581
20	53829450
20	54211619
20	54269313
20	54289298
20	54388099
20	54440927
20	54471089
20	54684172
20	54765674
20	54804994
20	38174624
20	54897841
20	54959679
20	55505681
20	55999488
20	56243574
20	56313111
20	38317134
20	56620760
20	56761211
20	56878231
20	57456906
20	57642330
20	57725841
20	57944289
20	58072110
20	58141957
20	58380252
20	58591136
20	58629991
20	58798285
20	58851671
20	59176062
20	59232040
20	59496316
20	59569706
20	59660593
20	59812182
20	60043537
20	60117518
20	38702166
20	60279173
20	60382601
20	60386078
20	60838367
20	60876460
20	61058809
20	61124043
20	61225004
20	61311123
20	61347158
20	36592755
20	39085333
20	39579013
20	39672165
20	39946048
20	40163527
20	40356365
20	40424851
20	40662419
20	40670812
20	40758611
20	40854259
20	41494898
20	41732214
20	42071986
20	42180204
20	42286770
20	42306737
20	42306875
20	42354307
20	36927789
20	42430346
20	42553671
20	42581631
20	42662296
20	43124603
20	43214186
20	43425536
20	43455222
20	43512735
20	43777796
20	43844583
20	44029201
20	44238016
20	44318326
20	44734529
20	44734888
20	44843315
20	45076296
20	45096238
20	45461458
20	46422576
20	46640917
20	46708399
20	46724370
20	46745622
20	46832382
20	37370222
20	37377377
20	46909795
20	46940177
20	46999275
20	47004298
20	37394136
20	47110767
20	47208825
20	47312582
20	47379009
20	47431079
20	47448037
20	47629833
20	37453393
20	37453742
20	47674987
20	47909550
20	47924030
20	48085836
20	48191867
20	48243984
20	48334037
20	48336719
20	48387745
20	48391379
20	48498295
20	48530672
20	48535888
20	48890385
20	48909470
20	49386038
20	49396832
20	49405171
20	49465446
20	49475527
20	49782342
20	37677114
20	49981122
20	50091019
20	37694912
20	50162588
20	50165204
20	50226090
20	50254742
20	50308602
20	50312792
20	50314483
20	50323326
20	50356504
20	50414781
20	50431216
20	50435103
20	50506495
20	50573995
20	50597619
20	50672690
20	50750539
20	50778974
20	50794732
20	50826118
20	50848865
20	50972135
20	51007608
20	51033052
20	51037433
20	51070753
20	51128774
20	51337682
20	51370626
20	51377897
20	51383347
20	51425683
20	51478896
20	51492425
20	51492442
20	51512459
20	51538585
20	51588501
20	51631210
20	51802856
20	51810321
20	51853005
20	51864251
20	51878414
20	51969797
20	51978265
20	51989790
20	51995662
20	52007499
20	52057987
20	52065718
20	52089864
20	52137559
20	52165764
20	52177540
20	52232198
20	37917525
20	52345128
20	52362699
20	52653329
20	52654366
20	52661595
20	52688749
20	52748151
20	10093145
20	37976296
20	52929072
20	52954154
20	52968727
20	53036155
20	37991079
20	53213496
20	53222526
20	53231533
20	53275209
20	53300709
20	53332971
20	53411033
20	53419437
20	53526269
20	53656597
20	53672185
20	53672824
20	38054437
20	53693500
20	53694915
20	53695294
20	53752551
20	53799332
20	53809081
20	53823489
20	53823580
20	53907007
20	53919886
20	53942989
20	53996010
20	54007858
20	54025594
20	54184621
20	54190034
20	38110188
20	54270305
20	54478610
20	54623891
20	54671883
20	54675675
20	54743554
20	54771236
20	54842266
20	54877489
20	38173944
20	54930911
20	54982342
20	55046241
20	55104286
20	38204124
20	55189455
20	55251679
20	55484417
20	55487878
20	55553941
20	55559311
20	55560583
20	55665883
20	55694427
20	55763353
20	55805499
20	55817761
20	55846073
20	56088139
20	56177028
20	56182545
20	56202917
20	56238477
20	38317234
20	56369012
20	56408730
20	56534248
20	56680418
20	56692244
20	56701623
20	56701744
20	56714104
20	56752880
20	56776813
20	56789129
20	56820273
20	56928203
20	56955107
20	57023344
20	57089293
20	57128681
20	57142605
20	57255095
20	57400022
20	57405306
20	57409338
20	57495449
20	57515751
20	57523677
20	57575681
20	57649677
20	57652458
20	57697562
20	57751937
20	57809963
20	57836928
20	57890562
20	57911513
20	57958183
20	57976897
20	58088523
20	58116593
20	58169372
20	58280025
20	58390652
20	58409038
20	58451594
20	58464889
20	58480388
20	58486076
20	58542014
20	58569956
20	58602485
20	58602955
20	58705942
20	58791345
20	58819365
20	58894018
20	59077069
20	59078448
20	59086543
20	59484704
20	59518850
20	38637562
20	59602560
20	59677079
20	59727340
20	59741136
20	59784107
20	59809396
20	59973297
20	60056271
20	60106943
20	60172531
20	36556814
20	60241330
20	60291831
20	60313067
20	60318758
20	60326636
20	60332613
20	60340449
20	38721094
20	60438817
20	60506638
20	60510323
20	60538543
20	60613671
20	60688039
20	60720927
20	60807373
20	60873985
20	60877220
20	60881129
20	60977773
20	61042967
20	61048689
20	61311096
20	61333906
20	38978503
20	39171814
20	39216834
20	39343000
20	39481622
20	39531731
20	39553018
20	39595575
20	39672874
20	39852169
20	39910267
20	40016441
20	40019992
20	40025783
20	40076509
20	40145648
20	40175116
20	40176152
20	36357460
20	40245443
20	40255070
20	40289513
20	40337027
20	40351096
20	40387620
20	40495401
20	40764916
20	40783240
20	40820665
20	40844475
20	40900398
20	40916247
20	40985659
20	41008023
20	36367637
20	41300006
20	41501446
20	36837407
20	41781245
20	41835574
20	41842982
20	41865172
20	41969209
20	41974113
20	36891072
20	42111860
20	42315056
20	42329007
20	42423496
20	42435908
20	42436876
20	42451902
20	42560363
20	42596380
20	42627651
20	42652464
20	42736610
20	42746700
20	42994249
20	43119491
20	43199269
20	43203409
20	43216105
20	43268450
20	43273614
20	43319131
20	43517629
20	43796195
20	43809971
20	43831778
20	43923280
20	43927456
20	43954977
20	43990059
20	44085887
20	44100290
20	44128860
20	44130714
20	44140669
20	44217841
20	44233370
20	44312988
20	44353707
20	44356715
20	44422573
20	44499184
20	36401745
20	44650053
20	45157423
20	45433997
20	45454159
20	45520553
20	45532441
20	45536948
20	45575651
20	45579865
20	45708077
20	37259124
20	45783824
20	45783928
20	45788724
20	45931762
20	46105172
20	46148656
20	46290120
20	46310212
20	10091200
20	10134951
20	10223169
20	1098662
20	183442
20	10710842
20	10751866
20	10858457
20	10976363
20	11079225
20	11095523
20	11111396
20	11198400
20	11534885
20	11594069
20	11792555
20	11885083
20	12058146
20	1288944
20	1316167
20	12488350
20	12518344
20	12644658
20	12711853
20	12732422
20	12865059
20	12942118
20	1367898
20	13144627
20	13278937
20	13495443
20	13681330
20	13731746
20	1492133
20	14314999
20	14377471
20	14591413
20	14640308
20	14687597
20	14919158
20	15039372
20	15253833
20	15293250
20	15404430
20	15439758
20	15456258
20	15598930
20	15705020
20	15877235
20	15989449
20	16043952
20	16479142
20	16484031
20	16616679
20	16685245
20	16718007
20	16832094
20	16847372
20	16998229
20	17399949
20	17444566
20	17496120
20	17556031
20	1834974
20	17730851
20	17765510
20	1852009
20	18190633
20	18415344
20	18433712
20	18638828
20	18770759
20	1955629
20	18873606
20	18912626
20	19006510
20	19079869
20	19144366
20	19160097
20	19235884
20	19242412
20	2008269
20	19429536
20	19450373
20	19535610
20	19686766
20	19709670
20	19807372
20	19828829
20	19855573
20	19865298
20	19890942
20	19944602
20	19950144
20	278515
20	278757
20	20375742
20	20762774
20	20824748
20	20843075
20	20856568
20	21165245
20	21227106
20	2202962
20	21395188
20	21531894
20	21699707
20	2260248
20	22723039
20	22744849
20	22839899
20	23274432
20	2407092
20	23602386
20	23702173
20	23998668
20	24095369
20	24118037
20	24266920
20	24352095
20	24356159
20	2510563
20	24733276
20	24851444
20	2563158
20	25139962
20	25226258
20	2600126
20	25388459
20	25707365
20	2658924
20	2774414
20	376141
20	378291
20	3219123
20	3252445
20	3925083
20	119864
20	4335690
20	4534314
20	4568438
20	4609449
20	4643530
20	4704905
20	4735833
20	4750376
20	5073809
20	584433
20	5324754
20	5465245
20	5513196
20	5630091
20	5689113
20	5884990
20	6032853
20	692780
20	6334349
20	6494587
20	6691333
20	6841518
20	6845415
20	6906097
20	762374
20	6918159
20	6939705
20	6975652
20	6992750
20	7157110
20	7345820
20	7399927
20	7400049
20	7490929
20	7518562
20	7568938
20	8025481
20	8032233
20	8063190
20	8091111
20	8126750
20	8129883
20	8143707
20	900321
20	902357
20	8591287
20	8785732
20	1012070
20	9566583
20	9599539
20	9604321
20	9650260
20	9779610
20	10044303
20	10202869
20	10237386
20	10321809
20	10326437
20	10332257
20	10368672
20	10388733
20	10568855
20	10659658
20	10772589
20	10800231
20	10812527
20	10849331
20	10872862
20	10883678
20	1160083
20	10909283
20	11074244
20	11075969
20	11110810
20	11126738
20	11174554
20	11176363
20	11228174
20	11247648
20	11252041
20	11285877
20	11292213
20	11319235
20	11325989
20	11332966
20	11340181
20	11392267
20	11450087
20	11590479
20	11642125
20	11655981
20	11716864
20	11958384
20	11970045
20	11992872
20	12001984
20	12089084
20	12092660
20	12184660
20	12221503
20	12232173
20	12266925
20	12316735
20	12349013
20	12407561
20	12483679
20	1319812
20	12525276
20	12528214
20	12659754
20	12671788
20	12682495
20	12761899
20	1367324
20	13038558
20	13056152
20	13101634
20	13111835
20	13134501
20	13170884
20	13281262
20	1403654
20	13510875
20	1425568
20	13747093
20	13854161
20	13892926
20	14004914
20	1503280
20	14635278
20	14640345
20	14783801
20	14825931
20	15281191
20	15298783
20	15298849
20	15301802
20	15328286
20	15344815
20	15378767
20	15380171
20	15425479
20	15444014
20	15474928
20	15529084
20	15549118
20	1635560
20	15668721
20	15683209
20	15691581
20	15692862
20	15736026
20	15748723
20	15833532
20	15888626
20	15931748
20	15935547
20	15979499
20	16009291
20	16041615
20	16043191
20	16060983
20	16110386
20	16282743
20	16291045
20	16400981
20	16434041
20	16470997
20	16474520
20	16480070
20	16519448
20	16532697
20	16538348
20	16555679
20	16560875
20	16566921
20	16594697
20	16613928
20	16688766
20	16766899
20	16778457
20	16807358
20	16831557
20	16842047
20	16862406
20	16879309
20	16946434
20	16964284
20	1768108
20	17083744
20	17129975
20	17147779
20	17205717
20	17335297
20	17387897
20	1815466
20	17483272
20	17577072
20	17688541
20	17694326
20	17749770
20	17749899
20	17781728
20	17911301
20	17919443
20	18003950
20	18034735
20	18038027
20	18063283
20	18067440
20	18282913
20	18400131
20	18472020
20	18515479
20	18570293
20	18594755
20	18770030
20	18912750
20	18983716
20	19011544
20	19019182
20	19067989
20	19070073
20	270853
20	19266950
20	19350411
20	19365540
20	19382742
20	19432023
20	19468673
20	19474559
20	19506891
20	19514853
20	19542021
20	19667499
20	19721527
20	19775029
20	19811672
20	2057221
20	19871606
20	19888449
20	19983218
20	20048820
20	20082346
20	20099488
20	20253295
20	2096810
20	20322732
20	20714322
20	2144458
20	20814608
20	20902170
20	21010909
20	21078607
20	21098915
20	21154158
20	21371598
20	21574061
20	21641440
20	21676964
20	21743081
20	21918503
20	22004860
20	22056937
20	22123783
20	22173422
20	22265812
20	22328204
20	22461358
20	22475086
20	22497327
20	22504167
20	22557227
20	22578963
20	304679
20	22678923
20	22720918
20	22823469
20	22973693
20	23063721
20	23211433
20	23320315
20	23344410
20	23347367
20	23474121
20	23522662
20	23522996
20	2426795
20	23587201
20	23621670
20	315528
20	23697192
20	2443894
20	23741682
20	23772915
20	23792017
20	23795182
20	23871494
20	23884840
20	24006883
20	24017064
20	24024025
20	24026047
20	24095122
20	24106065
20	24124040
20	24142545
20	24178629
20	24297031
20	24320242
20	24361702
20	24432851
20	24449378
20	24524214
20	24539684
20	24546088
20	24549515
20	24598220
20	24609154
20	24648404
20	2537919
20	24673675
20	24740294
20	24821289
20	24827121
20	24909274
20	24913311
20	25013653
20	2574261
20	25030787
20	25137635
20	25373925
20	2625470
20	25692351
20	25976688
20	2670312
20	2675566
20	2675682
20	341968
20	2736269
20	2792008
20	371300
20	372073
20	3199637
20	3306474
20	3393065
20	3464798
20	423009
20	3634743
20	3727068
20	3818743
20	3822799
20	3830786
20	3863021
20	3887708
20	4100528
20	4244926
20	4254947
20	121540
20	4334493
20	4631231
20	4643912
20	4646232
20	4664427
20	4708828
20	4715166
20	4741225
20	4770841
20	4995159
20	5095580
20	5101291
20	5238918
20	5308998
20	5320855
20	5406336
20	5414837
20	5468727
20	5481667
20	5494255
20	5539476
20	5647454
20	5684353
20	5734547
20	5889701
20	661249
20	6134934
20	6196131
20	6205841
20	6245721
20	6312440
20	6323156
20	6342042
20	6369485
20	6483087
20	724055
20	6603957
20	6689734
20	6692371
20	6700023
20	6708411
20	6712429
20	6817848
20	763926
20	6961773
20	7077182
20	7131739
20	7151105
20	7217854
20	7290567
20	7423699
20	7519754
20	7585849
20	7663493
20	7674250
20	7683635
20	7691241
20	7760722
20	7948873
20	8003925
20	8035605
20	8084102
20	883063
20	8181631
20	8192747
20	8227548
20	8233139
20	8251303
20	917906
20	8566396
20	8573103
20	8576046
20	8580714
20	8623534
20	8650045
20	8667325
20	8681575
20	952372
20	953857
20	8835571
20	8856124
20	8897342
20	9007765
20	9045250
20	9048849
20	9104280
20	984727
20	9315653
20	9328181
20	9399909
20	9421293
20	1014638
20	9439967
20	1019141
20	9505320
20	9595996
20	9596732
20	9632998
20	9672203
20	1039675
20	9775610
20	9836212
20	9864171
20	9870856
20	1060218
20	9909342
20	9911679
20	9918791
20	9928046
20	1064245
20	9972197
20	10074832
20	31354892
20	32751526
20	32870081
20	32932914
20	32947459
20	33878248
20	33890166
20	31532979
20	35252170
20	35968083
20	35983924
20	31971818
20	31325430
20	32596479
20	32647980
20	32930492
20	31385142
20	33012411
20	33210328
20	33250714
20	33492309
20	33745760
20	34158397
20	34180625
20	31245806
20	34518092
20	34551887
20	34769912
20	34977677
20	35006423
20	35101505
20	35106896
20	31605104
20	35149011
20	35165459
20	35195439
20	31633020
20	31633301
20	31655555
20	31661000
20	35697520
20	35983562
20	31694420
20	36293127
20	36303494
20	31832151
20	31841960
20	31885385
20	31939262
20	31956593
20	32004611
20	32030984
20	32157466
20	62381861
20	62469171
20	62473875
20	61647832
20	61834745
20	61435561
20	62202176
20	62275386
20	62417346
20	62443209
20	62484674
20	61529603
20	61649441
20	61666096
20	61399716
20	61687167
20	61704123
20	61747795
20	61762696
20	61794529
20	61801555
20	61823748
20	61891438
20	61963222
20	62018340
20	62075473
20	62166541
20	62166576
20	61449920
20	62187142
20	62190366
20	62297224
20	62315319
20	62558309
20	62556158
20	63778360
20	64064525
20	64261386
20	62871053
20	62691145
20	63229751
20	63773063
20	63787032
20	63858436
20	63964194
20	62648628
20	63016531
20	63057536
20	63070677
20	63169555
20	63293072
20	63447134
20	46553558
20	47109124
20	47123074
20	47510776
20	47688232
20	47717715
20	47745097
20	47851821
20	47905878
20	47956992
20	47964211
20	48040082
20	48158771
20	48386414
20	48674081
20	37604643
20	37604673
20	49601624
20	49722703
20	49744741
20	51153758
20	51525285
20	51572681
20	51842991
20	51865839
20	52206766
20	52726271
20	52780751
20	53368651
20	53421408
20	53451602
20	53576549
20	53787017
20	53930350
20	54084754
20	54667196
20	54710286
20	54875027
20	55080783
20	55608603
20	38286018
20	56225307
20	56270740
20	56393103
20	56482848
20	56909385
20	56913683
20	56955731
20	56994446
20	57074446
20	57120782
20	57185511
20	57343883
20	57369623
20	57571740
20	57604366
20	58284674
20	58782339
20	58804795
20	59097472
20	38623699
20	59426691
20	59683632
20	60140985
20	61050824
20	61081424
20	61164570
20	61257735
20	61287213
20	39706181
20	39984745
20	40920188
20	40932446
20	41996830
20	42059876
20	42472634
20	42583352
20	42680971
20	42847759
20	43082586
20	43332185
20	43789201
20	43789230
20	44000047
20	44289818
20	44376375
20	45491426
20	45682417
20	45906012
20	45925376
20	46105657
20	46498596
20	46738348
20	46864625
20	46911158
20	46966072
20	47134156
20	37423122
20	47385004
20	47803492
20	47863052
20	47949975
20	48018232
20	48135542
20	48149399
20	48149861
20	48159572
20	48244297
20	48635149
20	48778788
20	37573946
20	49283627
20	49411300
20	49544424
20	49594547
20	49674401
20	49709017
20	49957514
20	50012420
20	50067982
20	50296966
20	50297407
20	50367160
20	50437334
20	50480988
20	50483508
20	37745733
20	50688584
20	50703905
20	50815866
20	50866396
20	51081567
20	51092837
20	51345439
20	51423549
20	51486255
20	51515460
20	51739698
20	37861662
20	51778744
20	51849693
20	51887598
20	51889304
20	51949289
20	52094152
20	52440136
20	52452301
20	52517381
20	52605707
20	52725100
20	53306952
20	38031593
20	53466315
20	53630067
20	53681552
20	53767550
20	53777699
20	53875535
20	54080451
20	54154711
20	54701334
20	54832598
20	54837485
20	54886659
20	55031333
20	38191191
20	55198087
20	55266878
20	55626794
20	55681859
20	55835879
20	55869369
20	55907563
20	55965272
20	55975518
20	56075464
20	56079433
20	56169082
20	56187920
20	38308738
20	56285987
20	38319457
20	56440475
20	56450706
20	56810539
20	56885939
20	56928115
20	56990443
20	57066235
20	57562128
20	57890911
20	57984883
20	57990802
20	58004081
20	58088218
20	58283695
20	38522075
20	58511451
20	58559310
20	58590632
20	58594667
20	58793409
20	58967828
20	59014461
20	59079953
20	59394831
20	59543557
20	59588595
20	59627799
20	59668480
20	59730029
20	38654331
20	59781255
20	59823372
20	38693380
20	60418799
20	60503016
20	60559597
20	12821422
20	60748995
20	60859742
20	60949614
20	36343360
20	61056697
20	61061594
20	61087207
20	61162532
20	61272215
20	39093380
20	39663826
20	39843516
20	39909747
20	40085485
20	40266146
20	36715427
20	40612306
20	40632414
20	40663453
20	36365789
20	41126514
20	41339548
20	41506083
20	42353465
20	42371121
20	42552990
20	42770531
20	42990107
20	43115349
20	37089312
20	44076167
20	44089965
20	44108854
20	44175745
20	44178489
20	44283422
20	45067121
20	45077918
20	45333357
20	45336636
20	45464644
20	45501506
20	36412885
20	46027473
20	46141027
20	46152741
20	46273787
20	10261363
20	10438153
20	10690430
20	11337607
20	11434485
20	12351800
20	12552364
20	12565627
20	12687910
20	12866691
20	12916596
20	12997869
20	13005538
20	13116664
20	211156
20	13266921
20	13727155
20	14050746
20	14312876
20	14535783
20	14549574
20	14581381
20	14588112
20	15090053
20	15116059
20	15487536
20	1633310
20	15855085
20	16000193
20	16086119
20	16248624
20	16555779
20	16590821
20	17065296
20	17278947
20	17360027
20	17424402
20	17462717
20	17752930
20	18299616
20	18412855
20	1913689
20	18510269
20	18752520
20	19067279
20	19071892
20	19475416
20	19692613
20	20247899
20	20649154
20	20780963
20	20875611
20	2206784
20	22709048
20	22765617
20	22772205
20	22906619
20	23083642
20	23864176
20	24320930
20	25418154
20	2704613
20	3053402
20	3471800
20	4060181
20	4066839
20	4386393
20	4590832
20	4642952
20	5511516
20	641181
20	6061981
20	6156663
20	6161934
20	6322974
20	723808
20	6675133
20	6912547
20	6931060
20	6960033
20	6972182
20	7514795
20	7679344
20	7771719
20	7847785
20	8959817
20	9646831
20	9685247
20	1042136
20	9776234
20	10111994
20	10372096
20	1115473
20	10724359
20	1149390
20	10812913
20	10946312
20	10994637
20	11041269
20	11056506
20	11077424
20	11098557
20	11170589
20	11243313
20	1199578
20	11297107
20	11394318
20	11396325
20	11591261
20	11592157
20	11599910
20	11619323
20	11860074
20	11966213
20	12249175
20	12259213
20	12288761
20	1311805
20	12428757
20	12497758
20	12553970
20	12564475
20	205764
20	12831917
20	12946818
20	12983015
20	13325739
20	1407932
20	13388094
20	13540281
20	13545930
20	13577228
20	13714817
20	13718634
20	13799740
20	13958143
20	13970300
20	14283990
20	14383181
20	14418865
20	14486351
20	14595802
20	14725242
20	14733811
20	14764577
20	14903655
20	15058869
20	15210976
20	15284255
20	15311887
20	15330785
20	15332150
20	15363904
20	15441984
20	15481966
20	15526326
20	15674197
20	15729712
20	15942363
20	1667960
20	16018181
20	16034518
20	16049192
20	16053694
20	16093565
20	16189366
20	16222025
20	16283866
20	16345220
20	16573901
20	16591956
20	16600246
20	16662727
20	16759207
20	16763266
20	16815644
20	16851248
20	16998784
20	17059314
20	1778944
20	17202839
20	17366162
20	17410965
20	17494146
20	17498659
20	17509765
20	17510745
20	17703108
20	17724087
20	17788683
20	17794614
20	17797359
20	17886906
20	1881774
20	18144163
20	18197580
20	18216088
20	1905847
20	18614464
20	18685614
20	18763935
20	18924811
20	18978847
20	19118391
20	19152484
20	19243943
20	2014888
20	19485263
20	19606761
20	19693898
20	19763697
20	20062239
20	20105354
20	20141954
20	20218096
20	20279211
20	20289369
20	20350006
20	2113658
20	20565928
20	20787848
20	20804455
20	288365
20	21047374
20	21054571
20	21062461
20	2185781
20	2198820
20	2224165
20	2224492
20	21536767
20	21571866
20	2229884
20	2245984
20	2347049
20	306194
20	22775158
20	22798077
20	22823271
20	22877591
20	2360328
20	22892616
20	22899677
20	22963149
20	23030641
20	23147692
20	23163433
20	23200717
20	23288305
20	23587281
20	2520986
20	24577228
20	2546864
20	24837444
20	24966840
20	25205480
20	25423905
20	2636989
20	2644565
20	2712979
20	2731683
20	2765708
20	2832126
20	363987
20	3089925
20	3212971
20	404254
20	3663006
20	3710937
20	4052856
20	4089183
20	4090430
20	4095690
20	4130781
20	4190850
20	4261000
20	4279128
20	4603187
20	4754434
20	4763645
20	4770647
20	4807484
20	4845754
20	557603
20	5078145
20	5144973
20	58219853
20	5345970
20	5349136
20	5359801
20	5399005
20	5545386
20	5747591
20	652315
20	6109150
20	6228877
20	6271891
20	700520
20	6351338
20	721926
20	6790564
20	6921503
20	6925214
20	6947973
20	791971
20	7252703
20	7275435
20	7309072
20	7314471
20	7399769
20	7478148
20	7516272
20	7644100
20	7658056
20	7825786
20	8229070
20	10517055
20	8458095
20	8503460
20	8586872
20	8592790
20	164772
20	8631786
20	935220
20	165212
20	8727556
20	8917923
20	9063970
20	9174692
20	9424463
20	9487877
20	9647260
20	9706356
20	9798005
20	9818415
20	9898518
20	9995240
20	10010516
20	30296204
20	31402449
20	33741162
20	34110469
20	35413255
20	35413447
20	31864286
20	32747440
20	32898245
20	32981616
20	33077127
20	33127031
20	33316866
20	33318007
20	33411689
20	33522398
20	33742018
20	33781548
20	34207220
20	34325728
20	34963297
20	35118208
20	35118384
20	35125836
20	35157873
20	35205356
20	35211477
20	35321981
20	31640354
20	35583402
20	62507884
20	61577204
20	61626965
20	61663370
20	61990741
20	62237789
20	62369747
20	828946
20	61649549
20	61661895
20	61693070
20	61721678
20	61802368
20	61864874
20	61924895
20	61434706
20	62200283
20	63759661
20	63136222
20	62683071
20	63162426
20	63240957
20	62801376
20	62657071
20	62889831
20	62896026
20	62987670
20	62671938
20	63037011
20	63074797
20	63075398
20	63107034
20	63148134
20	63187398
20	63195172
20	63332347
20	62705007
20	63377623
20	63604795
20	47206364
20	47771191
20	47985663
20	37621257
20	49842825
20	50001086
20	50058812
20	37701716
20	50297815
20	50639748
20	50848416
20	52139835
20	53733353
20	54429091
20	54481596
20	54651764
20	55181259
20	55343527
20	55803977
20	56247032
20	56541681
20	56764564
20	57097488
20	57298468
20	57327367
20	57416639
20	57698151
20	57714346
20	57738000
20	57845764
20	58068533
20	58386403
20	59359620
20	60395525
20	38721262
20	60995578
20	61004384
20	61148101
20	39536862
20	40564766
20	40929661
20	41264726
20	41280049
20	41433016
20	41688623
20	42017943
20	42147984
20	42540158
20	43172060
20	37007920
20	43429176
20	43568185
20	43937937
20	44042793
20	44130925
20	44412951
20	44659446
20	37225606
20	46064279
20	46267715
20	37340671
20	47018960
20	47479397
20	47512735
20	47773035
20	47789277
20	47813544
20	47841862
20	47866379
20	47940257
20	48141468
20	48142382
20	48216323
20	48258047
20	48351416
20	48352433
20	48400790
20	48455982
20	48460986
20	48681001
20	48692260
20	49133048
20	49452335
20	49493651
20	49513169
20	49532971
20	49730014
20	49743078
20	49762203
20	49767457
20	50398566
20	50432712
20	50506896
20	50685963
20	50695364
20	50872983
20	50965173
20	50972251
20	50987986
20	51125403
20	51564733
20	51565246
20	51673508
20	51767140
20	51821034
20	51890210
20	51894110
20	51894734
20	51902419
20	51970164
20	51988624
20	52095807
20	52124928
20	52137720
20	52225423
20	52341298
20	52466902
20	52471706
20	52601820
20	52713936
20	52919358
20	52935883
20	53017425
20	53117786
20	53141859
20	53200346
20	53555755
20	53560021
20	38050014
20	53734351
20	53777918
20	53805477
20	53886265
20	54051587
20	54150895
20	38116877
20	54414010
20	54480077
20	54543640
20	54723827
20	54858717
20	54995601
20	55088426
20	55199483
20	55558028
20	55797016
20	55797421
20	55822411
20	56030619
20	56254553
20	56442399
20	56766625
20	56766893
20	56877676
20	56930526
20	56936846
20	56972640
20	57070061
20	57086776
20	38438846
20	57926923
20	57937149
20	58019223
20	58052496
20	58318899
20	58620413
20	58631557
20	58764070
20	58799188
20	58940048
20	58957375
20	59109557
20	59400015
20	59471681
20	59525807
20	59638327
20	59692836
20	59719780
20	59927401
20	60150434
20	60150782
20	60161551
20	60168281
20	60234455
20	60320550
20	60452507
20	60521474
20	60766425
20	61019010
20	61030068
20	61114244
20	61122632
20	61338076
20	39358835
20	39445431
20	39745537
20	40205993
20	40244453
20	40277183
20	40477613
20	40639545
20	40653050
20	40680569
20	40692111
20	40734080
20	40788794
20	41023273
20	41379330
20	41380845
20	41411649
20	41534272
20	41559363
20	41654704
20	41671358
20	41944882
20	42067428
20	42070848
20	42182983
20	42234819
20	42324274
20	42436914
20	42507507
20	42543119
20	42593840
20	42604668
20	42605461
20	42626973
20	42783393
20	36384083
20	43319272
20	43384041
20	43926587
20	43946599
20	44071601
20	44164045
20	44657535
20	37189672
20	45058093
20	45105930
20	45112052
20	45268722
20	45272543
20	45324290
20	45568620
20	45583998
20	45925269
20	45997113
20	10087840
20	10758302
20	10995970
20	11007451
20	11065971
20	11601307
20	12638379
20	12654043
20	1405751
20	13392783
20	13974233
20	14419519
20	14690429
20	1558798
20	14936623
20	15422741
20	1627462
20	15653709
20	16449603
20	16453574
20	16953963
20	17618442
20	17890079
20	17899222
20	18028031
20	1932835
20	19587567
20	19903179
20	2161006
20	20920153
20	2169032
20	20987937
20	21000297
20	2183469
20	2249973
20	21968955
20	23193577
20	23231107
20	23321079
20	23463664
20	2522425
20	24621051
20	25046994
20	26297614
20	2770966
20	4271016
20	4296903
20	4604593
20	4696446
20	4750024
20	5169405
20	5536799
20	650326
20	6518198
20	6901251
20	6989867
20	7272830
20	7281959
20	7477360
20	7646647
20	892634
20	8585135
20	9017163
20	9028759
20	9054363
20	9309179
20	1037414
20	10165831
20	10346685
20	10355133
20	10355275
20	10429672
20	10478305
20	10762376
20	10853430
20	10873083
20	10948413
20	11135084
20	11157581
20	11236775
20	11305669
20	11353929
20	11413234
20	11553705
20	11561984
20	11629806
20	11784561
20	11939872
20	11951084
20	12063100
20	12266520
20	12508929
20	12592086
20	12631494
20	12661505
20	12742526
20	12976804
20	13077648
20	13103438
20	13204085
20	13235610
20	13252364
20	13276139
20	13416874
20	13577489
20	13631510
20	13654508
20	13839095
20	14055883
20	14224402
20	15050398
20	15076864
20	15090782
20	15480990
20	15528465
20	15663892
20	15664797
20	15870432
20	15933819
20	15988958
20	16294985
20	1702696
20	16316827
20	16336705
20	16355666
20	16624059
20	16627103
20	16648795
20	16666467
20	16669557
20	17323550
20	17499085
20	17715080
20	17763987
20	17842190
20	18112538
20	18134799
20	18154618
20	18921758
20	18960228
20	19133274
20	19214675
20	19217646
20	19311224
20	19502234
20	19581935
20	19696532
20	19942356
20	19951751
20	20074115
20	2079188
20	2147284
20	2153022
20	20837304
20	2165934
20	20991516
20	21003869
20	21017293
20	21725852
20	22095551
20	22110767
20	22155518
20	22156201
20	22230981
20	22331141
20	22672946
20	23063510
20	23153159
20	23236957
20	2418529
20	23476109
20	23753573
20	24156942
20	2500665
20	24402463
20	24421227
20	24464519
20	24577252
20	24643138
20	2537179
20	24827908
20	2578827
20	25083676
20	2582008
20	2589562
20	25516902
20	25585849
20	25891165
20	25988629
20	25990129
20	3114262
20	396582
20	3378656
20	3430922
20	3433983
20	444453
20	3764480
20	3907690
20	120058
20	4315003
20	4527444
20	4541889
20	4586645
20	4656522
20	5213727
20	5274432
20	5346422
20	5353794
20	5493777
20	5528459
20	628723
20	5954657
20	695798
20	708893
20	6476614
20	6507040
20	6666429
20	6687861
20	6710194
20	6735450
20	753319
20	7054635
20	778672
20	7442866
20	7572829
20	7608818
20	7916402
20	8072072
20	8106934
20	8134057
20	8528811
20	8609872
20	8645635
20	8834933
20	8911953
20	8993715
20	9030675
20	9075173
20	3703375
20	9107977
20	9142911
20	9295054
20	9439799
20	9440536
20	9668586
20	9675672
20	1049592
20	9782681
20	10006761
20	34176791
20	34853454
20	35582252
20	32077833
20	32239479
20	32517586
20	32566171
20	32678109
20	32888858
20	32906576
20	33248657
20	33273759
20	33878120
20	33892382
20	33979169
20	34972369
20	61484123
20	61596937
20	61401529
20	61538849
20	61734913
20	61737331
20	61860426
20	61882443
20	62160042
20	62188341
20	62656375
20	63778535
20	64219694
20	62792725
20	63107995
20	63383645
20	63460989
20	46636266
20	46915037
20	47185199
20	37406204
20	47277392
20	48381773
20	48435141
20	48525749
20	49156038
20	49643666
20	50023940
20	50758705
20	50884510
20	51737552
20	51904751
20	51931758
20	52179983
20	53428767
20	53559068
20	53939438
20	54002395
20	55680786
20	56576372
20	56820352
20	56836015
20	57104684
20	57480577
20	57747673
20	57811019
20	57942467
20	57981090
20	58030292
20	58201905
20	58843016
20	59262845
20	59540227
20	59615102
20	59977070
20	60073605
20	60954143
20	60995315
20	61044499
20	61320231
20	39170877
20	39461838
20	39987940
20	40602466
20	40988758
20	43314949
20	43991445
20	45115588
20	45766601
20	46588098
20	46869084
20	47391601
20	47715529
20	47757891
20	48025319
20	48045937
20	48213208
20	48313747
20	48415361
20	48416093
20	48464600
20	48491735
20	48762262
20	49507489
20	50061514
20	50178876
20	50390015
20	50477252
20	50545649
20	50651390
20	51063215
20	51253325
20	51547601
20	51694428
20	51710813
20	51789433
20	37893167
20	52080480
20	52238632
20	52281264
20	52501338
20	37950376
20	37964689
20	53032485
20	53060877
20	53264500
20	53683820
20	53751361
20	53766245
20	53797409
20	53839906
20	53885382
20	54070813
20	54130185
20	54255676
20	54975794
20	54999174
20	55038892
20	55190904
20	55216744
20	55603739
20	55749651
20	55970056
20	56141829
20	56173092
20	56234406
20	56388905
20	38331330
20	56729365
20	56732076
20	57222001
20	57249419
20	57249704
20	57477772
20	57636797
20	57809229
20	57860285
20	57940698
20	58002525
20	58294897
20	58618493
20	58902035
20	59342802
20	59394909
20	59463753
20	59502537
20	59584150
20	59788034
20	60395377
20	60447797
20	60481136
20	60510827
20	38762789
20	60852798
20	60885031
20	60890359
20	60926514
20	60933755
20	61014216
20	61054325
20	61275796
20	61305810
20	39045324
20	39060585
20	39333713
20	39348383
20	39540334
20	39623517
20	39937435
20	39961171
20	36686764
20	40109343
20	40255548
20	40266369
20	40601342
20	40746358
20	40852634
20	40869046
20	41032047
20	41335690
20	41706629
20	41737142
20	41835324
20	42449603
20	42574253
20	42800347
20	42983785
20	43350146
20	43860201
20	43944952
20	44175136
20	44457755
20	44681610
20	45109527
20	45125777
20	45254153
20	45513755
20	10436863
20	10745480
20	11492528
20	11498743
20	12015619
20	12633452
20	12675202
20	1356010
20	12907672
20	13203604
20	13339810
20	13458246
20	14444691
20	14573099
20	14933932
20	15643511
20	15795882
20	15797701
20	15813794
20	15979298
20	16172865
20	16207547
20	17442466
20	17690202
20	18043403
20	18420111
20	18583730
20	1946869
20	18781070
20	18914649
20	1977499
20	19470679
20	20343661
20	21412561
20	2420585
20	23713676
20	24771590
20	25600788
20	26259328
20	3010914
20	4266459
20	4469284
20	4480712
20	4911113
20	5413141
20	5478378
20	5674427
20	5779392
20	5810420
20	5828370
20	6185841
20	6352647
20	6417545
20	6445490
20	734531
20	6702004
20	7014183
20	7712242
20	7767235
20	7893171
20	8058002
20	8058023
20	8072904
20	8226339
20	8731476
20	9383930
20	9399302
20	9565907
20	9615698
20	9666186
20	9683072
20	10015302
20	10096212
20	10127094
20	10326978
20	10339548
20	10349948
20	10771962
20	10785338
20	10866500
20	11227213
20	11290244
20	11535770
20	11561641
20	11676210
20	11858153
20	11984663
20	12246106
20	12330431
20	1307579
20	12607957
20	12649906
20	12651200
20	12682443
20	12698980
20	1345357
20	12850131
20	13046809
20	13210966
20	13244703
20	13581834
20	13601829
20	13829067
20	13833963
20	1516551
20	14495629
20	14697489
20	14897008
20	14909565
20	15190312
20	15191192
20	15458086
20	15778716
20	15779791
20	15786082
20	15792231
20	15796605
20	15896382
20	16019021
20	16201240
20	1706804
20	16554303
20	16582627
20	16679257
20	16703133
20	16716820
20	16720402
20	16747163
20	1747818
20	16825063
20	17497220
20	17988781
20	18041433
20	18140117
20	1890109
20	18409485
20	18681060
20	1943088
20	18762284
20	18790226
20	18830061
20	18868926
20	18928914
20	19235883
20	19278247
20	19334619
20	19416693
20	19446878
20	19611960
20	19628817
20	19700221
20	2043283
20	19885928
20	2067172
20	20053322
20	20324288
20	2108052
20	20389284
20	20968220
20	21068721
20	21237385
20	21491588
20	21545162
20	2247802
20	22182218
20	22379470
20	22393372
20	22670000
20	2357808
20	23107958
20	23129399
20	2416873
20	23799193
20	23811022
20	23891435
20	24135247
20	24142349
20	24447649
20	24542087
20	25212688
20	25558850
20	26107892
20	26244015
20	2774842
20	2920894
20	3043424
20	82603
20	410381
20	3700636
20	3744061
20	4065091
20	4075009
20	4131385
20	4154216
20	4186587
20	4304846
20	4380390
20	4597434
20	4611069
20	4736616
20	4801454
20	4972277
20	5270423
20	5345152
20	612664
20	5493650
20	621978
20	5616630
20	5650642
20	637164
20	5713072
20	5790273
20	5832242
20	6342010
20	6430556
20	733903
20	7614841
20	7644859
20	7674292
20	7758729
20	7796829
20	857157
20	7876057
20	8027519
20	8409264
20	8669592
20	953670
20	8841661
20	8843470
20	8859110
20	9020207
20	1019109
20	9605226
20	9683216
20	9796313
20	9816620
20	30323787
20	32304631
20	32883507
20	33296263
20	33897754
20	32541007
20	32641590
20	32658860
20	32778437
20	32895106
20	33738709
20	33812107
20	33926580
20	33986094
20	34232065
20	34624251
20	35201240
20	62442598
20	61536687
20	61541551
20	61763634
20	62083348
20	62344904
20	62441223
20	61660620
20	61781074
20	61928292
20	61958481
20	62174127
20	49790590
20	58227835
20	3658395
20	43665973
20	3761153
20	3599521
20	2874820
20	58200185
20	46451308
20	55588440
20	2862407
20	3659410
20	1745610
20	12922448
20	4347862
20	19519214
20	10488582
20	56821601
20	60427938
20	48130560
20	10121882
20	49767147
20	64209721
20	47186275
20	47861663
20	49249247
20	50470475
20	52016933
20	57920195
20	61343970
20	61344105
20	40548332
20	10251664
20	10403333
20	12088211
20	13059015
20	18217802
20	19689700
20	23613655
20	2639233
20	5378811
20	8328297
20	9231587
20	9932275
20	19518271
20	10551807
20	13307724
20	10050283
20	32228308
20	32651223
20	34965874
20	32033295
20	4407807
20	62465895
20	3607051
20	49769944
20	12764262
20	4345952
20	48166870
20	19524602
20	435505
20	10507511
20	826235
20	787077
20	12988752
20	42794816
20	3769239
20	507789
20	48175734
20	49571542
20	36551093
20	48183056
20	49035801
20	58367256
20	60575827
20	60571638
20	8883556
20	8422212
20	8400820
20	8377357
20	8374790
20	10475938
20	15165711
20	3694851
20	4221337
20	47267055
20	58381414
20	16815012
20	11238240
20	11355827
20	52662292
20	14928095
20	19013408
20	57107331
20	57630973
20	19636765
20	21668773
20	63264557
20	51848042
20	25152010
20	189060
20	57632558
20	8099830
20	58469718
20	4796982
20	19234998
20	7218766
20	10024362
20	7935280
20	3184411
20	59958042
20	1022013
20	23340690
20	6220602
20	51831378
20	17771366
20	14341234
20	33866607
20	39881734
20	61740052
20	56882575
20	39538874
20	53166147
20	44688014
20	843608
20	2885330
20	18794591
20	55070928
20	17650928
20	24052618
20	4204211
20	46758525
20	17476198
20	47205635
20	22730786
20	33277891
20	21865276
20	7719935
20	20047182
20	5552207
20	41365553
20	61575042
20	20902220
20	24188609
20	5303605
20	36059535
20	19375165
20	40316608
20	11947567
20	61050893
20	39394153
20	39511457
20	13162915
20	21692766
20	49805143
20	17709594
20	48206705
20	47692680
20	19358001
20	35127789
20	42083451
20	51832675
20	16902010
20	9387455
20	15596312
20	14195343
20	926783
20	12409951
20	44770092
20	19458956
20	53881298
20	56608558
20	23720187
20	59678383
20	24384241
20	41974729
20	9366076
20	4319503
20	38509548
20	48100577
20	12213776
20	15246990
20	3629314
20	22449889
20	42432443
20	62940106
20	13915853
20	19098649
20	25317451
20	24991697
20	50790570
20	12037821
20	25671561
20	12059197
20	47360213
20	57806573
20	59748162
20	10314609
20	58727119
20	36922468
20	6861683
20	5510182
20	43223295
20	21682740
20	33936250
20	62444168
20	8877100
20	40663502
20	19611654
20	9382918
20	59423528
20	46626696
20	10621756
20	17783112
20	24144511
20	5304448
20	48993094
20	8832692
20	31918870
20	38163094
20	56125346
20	25056457
20	2380379
20	22911285
20	53521271
20	16446317
20	49512632
20	23230172
20	21731384
20	10175474
20	61553367
20	16988191
20	60965041
20	60855253
20	4296956
20	23225278
20	19181915
20	3872904
20	45464113
20	15333367
20	40470283
20	37317836
20	60132078
20	42256036
20	4798891
20	20959886
20	16321890
20	58534272
20	63754126
20	44857300
20	38343306
20	4117920
20	24781454
20	22447646
20	48227077
20	37692942
20	39391871
20	1696297
20	13915418
20	19504563
20	61553396
20	33745375
20	39479869
20	12614724
20	18310335
20	37344696
20	32944847
20	8255169
20	35276681
20	5267647
20	49510639
20	59411230
20	41920710
20	38886690
20	43202407
20	46227824
20	11025983
20	58994761
20	8579516
20	33892184
20	61396128
20	48703030
20	4660228
20	42201584
20	40649002
20	48219845
20	756408
20	11434439
20	678642
20	12179867
20	37648848
20	6262546
20	39616003
20	33205198
20	956302
20	17807200
20	10317938
20	44405439
20	33827283
20	38381281
20	44179269
20	45322392
20	16971696
20	48653336
20	39227683
20	5923382
20	5923394
20	11037148
20	11827967
20	52079310
20	21578451
20	62056309
20	25226438
20	19024816
20	42081350
20	50322539
20	19770686
20	37998608
20	51485666
20	15568678
20	1382651
20	22652422
20	62389245
20	38920087
20	47919236
20	57008664
20	59405854
20	58512656
20	6088216
20	33235824
20	63103951
20	42083005
20	16014713
20	17740945
20	62832170
20	32978321
20	61118227
20	48818502
20	41168825
20	44726014
20	6084063
20	50575367
20	1324628
20	37326062
20	63790269
20	23975105
20	23975141
20	43063615
20	63362912
20	23149591
20	62387568
20	49394471
20	53188415
20	42472134
20	9317611
20	7706677
20	42687851
20	17475773
20	17477029
20	47265215
20	42931754
20	50806064
20	8814859
20	44130194
20	44129957
20	51781462
20	19483030
20	9840359
20	17867562
20	60267632
20	11990037
20	60900234
20	11483579
20	15877645
20	23446011
20	16428572
20	21630345
20	52207112
20	43576421
20	10917230
20	15812477
20	7704041
20	15341060
20	54187953
20	43493812
20	54047333
20	19687567
20	60022255
20	17088386
20	15948843
20	10954766
20	11534901
20	50621890
20	8690654
20	11091433
20	8434752
20	8430075
20	16022580
20	16013764
20	16010060
20	16002406
20	16065880
20	16065034
20	16036499
20	16073937
20	10638366
20	38434831
20	39665454
20	39659004
20	54357019
20	23372048
20	45079656
20	49469295
20	49650254
20	11810446
20	22161957
20	22205955
20	22220537
20	22227031
20	38444448
20	38498708
20	38537715
20	5713480
20	5697112
20	5690814
20	830064
20	39628647
20	19743399
20	21433399
20	19746632
20	62718031
20	10511631
20	55791142
20	60994460
20	8140450
20	46626048
20	24863616
20	41851751
20	19338740
20	50824825
20	47944950
20	57444745
20	58579749
20	42218846
20	17168540
20	37968202
20	37179804
20	9826588
20	37137934
20	47987834
20	22482636
20	42283566
20	48099110
20	18118170
20	50080711
20	44825544
20	47102472
20	46566394
20	8723792
20	13150431
20	56908992
20	16513259
20	24673873
20	53114652
20	16053548
20	34020116
20	10814660
20	49818099
20	38600016
20	11015656
20	52072625
20	56348142
20	39276788
20	52224790
20	24832906
20	5663538
20	25152043
20	12138145
20	11387903
20	51530532
20	35038634
20	21013197
20	43268136
20	17037047
20	20384582
20	35559009
20	63505066
20	5315359
20	31871636
20	11039457
20	16432119
20	2552330
20	3185613
20	15273405
20	17004303
20	11992285
20	18012816
20	9914225
20	16815945
20	53995333
20	19448125
20	57146942
20	33824950
20	9970635
20	8362897
20	57949899
20	17972928
20	47865829
20	6337522
20	50868975
20	51580541
20	12420677
20	14450817
20	47068506
20	50380081
20	42312558
20	9146115
20	57602010
20	36019079
20	8551996
20	2213671
20	602460
20	48349243
20	23652139
20	59777866
20	24764842
20	11498586
20	4067374
20	7264635
20	42433986
20	4875443
20	39305030
20	40221125
20	33046455
20	4536150
20	23701496
20	33452685
20	52209807
20	1415149
20	57896547
20	40399796
20	8786134
20	52645356
20	53159301
20	54150268
20	47183417
20	45478815
20	53295243
20	59224289
20	55811889
20	42841710
20	17903183
20	23785640
20	14322635
20	40177289
20	46558602
20	64052930
20	64057006
20	63954909
20	63966341
20	63972848
20	63980278
20	63937055
20	63904241
20	61181515
20	61183865
20	61187161
20	18781393
20	12488857
20	21551134
20	1516977
20	11144516
20	50460356
20	2077363
20	17300869
20	4229801
20	3058469
20	57764126
20	23832981
20	60036351
20	34260913
20	34303394
20	34315881
20	44197289
20	48166660
20	48166573
20	48165026
20	48159120
20	48158716
20	23102025
20	23114460
20	23168860
20	23177765
20	23181170
20	12784976
20	12762370
20	26213468
20	26244509
20	60598272
20	60620427
20	60624869
20	46513194
20	46567705
20	38617315
20	18187709
20	17101533
20	17101707
20	17105746
20	17150624
20	17172418
20	17178431
20	48198398
20	48208229
20	52716900
20	52700202
20	52653258
20	52647247
20	52634946
20	62775724
20	62781114
20	10475837
20	3133034
20	12764624
20	46564686
20	52631389
20	10307094
20	12826368
20	52696769
20	62389008
20	50707844
20	61738436
20	12727320
20	56550898
20	22958408
20	47140567
20	63247598
20	54643947
20	21803493
20	2846822
20	58098993
20	2236492
20	40868199
20	42099455
20	47855934
20	37563164
20	41980803
20	35306660
20	1029036
20	43746792
20	63013534
20	22500288
20	63467943
20	61779975
20	45823262
20	17361701
20	58715790
20	5729419
20	46060026
20	37867890
20	39396592
20	46560541
20	57591683
20	18904363
20	62814660
20	47212407
20	24734908
20	24764892
20	18272729
20	11389066
20	53082650
20	5486294
20	5486417
20	56989649
20	57009228
20	54645788
20	34704973
20	17953042
20	55887337
20	63089417
20	22652517
20	5291064
20	13428856
20	62415019
20	48341511
20	23645109
20	56437262
20	630017
20	15048316
20	13279605
20	19001408
20	1361543
20	39082132
20	16127725
20	64215178
20	54877451
20	44683756
20	56260350
20	3109478
20	56807030
20	20415152
20	50291503
20	50279970
20	57842671
20	63468033
20	47751492
20	58021561
20	42383624
20	53741490
20	58905878
20	54087064
20	40053162
20	41897924
20	25686101
20	9764325
20	44074557
20	24348438
20	49413473
20	24730591
20	18292908
20	22777163
20	43101263
20	4164374
20	33086765
20	48234518
20	33231983
20	40011438
20	14115734
20	54156202
20	56829503
20	50363749
20	6489618
20	16604669
20	39365360
20	44091459
20	39245170
20	49336355
20	52582804
20	15893680
20	51363670
20	3798982
20	16475129
20	1871747
20	56735517
20	47372216
20	60784474
20	56966318
20	50546698
20	19605017
20	874111
20	61709642
20	61672494
20	61667846
20	61718613
20	61639623
20	61639511
20	9929649
20	50257840
20	55629483
20	4057845
20	4246877
20	47045608
20	46802826
20	43150303
20	47089540
20	61657931
20	22481852
20	38292351
20	9970031
20	6435485
20	8624905
20	6423634
20	1657932
20	48864614
20	10926389
20	54200499
20	54200178
20	53033191
20	20425601
20	11294595
20	33614973
20	17214186
20	46957616
20	57760685
20	58420884
20	12917973
20	63335685
20	52421298
20	18321385
20	57061232
20	57061382
20	51231717
20	7346054
20	58540390
20	58540062
20	15408301
20	6942889
20	55664891
20	21784098
20	42714787
20	44014289
20	46765581
20	40581664
20	21043982
20	8163993
20	17042585
20	18221193
20	19316619
20	32093740
20	42762680
20	47885094
20	17346159
20	14357847
20	33269522
20	40133377
20	56205320
20	8330815
20	14883012
20	21871411
20	5901590
20	56345802
20	39289453
20	7203988
20	16926144
20	9012093
20	47922335
20	41902686
20	6622975
20	9788334
20	57414752
20	20171818
20	11387132
20	6815674
20	20260900
20	9575134
20	52893325
20	3984407
20	42445676
20	54154554
20	13160002
20	13787352
20	1479932
20	15967630
20	16379482
20	17494076
20	18525787
20	1934759
20	20360215
20	20605174
20	2483427
20	25455668
20	2658759
20	2798882
20	3148787
20	3149031
20	34988161
20	34988187
20	35286555
20	35632163
20	35729552
20	36706970
20	36752859
20	37067020
20	37120921
20	37157913
20	38013711
20	44341310
20	45841284
20	45844391
20	46502138
20	49823093
20	49946222
20	58434705
20	5916373
20	62130675
20	62836333
20	63285652
20	64260273
20	9423853
20	9565913
20	96271
20	158989
20	278431
20	1127509
20	1203656
20	1246208
20	1551686
20	1552040
20	1570957
20	1635418
20	2325957
20	2332181
20	2483211
20	2483379
20	2484135
20	2579991
20	2612278
20	2797004
20	2863064
20	2864403
20	2864990
20	2987930
20	2987933
20	3024623
20	3147766
20	3148160
20	3148995
20	3213231
20	3215279
20	3234742
20	3287774
20	3294523
20	3322212
20	3324890
20	3381500
20	3547489
20	3701337
20	3738657
20	3798463
20	3803206
20	3803211
20	3908088
20	3910728
20	4183520
20	4786226
20	4867765
20	4912979
20	5184856
20	5184950
20	5189839
20	5302632
20	5558106
20	5952049
20	5952533
20	6119520
20	7906149
20	8010287
20	8684930
20	9478956
20	9518120
20	10038409
20	10044451
20	10044548
20	10045694
20	10050217
20	10054472
20	10055631
20	10408804
20	10648607
20	11918312
20	13093538
20	13783026
20	13794946
20	13801570
20	13816939
20	13850191
20	13870140
20	13885346
20	13885404
20	14325607
20	16356329
20	16367337
20	16380165
20	16429984
20	16515543
20	17494949
20	17496933
20	17621549
20	17658595
20	17990073
20	18389701
20	18452623
20	18543155
20	20018034
20	20085498
20	20263135
20	20288937
20	20412022
20	20536786
20	20605364
20	20605391
20	20620462
20	21232831
20	21334190
20	21389331
20	23364705
20	23452579
20	23452584
20	23605801
20	23635368
20	23877598
20	24543113
20	24969587
20	24971464
20	24971571
20	24973644
20	24983997
20	25079487
20	25418103
20	25512961
20	25513007
20	25675130
20	25675919
20	25676477
20	31377266
20	31450165
20	31923053
20	31948883
20	32433447
20	32434430
20	32728088
20	32793595
20	32802475
20	32863835
20	32898624
20	32906634
20	32918360
20	32987714
20	32995708
20	32996323
20	32997680
20	33039525
20	33237696
20	33241469
20	33289884
20	33395008
20	33670783
20	33758807
20	33852203
20	34492564
20	34715339
20	35044703
20	35078060
20	35303953
20	35306704
20	35384043
20	35555075
20	35631114
20	35631561
20	35632311
20	35672750
20	35698519
20	35842744
20	35855292
20	35863300
20	36023644
20	36030571
20	36239819
20	36499602
20	36721674
20	36752835
20	36815121
20	36887529
20	36905363
20	36935048
20	36935110
20	36941071
20	37003697
20	37199225
20	37223969
20	37236612
20	37767951
20	37777712
20	37842419
20	38002778
20	38040468
20	38304207
20	38335675
20	38355414
20	38370807
20	38373140
20	38376657
20	38574935
20	38641809
20	38969219
20	38994845
20	39001843
20	39023689
20	41100243
20	43516182
20	43584885
20	43604263
20	43642629
20	43682891
20	43726649
20	44206918
20	44264496
20	44619848
20	44956385
20	44956444
20	44981880
20	44981926
20	45110769
20	45207601
20	45207841
20	45208186
20	45223181
20	45223430
20	45333022
20	45335917
20	45366903
20	45375039
20	45408857
20	45420648
20	45538066
20	45553141
20	45555706
20	45555821
20	45558847
20	45649266
20	45704920
20	45724058
20	45775412
20	45777074
20	45814475
20	45877492
20	45877688
20	46371801
20	46375235
20	46375371
20	46502489
20	46583642
20	46610482
20	47001440
20	47005084
20	47639203
20	47659397
20	49016420
20	49221603
20	49254650
20	49255912
20	49511164
20	49862976
20	50096700
20	50130865
20	50578522
20	50589681
20	50830385
20	50893633
20	51391353
20	51690741
20	53944925
20	53944997
20	54157168
20	54157498
20	54165741
20	54171644
20	54610528
20	56249204
20	56395761
20	56452191
20	56452779
20	56473396
20	56536193
20	57334836
20	57373694
20	57373738
20	57518753
20	57614992
20	57615521
20	57620218
20	58671217
20	58676286
20	58997718
20	59019544
20	59019580
20	59030422
20	59253127
20	59254261
20	59254723
20	59322417
20	59865383
20	59882095
20	59944913
20	59944925
20	59970122
20	59971961
20	59972100
20	59989164
20	59994488
20	59996588
20	59999663
20	62179203
20	62216773
20	62387839
20	62388345
20	62965168
20	63279000
20	63285699
20	63694375
20	63945651
20	64106408
20	64219040
20	64273349
