21	29006524
21	30282836
21	30598756
21	32656706
21	33904008
21	36072862
21	38402616
21	39274386
21	39406227
21	41992879
21	42772512
21	45530897
21	36070405
21	36135471
21	36135447
21	29728478
21	14968122
21	17796749
21	26924056
21	28882989
21	28970696
21	29039136
21	29048806
21	29329641
21	29553668
21	30215517
21	30337197
21	30372185
21	30396568
21	30616466
21	30718722
21	31124576
21	31690791
21	31924566
21	31983536
21	32741586
21	32759943
21	33488672
21	33488768
21	33488823
21	33506003
21	33509815
21	33517126
21	33528325
21	33531559
21	33573290
21	33581488
21	34097124
21	34370638
21	34523688
21	36043839
21	36043848
21	36045921
21	36071019
21	36071051
21	36146116
21	36230709
21	36281514
21	36372453
21	36756731
21	37072539
21	37132733
21	37164075
21	37200298
21	37506341
21	39178547
21	39187183
21	39199144
21	39390821
21	39393210
21	39410265
21	39423002
21	39428389
21	39661229
21	39792027
21	41406770
21	41437018
21	41443864
21	41494509
21	41861740
21	41991281
21	41993437
21	42115905
21	42225884
21	42291192
21	42388417
21	42477337
21	42896942
21	42897024
21	42903847
21	43676848
21	43800545
21	44260841
21	44337669
21	44364277
21	44525811
21	44528566
21	44787940
21	45171632
21	46138893
21	46242805
21	46245061
21	46272569
21	46286948
21	46389264
21	46416080
21	46664335
21	42219956
21	45510249
21	14291719
21	45423882
21	45421413
21	45420620
21	42296444
21	13297868
21	45456169
21	43209230
21	42287908
21	13471879
21	45420713
21	45468555
21	45424159
21	45421017
21	45468261
21	45512404
21	45512611
21	45424969
21	14291591
21	45473910
21	42201624
21	45420869
21	45422577
21	45515247
21	45420852
21	14300244
21	45512675
21	45421482
21	45480756
21	45530949
21	45455878
21	45482803
21	45492695
21	45422585
21	42206963
21	14288523
21	45513316
21	45476380
21	45419836
21	42273345
21	45420426
21	36146500
21	15879237
21	13843833
21	42296624
21	29244159
21	45478329
21	45421101
21	45420608
21	42199763
21	45525868
21	14301097
21	36070068
21	45419830
21	45420969
21	45420318
21	45422629
21	36073053
21	36072524
21	42294610
21	45424595
21	45515276
21	45515378
21	45419937
21	36072477
21	45532092
21	45512738
21	42271122
21	45421452
21	45515018
21	41569416
21	13472047
21	36072741
21	36070429
21	45513546
21	45476467
21	45425050
21	43453180
21	45424404
21	36146552
21	45507575
21	45419818
21	36146284
21	45473936
21	45480496
21	15888275
21	14274076
21	43209608
21	41452874
21	31667307
21	34709540
21	33488766
21	39452141
21	37200278
21	33488946
21	33856857
21	33489321
21	36756564
21	34449261
21	41494356
21	37017926
21	18294445
21	32609853
21	37122985
21	37087401
21	42896955
21	37164136
21	31663804
21	36402852
21	37140559
21	30541663
21	36756558
21	33578393
21	30746992
21	42903270
21	36036212
21	41449295
21	42442481
21	30166452
21	34370558
21	36756651
21	42426770
21	44894969
21	46363699
21	46240835
21	42382101
21	46285025
21	43656585
21	45478353
21	39779310
21	43071985
21	35048959
21	34370847
21	32638903
21	37065660
21	42906903
21	43774297
21	34370557
21	32383417
21	40184487
21	31043644
21	14902123
21	15101640
21	44701995
21	42672704
21	35097460
21	38931753
21	38335210
21	42203171
21	43324660
21	18273952
21	20845295
21	24747124
21	39896813
21	29947244
21	19304328
21	31810170
21	24863816
21	40881659
21	36689322
21	30623789
21	14286933
21	22251436
21	39126088
21	16968742
21	38375582
21	22961707
21	38657437
21	25447352
21	41603844
21	43889208
21	19193719
21	35485190
21	25652766
21	41070846
21	27101201
21	40952462
21	20983528
21	19475749
21	35629906
21	45376466
21	46472893
21	30245254
21	18344924
21	21085454
21	28590055
21	35948803
21	32033387
21	17859381
21	32943825
21	23304883
21	25743474
21	27277340
21	23615631
21	22170124
21	26071334
21	36267391
21	25852732
21	30900583
21	31667849
21	32147138
21	31866639
21	20358481
21	38480473
21	18328193
21	35969369
21	41548095
21	33002222
21	46125854
21	30088567
21	40441358
21	42741117
21	41250859
21	28122827
21	21418599
21	32648343
21	37132200
21	41138817
21	22198989
21	15139181
21	20963191
21	24474011
21	25763251
21	35301275
21	42618903
21	28872555
21	41452734
21	46003475
21	37201717
21	41798360
21	14964483
21	33297076
21	33437386
21	42904255
21	38301377
21	26353581
21	20294685
21	42350174
21	39005629
21	19601954
21	16966210
21	32010138
21	34366284
21	38977674
21	39649825
21	40891577
21	21069870
21	42386084
21	43750404
21	44707634
21	43718237
21	24130814
21	24457432
21	24516771
21	24806023
21	25376845
21	27196183
21	27927059
21	28743577
21	31724554
21	31911440
21	32038318
21	32829063
21	32867760
21	33078272
21	33108730
21	33212239
21	33991458
21	41569262
21	16688973
21	17302481
21	19677688
21	20049209
21	21516727
21	44715136
21	46300443
21	26795324
21	15275946
21	14119452
21	20864803
21	24426277
21	24426346
21	28371526
21	41705401
21	42106320
21	41876504
21	42715334
21	19010673
21	29401555
21	39963440
21	44683002
21	33658920
21	34594833
21	38824464
21	33238182
21	42110289
21	25592836
21	44801252
21	13297610
21	28634420
21	14285390
21	14300055
21	14304924
21	14308498
21	14309042
21	14720268
21	21768203
21	16443009
21	44771355
21	27284881
21	19143092
21	38098664
21	40910265
21	45959576
21	39077732
21	39583158
21	35689067
21	16744789
21	36269898
21	43052952
21	29018236
21	31547288
21	42415746
21	15249540
21	18754557
21	46356467
21	45621894
21	14122460
21	16988849
21	24727126
21	25482776
21	31099531
21	43567198
21	46543236
21	27089855
21	31696813
21	27360143
21	33812906
21	41569493
21	42692256
21	42409649
21	17169191
21	40143898
21	46283735
21	24593012
21	46448408
21	32010179
21	33387570
21	41701073
21	26873030
21	22887536
21	43630332
21	39710584
21	44949339
21	20499415
21	42402293
21	25725147
21	30574712
21	43179099
21	35444054
21	44625466
21	37823970
21	41387665
21	23391531
21	31923801
21	32772274
21	17347171
21	33608042
21	36139329
21	23757836
21	45762377
21	15713657
21	34469442
21	44564950
21	20491873
21	24204563
21	15954381
21	16428192
21	26659162
21	24542583
21	35413744
21	19884265
21	38785357
21	38801604
21	38803903
21	41275894
21	36843623
21	18763898
21	31992308
21	27031523
21	15682151
21	33380732
21	20731541
21	28644530
21	29243192
21	14372948
21	27063812
21	40451429
21	25411103
21	14164227
21	45983521
21	43092176
21	19938321
21	23093140
21	27691746
21	36174197
21	41636765
21	32199947
21	15354726
21	38428666
21	31386895
21	19387470
21	22600004
21	15173805
21	39678399
21	41747246
21	23348331
21	14999292
21	41852437
21	33344483
21	21145779
21	17985473
21	44666540
21	20248598
21	35150696
21	29671065
21	24469148
21	29648555
21	44657646
21	38668724
21	41779969
21	28776417
21	20366261
21	33942421
21	41979806
21	14704983
21	24138279
21	31950507
21	37558769
21	17814297
21	14073147
21	39721023
21	31431723
21	17347999
21	24139131
21	33897660
21	44475876
21	45377474
21	25970679
21	14612543
21	14743358
21	14000188
21	14324721
21	34174499
21	40465366
21	41728521
21	17177871
21	19963774
21	16667704
21	41742196
21	42119813
21	33553954
21	16444661
21	27472174
21	42372760
21	45358857
21	23300407
21	26914534
21	34363867
21	33987197
21	19176610
21	42833569
21	41774299
21	19657886
21	18150574
21	45515635
21	44001525
21	41753099
21	36972703
21	14722862
21	45347113
21	43733870
21	31322949
21	36858661
21	30878633
21	41113881
21	24650957
21	43350089
21	27063575
21	33950586
21	27619734
21	34003348
21	42771377
21	38022548
21	44624708
21	46069632
21	20934383
21	31472667
21	19264249
21	35376934
21	38948904
21	28471686
21	42432123
21	41213161
21	21892110
21	19775034
21	22914215
21	16444475
21	23463695
21	26636027
21	39297157
21	21300477
21	27133337
21	20689394
21	17660561
21	17652247
21	23396438
21	30561687
21	37751209
21	19821890
21	19738313
21	22575256
21	31363156
21	27770487
21	27812209
21	16383130
21	16390008
21	27288918
21	27371869
21	27570603
21	21515877
21	29826974
21	40977196
21	19691821
21	39998891
21	18610937
21	20891273
21	24322342
21	33185927
21	38694317
21	21454493
21	46019560
21	24958041
21	32154886
21	46097243
21	26371242
21	20693243
21	20220906
21	19501717
21	19499412
21	19388767
21	18111820
21	18109577
21	17638945
21	26984508
21	26975764
21	18061176
21	17989995
21	23179287
21	30665712
21	42066059
21	22793823
21	23679912
21	23644318
21	16295458
21	39596533
21	23289986
21	38838592
21	25592361
21	29002784
21	38987079
21	30430841
21	18832685
21	22455091
21	23632098
21	42358786
21	18065662
21	40547031
21	40206448
21	14110284
21	14569387
21	18924531
21	45675076
21	27289693
21	23267071
21	36638352
21	14817833
21	27130758
21	28295714
21	31071890
21	35075859
21	36964896
21	39761349
21	40326395
21	42110561
21	43013571
21	36185744
21	43830958
21	18306443
21	18030904
21	18078953
21	20611618
21	18023140
21	20360603
21	44227763
21	30693503
21	23828123
21	43529405
21	26933328
21	26909921
21	26900909
21	35520483
21	39972562
21	27149180
21	18138471
21	16219282
21	26651034
21	46011117
21	26710609
21	46234387
21	27153128
21	28081802
21	28738325
21	28781392
21	29242326
21	29628095
21	30152391
21	30481632
21	30922162
21	30959999
21	31017759
21	31355338
21	34262374
21	34751020
21	35477121
21	35725673
21	35764354
21	36510665
21	37413638
21	37427735
21	38619222
21	24119543
21	38715229
21	24116633
21	24104755
21	24695714
21	27370069
21	34018551
21	41099701
21	13424314
21	16531694
21	40194661
21	24117296
21	24172265
21	40408471
21	40473012
21	40534674
21	40538154
21	23458246
21	40884278
21	25248996
21	25461967
21	25798840
21	18154255
21	19843194
21	19868662
21	20222688
21	21449815
21	21475800
21	21539190
21	22582190
21	22660347
21	22685548
21	14820404
21	23376302
21	43793504
21	43452574
21	43653543
21	44530116
21	44710681
21	44863860
21	45232161
21	45512704
21	45513250
21	23783980
21	36476036
21	30616796
21	43008237
21	44876080
21	37683186
21	37644766
21	37665334
21	42022276
21	42058026
21	42090327
21	42585833
21	27354208
21	16384552
21	17777816
21	38595152
21	20482166
21	44929581
21	45512700
21	38499296
21	40116638
21	39476248
21	18136473
21	20948559
21	14495239
21	46122865
21	20473497
21	20454727
21	20480384
21	20451967
21	20442526
21	21701364
21	21751769
21	21678478
21	15440893
21	28340638
21	21886423
21	20298152
21	23452147
21	33939439
21	18585511
21	18922984
21	19025379
21	29341277
21	25260459
21	41898747
21	25685851
21	32599122
21	20943268
21	24074493
21	24069583
21	24127672
21	21740024
21	18124111
21	23836840
21	17564536
21	44398726
21	21602671
21	20433956
21	20450415
21	20472059
21	20482496
21	20439975
21	20441995
21	20442312
21	42357563
21	33349476
21	27186054
21	43099545
21	27828744
21	27744619
21	19382145
21	42257721
21	19410477
21	26604181
21	31380841
21	23200564
21	40418093
21	35438861
21	40650543
21	14382665
21	14521957
21	19795970
21	26321228
21	28377650
21	33858960
21	35500865
21	38532140
21	38540543
21	39923748
21	40914677
21	45516509
21	45330275
21	32059682
21	32993821
21	34194407
21	34593637
21	34636997
21	25610668
21	32490936
21	32532881
21	37875762
21	24826143
21	36866379
21	20536241
21	26740437
21	41866904
21	25568503
21	41533447
21	16292355
21	19696741
21	16402736
21	36396833
21	24222662
21	24219039
21	24189256
21	24189318
21	24193994
21	24055429
21	22592144
21	22592129
21	19546193
21	30107534
21	41281194
21	44999244
21	17964944
21	17958983
21	17990372
21	17978065
21	23158719
21	23047540
21	23035529
21	23128519
21	21686807
21	45396104
21	45398482
21	23027717
21	23096233
21	23183349
21	41910489
21	37010023
21	20419603
21	17048216
21	30590567
21	29212989
21	29157912
21	38558782
21	45250542
21	36720399
21	44434503
21	43752979
21	23446970
21	23367100
21	23437124
21	41144265
21	35211390
21	33012280
21	21483571
21	34209852
21	43752747
21	41044220
21	17403899
21	38951803
21	14270355
21	25962708
21	20818971
21	22422873
21	38831045
21	41158333
21	32212028
21	44580521
21	44109038
21	18717786
21	25289204
21	28538908
21	28389286
21	39339551
21	42940170
21	17061431
21	19617635
21	44245447
21	45410958
21	23035143
21	43087910
21	17234409
21	37730250
21	19269338
21	20304662
21	26402551
21	14122679
21	16636130
21	17121260
21	21083003
21	30006615
21	32087662
21	33982222
21	44197445
21	39518898
21	35222973
21	39882530
21	39926067
21	24383448
21	24468559
21	23889526
21	23148979
21	31774508
21	39447759
21	14512953
21	25971924
21	42502887
21	16190949
21	18268241
21	37255221
21	42752699
21	43300266
21	36072675
21	23234684
21	14527399
21	17495822
21	15212021
21	15566760
21	15567343
21	32870829
21	17363302
21	41449186
21	34454478
21	34708100
21	34785401
21	31995875
21	32991217
21	31072499
21	31127155
21	31266234
21	31560711
21	46537419
21	36277937
21	44238087
21	44254212
21	44255994
21	44261270
21	44306907
21	36713144
21	26090411
21	41470276
21	41470061
21	39343593
21	44921282
21	44083240
21	44087312
21	37227459
21	37952497
21	33794499
21	46431839
21	46398384
21	36744739
21	36930469
21	23840066
21	23841784
21	23766554
21	23773398
21	23774182
21	44289270
21	35272835
21	35155502
21	18060535
21	46461396
21	17436605
21	17442250
21	17428010
21	35277286
21	39988664
21	20397381
21	38889233
21	41476908
21	32150406
21	46522003
21	22235779
21	43296170
21	21181776
21	19035236
21	31986828
21	26350962
21	17517899
21	43055570
21	14680704
21	26967805
21	24067994
21	42665845
21	22520019
21	40444268
21	39998577
21	40638458
21	17013933
21	14537355
21	18555751
21	18290335
21	21867294
21	25882275
21	25915612
21	14840848
21	21845557
21	39197853
21	40971233
21	40919752
21	45215051
21	45957382
21	34276374
21	34847269
21	30938446
21	25116924
21	37594952
21	37595728
21	33516633
21	24313726
21	19913884
21	20517528
21	16137156
21	14165623
21	42849544
21	23279959
21	24270920
21	25020358
21	36208509
21	38770930
21	35940423
21	35307532
21	39781885
21	15021126
21	14341223
21	18175915
21	14867616
21	14874891
21	28259972
21	19053745
21	19711668
21	45452253
21	45755537
21	32880163
21	26148396
21	37964630
21	33208728
21	46602462
21	24061504
21	36408524
21	20131402
21	25362873
21	36992685
21	26601402
21	41500824
21	14309673
21	26451966
21	26428575
21	26429344
21	26477027
21	26356115
21	26357448
21	36476140
21	36469742
21	36459569
21	36456742
21	27308978
21	42102239
21	42111443
21	42112871
21	42119937
21	42130408
21	42136581
21	42137626
21	42018565
21	42028688
21	42033901
21	42052058
21	42057990
21	42062052
21	42072220
21	42098922
21	42164366
21	35567321
21	35481219
21	39963033
21	39879457
21	40527264
21	40644088
21	29808853
21	15071597
21	18143552
21	17009482
21	21094732
21	16998393
21	20421379
21	15652267
21	15618354
21	15794352
21	15637977
21	21830861
21	40391331
21	40760876
21	40930658
21	32180688
21	31967028
21	33677768
21	34485799
21	34775307
21	25834440
21	29489538
21	31876981
21	31877207
21	32410578
21	30811952
21	37995141
21	38180098
21	24872022
21	19223092
21	30347518
21	23564311
21	38673016
21	20535139
21	20504896
21	20154838
21	37304182
21	18742253
21	26755361
21	27060181
21	27117386
21	27452752
21	23494125
21	36684290
21	23311852
21	23027983
21	26398292
21	35728742
21	35823093
21	40461957
21	35462299
21	29880827
21	15050282
21	16841915
21	17089525
21	28429533
21	28405711
21	28510142
21	21663060
21	21864580
21	26027225
21	37841635
21	21769525
21	20831510
21	23728030
21	23732628
21	21199985
21	14090183
21	27066232
21	20887886
21	30342763
21	26511433
21	26515176
21	26525080
21	26526879
21	26539133
21	26553769
21	32794032
21	42277085
21	42289986
21	30319253
21	41885992
21	44335477
21	45473456
21	45477165
21	45495128
21	45506140
21	46092416
21	37517426
21	41800018
21	41801666
21	36164110
21	36247942
21	15774009
21	35243737
21	35321492
21	35341858
21	35408735
21	35613820
21	36179444
21	35015531
21	35203761
21	39036739
21	39093252
21	36710819
21	33465479
21	29059409
21	28946144
21	35967591
21	23195174
21	16930998
21	24612934
21	34528992
21	22278036
21	39905124
21	31213493
21	33280653
21	18337502
21	33828977
21	28898777
21	21822356
21	28986090
21	14324922
21	29725863
21	34744054
21	21916352
21	14719893
21	19858989
21	33285382
21	41647085
21	34467101
21	35116823
21	17523753
21	44872469
21	18102297
21	15037568
21	28904780
21	19827218
21	32002488
21	36478170
21	36636941
21	39882176
21	29878304
21	17574752
21	46254361
21	24685932
21	17064791
21	31198346
21	30493472
21	34545782
21	32322966
21	38277627
21	42380966
21	34562178
21	33683942
21	31464147
21	38068848
21	33245424
21	42395664
21	42395767
21	14979960
21	24057586
21	42343097
21	42344143
21	42352838
21	33335834
21	42364373
21	42367327
21	38405298
21	42262576
21	31501935
21	39893986
21	42280797
21	42324252
21	42326585
21	42442356
21	42238096
21	17963314
21	42238869
21	21863284
21	33814439
21	28883961
21	15076179
21	28975668
21	29930154
21	44072034
21	18119346
21	14923033
21	44750839
21	44295503
21	44754070
21	27832292
21	17791486
21	24811410
21	14122300
21	28859513
21	33864163
21	34594259
21	34812642
21	34860374
21	42657127
21	42697887
21	42721247
21	42755585
21	42761798
21	41871888
21	42294903
21	37007925
21	41907008
21	45989589
21	46194746
21	42651529
21	42532968
21	42538805
21	42539967
21	41449338
21	42562815
21	41887220
21	33856255
21	38804769
21	31128409
21	31143217
21	31375435
21	31500791
21	31509375
21	33245980
21	34542514
21	34873605
21	42725667
21	42765883
21	26831349
21	26923816
21	26883468
21	43439806
21	43433979
21	20611579
21	45300095
21	20638877
21	20640088
21	20676041
21	20679285
21	39186495
21	45285430
21	37150186
21	17659079
21	17727589
21	36251149
21	24714073
21	42854532
21	33361336
21	44321476
21	46235113
21	41486054
21	39868653
21	39879537
21	39919046
21	39922965
21	34592315
21	34597602
21	34598048
21	34882435
21	46601141
21	18468278
21	41764437
21	21350669
21	21438447
21	21403070
21	21325577
21	21362089
21	21373867
21	44783726
21	44548471
21	44559372
21	44621875
21	44570936
21	44572120
21	44590586
21	44537909
21	26955176
21	21496543
21	21463571
21	43011504
21	43032728
21	42972160
21	44865646
21	44878954
21	44827025
21	44829837
21	44870645
21	27189397
21	27181789
21	21589205
21	21587845
21	16340876
21	16287469
21	27349528
21	27291023
21	27446241
21	27444482
21	27416074
21	27413331
21	27407148
21	27307995
21	27324157
21	27331808
21	14119239
21	14299514
21	14320215
21	16417509
21	19978426
21	20336824
21	24163084
21	24645615
21	25664820
21	31603008
21	32172571
21	32557585
21	33127120
21	33144456
21	33152798
21	34681202
21	34850263
21	36118357
21	37953531
21	40191086
21	41286546
21	27594203
21	27594508
21	27513596
21	22769158
21	17756389
21	17789372
21	17839600
21	17848481
21	27819704
21	27842943
21	22898879
21	22970433
21	22990987
21	21635302
21	36070334
21	24300180
21	24056422
21	23755368
21	28970233
21	36642354
21	28901883
21	28881929
21	21605135
21	14926536
21	35955356
21	41666784
21	13297803
21	14022866
21	14040078
21	14101832
21	14129201
21	14181208
21	14228274
21	14241664
21	14273209
21	14275110
21	14277798
21	14278617
21	14283731
21	14290970
21	14298703
21	14299523
21	14319749
21	14333233
21	14337696
21	14346742
21	14353547
21	14357454
21	14371065
21	14375182
21	14393581
21	14413950
21	14415417
21	14472160
21	14489134
21	14512154
21	14525536
21	14527076
21	14534269
21	14549309
21	14582339
21	14612661
21	14679344
21	14711681
21	14739209
21	14765768
21	14773440
21	14817660
21	14857604
21	14957500
21	14981210
21	14989053
21	15039782
21	15042983
21	15050558
21	15091797
21	15092828
21	15109344
21	15204463
21	15256714
21	15266226
21	15288851
21	15310603
21	15319607
21	15346387
21	15421148
21	15445619
21	15468876
21	15486279
21	15493627
21	15499445
21	15542458
21	15542586
21	15547750
21	15550374
21	15628735
21	15660404
21	15662438
21	15669379
21	15948703
21	16022950
21	16034980
21	16053693
21	16070697
21	16103565
21	16215060
21	16256368
21	16257417
21	16268057
21	16285464
21	16303354
21	16378468
21	16391428
21	16396204
21	16435364
21	16435609
21	16435942
21	16440214
21	16453940
21	16562099
21	16609656
21	16622967
21	16637403
21	16642730
21	16672047
21	16675887
21	16692014
21	16708832
21	16718929
21	16727460
21	16799511
21	16815089
21	16839333
21	16847186
21	16863267
21	16909206
21	16924846
21	16933930
21	16958336
21	16998686
21	17010362
21	17012454
21	17020691
21	17049479
21	17056849
21	17063088
21	17085510
21	17098723
21	17120160
21	17170030
21	17171821
21	17261016
21	17351352
21	17413338
21	17414857
21	17452085
21	17460047
21	17481584
21	17491649
21	17634041
21	17636782
21	17650057
21	17672285
21	17672657
21	17683281
21	17690876
21	17696288
21	17698240
21	17728731
21	17767458
21	17799230
21	17806954
21	17869280
21	17876803
21	17906297
21	17911553
21	17930900
21	17957807
21	17995452
21	18012584
21	18032841
21	18115150
21	18122431
21	18134334
21	18163662
21	18163691
21	18180563
21	18189038
21	18196169
21	18300891
21	18316765
21	18316844
21	18335451
21	18345317
21	18346587
21	18361868
21	18363084
21	18369800
21	18381189
21	18394010
21	18418774
21	18425284
21	18426801
21	18472427
21	18498901
21	18508119
21	18516327
21	18587047
21	18590650
21	18647707
21	18662580
21	18679036
21	18706106
21	18720167
21	18750135
21	18767687
21	18778825
21	18784368
21	18787748
21	18802377
21	18807672
21	18813986
21	18823339
21	18831460
21	18831924
21	18832302
21	18856081
21	18963734
21	19022960
21	19030063
21	19037732
21	19046133
21	19050435
21	19070413
21	19144841
21	19165343
21	19200313
21	19205093
21	19234748
21	19270586
21	19283101
21	19290293
21	19313076
21	19333563
21	19350316
21	19417898
21	19440687
21	19463588
21	19501586
21	19517343
21	19531207
21	19548780
21	19557492
21	19565052
21	19571792
21	19583590
21	19594402
21	19614484
21	19621495
21	19624298
21	19638955
21	19656604
21	19667317
21	19675154
21	19680015
21	19685860
21	19689697
21	19725796
21	19755999
21	19798863
21	19805573
21	19812129
21	19817461
21	19824489
21	19840721
21	19893841
21	19906518
21	19910696
21	19929718
21	19952335
21	20013865
21	20013937
21	20016179
21	20016919
21	20057401
21	20062835
21	20071582
21	20125977
21	20170785
21	20170877
21	20196105
21	20211525
21	20260374
21	20277283
21	20297864
21	20304760
21	20310186
21	20311891
21	20333984
21	20364503
21	20392901
21	20445513
21	20480657
21	20482132
21	20485118
21	20488735
21	20495123
21	20495341
21	20512643
21	20527842
21	20528614
21	20544427
21	20545575
21	20549099
21	20553824
21	20567473
21	20576329
21	20668120
21	20670894
21	20772860
21	20814603
21	20815629
21	20816417
21	20853687
21	20883378
21	20888897
21	20908730
21	20935851
21	20941302
21	20951649
21	20953505
21	20976668
21	20977106
21	20990181
21	21115536
21	21120113
21	21131054
21	21133781
21	21140026
21	21163031
21	21182321
21	21236884
21	21255300
21	21291427
21	21296619
21	21297394
21	21354237
21	21354818
21	21388227
21	21390459
21	21435903
21	21436263
21	21449323
21	21469854
21	21497742
21	21519807
21	21536884
21	21539710
21	21545226
21	21545237
21	21612165
21	21729492
21	21761154
21	21799032
21	21801211
21	21823929
21	21824112
21	21827287
21	21888004
21	21921977
21	21922189
21	21937387
21	21949060
21	21981800
21	21986186
21	21995198
21	22066825
21	22098379
21	22135730
21	22248405
21	22251706
21	22265192
21	22270146
21	22281926
21	22300390
21	22311989
21	22312236
21	22313245
21	22319624
21	22349146
21	22354749
21	22369590
21	22379866
21	22403108
21	22403652
21	22410388
21	22414989
21	22445801
21	22488606
21	22501795
21	22568680
21	22571359
21	22580650
21	22623803
21	22653532
21	22722618
21	22771497
21	22812606
21	22813088
21	22967247
21	23058399
21	23068463
21	23077362
21	23089680
21	23096788
21	23103046
21	23110620
21	23133919
21	23138339
21	23157646
21	23164182
21	23228066
21	23230166
21	23283766
21	23295534
21	23310475
21	23319493
21	23324660
21	23337880
21	23380372
21	23415740
21	23418101
21	23439416
21	23457999
21	23464267
21	23515521
21	23539072
21	23557154
21	23570092
21	23571884
21	23578953
21	23586965
21	23593259
21	23601192
21	23602556
21	23655103
21	23677773
21	23683354
21	23697719
21	23703234
21	23723377
21	23724035
21	23725651
21	23742421
21	23752258
21	23752858
21	23762411
21	23770802
21	23798566
21	23858949
21	23869268
21	23903097
21	23921592
21	23927153
21	23927374
21	23945290
21	23962684
21	23996455
21	23998382
21	24005759
21	24058355
21	24068317
21	24069061
21	24094171
21	24110923
21	24123601
21	24150463
21	24222013
21	24224251
21	24224457
21	24244250
21	24376142
21	24386534
21	24440665
21	24454196
21	24486572
21	24493028
21	24493912
21	24545883
21	24552535
21	24574117
21	24580582
21	24582176
21	24598723
21	24599536
21	24644987
21	24649923
21	24661779
21	24668428
21	24669274
21	24708645
21	24745936
21	24751631
21	24756482
21	24761906
21	24764492
21	24775459
21	24785827
21	24800153
21	24802558
21	24828955
21	24832383
21	24834940
21	24870046
21	24901142
21	24921993
21	24951486
21	24985047
21	25013414
21	25039364
21	25079463
21	25142283
21	25199669
21	25233389
21	25249607
21	25251229
21	25253663
21	25326914
21	25334042
21	25391762
21	25411707
21	25413995
21	25425777
21	25465171
21	25494354
21	25535756
21	25539906
21	25599076
21	25650710
21	25680313
21	25692734
21	25795738
21	25822558
21	25823078
21	25833229
21	25835792
21	25844046
21	25850841
21	25870085
21	25888144
21	26017897
21	26019144
21	26025291
21	26059296
21	26070280
21	26082679
21	26093038
21	26130151
21	26135332
21	26142422
21	26199606
21	26253925
21	26254042
21	26270248
21	26271157
21	26294563
21	26304273
21	26391204
21	26418452
21	26497281
21	26581723
21	26611106
21	26654180
21	26658368
21	26674485
21	26685183
21	26692558
21	26699940
21	26716021
21	26719948
21	26739244
21	26749827
21	26767593
21	26788827
21	26788916
21	26790478
21	26932893
21	26982723
21	26995436
21	27077907
21	27088456
21	27105567
21	27108961
21	27122121
21	27168586
21	27175497
21	27204068
21	27217732
21	27254626
21	27294789
21	27297861
21	27350665
21	27369451
21	27380922
21	27382906
21	27387521
21	27397066
21	27406857
21	27418604
21	27423803
21	27427170
21	27445401
21	27457696
21	27467250
21	27474386
21	27488503
21	27489818
21	27516361
21	27550301
21	27567214
21	27569039
21	27584322
21	27596721
21	27649946
21	27651500
21	27653319
21	27670897
21	27691991
21	27692592
21	27701094
21	27841004
21	27887109
21	27941347
21	27943668
21	27952616
21	27955826
21	27984853
21	27988671
21	27989311
21	28015413
21	28065218
21	28066130
21	28067993
21	28068650
21	28105085
21	28107445
21	28109155
21	28112136
21	28113040
21	28133115
21	28142290
21	28179242
21	28183681
21	28191628
21	28209050
21	28210407
21	28214405
21	28275485
21	28330504
21	28345820
21	28380016
21	28388765
21	28427540
21	28461251
21	28478228
21	28493418
21	28521569
21	28522223
21	28527438
21	28578885
21	28581062
21	28586492
21	28631932
21	28671637
21	28723432
21	28725183
21	28725844
21	28731445
21	28734604
21	28739885
21	28762012
21	28768512
21	28768699
21	28792533
21	28800978
21	28849087
21	28901885
21	28937230
21	28972620
21	29038029
21	29096993
21	29109050
21	29116979
21	29164625
21	29177040
21	29179715
21	29210411
21	29362067
21	29396030
21	29476072
21	29499036
21	29504791
21	29510815
21	29542205
21	29544155
21	29608925
21	29621801
21	29701116
21	29825646
21	29870411
21	29884551
21	29925091
21	29993802
21	30013189
21	30059387
21	30139606
21	30181182
21	30182618
21	30216358
21	30217096
21	30255077
21	30258303
21	30263134
21	30274489
21	30288371
21	30289834
21	30310261
21	30311078
21	30318453
21	30347264
21	30400082
21	30439537
21	30579707
21	30664223
21	30731181
21	30747839
21	30819381
21	30824353
21	30828654
21	30842336
21	30847739
21	30852615
21	30855473
21	30911118
21	30923932
21	30986032
21	31017179
21	31042908
21	31050765
21	31082242
21	31114565
21	31117974
21	31145643
21	31165285
21	31210877
21	31220277
21	31289008
21	31310558
21	31343131
21	31348134
21	31418783
21	31460071
21	31474985
21	31477247
21	31482837
21	31486108
21	31493163
21	31522780
21	31547272
21	31564661
21	31568156
21	31577243
21	31582452
21	31584998
21	31585452
21	31593851
21	31679502
21	31767713
21	31799136
21	31806981
21	31845520
21	31912023
21	31943221
21	31952235
21	31956217
21	31974405
21	32000133
21	32027380
21	32054980
21	32077768
21	32105801
21	32132779
21	32151069
21	32181819
21	32183825
21	32247500
21	32263672
21	32338015
21	32356820
21	32357221
21	32367629
21	32374497
21	32422208
21	32423653
21	32424652
21	32426376
21	32439578
21	32442225
21	32460023
21	32477026
21	32479879
21	32492738
21	32512080
21	32545593
21	32555250
21	32584052
21	32642458
21	32648038
21	32753008
21	32782926
21	32812953
21	32827537
21	32925467
21	32934507
21	32946777
21	32957704
21	32986835
21	33001764
21	33003153
21	33038156
21	33050431
21	33064667
21	33092961
21	33134000
21	33142704
21	33148781
21	33155579
21	33163109
21	33174269
21	33199411
21	33210880
21	33324197
21	33380488
21	33417501
21	33449065
21	33674356
21	33677920
21	33753992
21	33847697
21	33909089
21	33941278
21	33955321
21	33958181
21	33983109
21	33986461
21	33987634
21	33997380
21	34014084
21	34017440
21	34024119
21	34045080
21	34046890
21	34054555
21	34087323
21	34230861
21	34259637
21	34283897
21	34300618
21	34318199
21	34329783
21	34344072
21	34404363
21	34409735
21	34446716
21	34511191
21	34535115
21	34539301
21	34560321
21	34642947
21	34657916
21	34692022
21	34697539
21	34733291
21	34748996
21	34866210
21	34901879
21	34922045
21	34938999
21	34964788
21	34977328
21	34985055
21	34989908
21	35006577
21	35010255
21	35023870
21	35064318
21	35091937
21	35098277
21	35099992
21	35103381
21	35113893
21	35128655
21	35161365
21	35194597
21	35199822
21	35209624
21	35260001
21	35302996
21	35330191
21	35401122
21	35425723
21	35446705
21	35464623
21	35482700
21	35562682
21	35572105
21	35598129
21	35599555
21	35677310
21	35695069
21	35735148
21	35759392
21	35857173
21	35929063
21	35938058
21	35974961
21	35994800
21	35997513
21	36003345
21	36046740
21	36078285
21	36146064
21	36163599
21	36170120
21	36191000
21	36196405
21	36199394
21	36207125
21	36337369
21	36433305
21	36514917
21	36670241
21	36688829
21	36733908
21	36813581
21	36837470
21	36838104
21	36841747
21	36844647
21	36871099
21	36892524
21	36905019
21	36936252
21	36979613
21	37029239
21	37037576
21	37057089
21	37083636
21	37127484
21	37139957
21	37250433
21	37259328
21	37278810
21	37349007
21	37402481
21	37473496
21	37517672
21	37520307
21	37528419
21	37534480
21	37538265
21	37546306
21	37560476
21	37576658
21	37606313
21	37615595
21	37648633
21	37654970
21	37667264
21	37668040
21	37688590
21	37711007
21	37748041
21	37749345
21	37751451
21	37760561
21	37764909
21	37773268
21	37808496
21	37822511
21	37822576
21	37829768
21	37838410
21	37845106
21	37885953
21	37894757
21	37945460
21	37952931
21	37953928
21	37957831
21	37960081
21	37974030
21	37982733
21	37991647
21	38091663
21	38142997
21	38169353
21	38229225
21	38237968
21	38256107
21	38263627
21	38272877
21	38282244
21	38284583
21	38324554
21	38343867
21	38349630
21	38359991
21	38365704
21	38381424
21	38392862
21	38428304
21	38444848
21	38458633
21	38461568
21	38466902
21	38489807
21	38492660
21	38502057
21	38524267
21	38524668
21	38525629
21	38535513
21	38536616
21	38542589
21	38544832
21	38546629
21	38575823
21	38600453
21	38604777
21	38646715
21	38673476
21	38687368
21	38693379
21	38718699
21	38721734
21	38732027
21	38754587
21	38879645
21	38879658
21	38899468
21	38919816
21	38922100
21	38942780
21	38944176
21	38954597
21	38967069
21	38973414
21	38973558
21	38984722
21	38997233
21	39023417
21	39043446
21	39067336
21	39093608
21	39113648
21	39117101
21	39127240
21	39127541
21	39134268
21	39137727
21	39255094
21	39363680
21	39376875
21	39389619
21	39408634
21	39416157
21	39428445
21	39446453
21	39487782
21	39548028
21	39632225
21	39653630
21	39676197
21	39732421
21	39770668
21	39774597
21	39791306
21	39848337
21	39903476
21	39914089
21	39923241
21	39933399
21	39950885
21	39955845
21	39989430
21	39994077
21	40007811
21	40045288
21	40045465
21	40052841
21	40053334
21	40062914
21	40063898
21	40082807
21	40126136
21	40128115
21	40146353
21	40162585
21	40168161
21	40175028
21	40193485
21	40205892
21	40209757
21	40243234
21	40256162
21	40300605
21	40353376
21	40365805
21	40366708
21	40368065
21	40373074
21	40378508
21	40392809
21	40420461
21	40470325
21	40478709
21	40484045
21	40525603
21	40530834
21	40534888
21	40538435
21	40550033
21	40568876
21	40581767
21	40614232
21	40655015
21	40668729
21	40679032
21	40738309
21	40752085
21	40788504
21	40834125
21	40837715
21	40887149
21	40908166
21	40935416
21	40940473
21	40969668
21	41014748
21	41043248
21	41091574
21	41146672
21	41148719
21	41248222
21	41254779
21	41274591
21	41310717
21	41313117
21	41526439
21	41541046
21	41549790
21	41553100
21	41561781
21	41603354
21	41612660
21	41641125
21	41648159
21	41672041
21	41719438
21	41734793
21	41736580
21	41797109
21	43342775
21	43364759
21	43388423
21	43419273
21	43645080
21	43656492
21	43731165
21	43794700
21	43824871
21	43826541
21	43829593
21	43832957
21	43906035
21	43913984
21	43936606
21	43947271
21	43962980
21	43977087
21	43978775
21	43978972
21	43983351
21	44170097
21	44175241
21	44253766
21	44267698
21	44344514
21	44344551
21	44448356
21	44655390
21	44657205
21	44666460
21	44699855
21	44708323
21	44738823
21	44769852
21	44844460
21	44863643
21	44895176
21	44915367
21	44915665
21	44924511
21	45022032
21	45067987
21	45071426
21	45072355
21	45094903
21	45201191
21	45209675
21	45210127
21	45226090
21	45235470
21	45250897
21	45264602
21	45344518
21	45419989
21	45421483
21	45426100
21	45427029
21	45484919
21	45490407
21	45525110
21	45601870
21	45865045
21	45875624
21	45922202
21	46020978
21	46034040
21	46037593
21	46081347
21	46081812
21	46115334
21	46125241
21	46130840
21	46171061
21	46220078
21	46221880
21	46232029
21	46256797
21	46275306
21	46346736
21	46366579
21	46380677
21	46418209
21	46447405
21	46534339
21	46543738
21	46564650
21	46595773
21	46657900
21	41833001
21	41835618
21	41866243
21	41973560
21	42015297
21	42033553
21	42045938
21	42081242
21	42246972
21	42369745
21	42425185
21	42426620
21	42449553
21	42485217
21	42485777
21	42554116
21	42570688
21	42748498
21	42816512
21	43005289
21	43027237
21	43028608
21	43095575
21	43182196
21	43184162
21	43190803
21	43208631
21	36484654
21	36660452
21	36692602
21	41662375
21	41666104
21	17491868
21	20855306
21	24299313
21	27033788
21	33324959
21	35965720
21	36762210
21	36493792
21	43088608
21	44280758
21	43067294
21	44628740
21	41825867
21	18931909
21	14369803
21	43788640
21	24898125
21	37680282
21	40019068
21	26760914
21	41775477
21	13842387
21	13843493
21	13407058
21	32514821
21	45763982
21	34446765
21	14163269
21	29614128
21	29595793
21	29559310
21	29642053
21	29689750
21	29640839
21	26171723
21	26630388
21	15238757
21	26843747
21	29345416
21	14261983
21	25885348
21	42619856
21	41451445
21	43017032
21	32000038
21	38423280
21	39660813
21	41921937
21	33640823
21	33899569
21	39371919
21	44332293
21	18984220
21	17400644
21	36566431
21	27156166
21	18356804
21	21428126
21	25908217
21	36250200
21	36775301
21	36798134
21	36933841
21	37817268
21	37832746
21	37847943
21	41763933
21	42258698
21	42278986
21	42421219
21	42509906
21	43093390
21	43947583
21	44248288
21	14248477
21	39863826
21	23417237
21	42137384
21	39910773
21	36798178
21	36939693
21	38568966
21	43924918
21	44320940
21	44973175
21	45555934
21	45935326
21	45959902
21	25926457
21	27757291
21	26597846
21	45122755
21	46066544
21	39851981
21	35525028
21	45927836
21	42619375
21	42584039
21	14222174
21	41638240
21	13959712
21	15996532
21	39535470
21	43708573
21	44598620
21	13958155
21	19005797
21	45161883
21	41504520
21	44602019
21	39853615
21	45115899
21	36639147
21	15997887
21	13843789
21	27171396
21	39058553
21	29828186
21	36563250
21	26862875
21	44612177
21	15929437
21	39913556
21	42199305
21	42228825
21	42280924
21	42290664
21	42298501
21	16856255
21	20754492
21	15968648
21	14258491
21	19977819
21	15991108
21	28216743
21	45949276
21	18923479
21	16903733
21	19021912
21	40229495
21	41339751
21	41340009
21	45926611
21	44572248
21	39053048
21	16370733
21	35792418
21	45106023
21	26177119
21	28231304
21	40129230
21	43417675
21	16887483
21	33011541
21	36580889
21	18892148
21	41368052
21	18921296
21	14242899
21	14180791
21	29800385
21	36452613
21	45942659
21	14656585
21	29785061
21	36548609
21	41965881
21	30019277
21	24838738
21	25955861
21	28037813
21	38984448
21	41326980
21	14176477
21	45954429
21	16871900
21	18928258
21	34029433
21	40223799
21	39076456
21	39850044
21	45111237
21	16372187
21	42586220
21	30027498
21	25892272
21	41374154
21	41911253
21	14682305
21	29773850
21	29812510
21	39792763
21	14591798
21	27467213
21	38819507
21	26653592
21	35158259
21	41429201
21	29757680
21	14598186
21	26802306
21	27612839
21	20429863
21	38635780
21	40565903
21	18876888
21	41423100
21	29768434
21	44595409
21	26304082
21	39832120
21	38627292
21	26203198
21	18970514
21	40592768
21	39810867
21	18940832
21	29923462
21	29739093
21	39961820
21	20749192
21	29775649
21	26194972
21	39819237
21	26165451
21	26293917
21	39314401
21	41464549
21	29760305
21	14639781
21	40594692
21	18968815
21	38862214
21	39798291
21	40580706
21	44578891
21	26651051
21	29967930
21	14590333
21	26809561
21	26649948
21	41430449
21	41402614
21	26171790
21	29920618
21	40587604
21	13464068
21	38869433
21	41434240
21	29851949
21	42167452
21	29861677
21	41442594
21	26282995
21	26269344
21	29876820
21	26813947
21	29866962
21	26253667
21	26248218
21	26819597
21	13455377
21	38868656
21	38845814
21	41446003
21	27508885
21	42076840
21	42320639
21	24021948
21	14074891
21	24692036
21	25079820
21	25702693
21	14277201
21	31472229
21	36523100
21	37856948
21	39018935
21	39753074
21	39941231
21	40031165
21	18180915
21	23078978
21	23956128
21	24539979
21	25637806
21	14269531
21	26161943
21	26404500
21	26485687
21	27555520
21	28867056
21	29355573
21	29789600
21	30846162
21	31619348
21	32065335
21	32118028
21	32213799
21	33013121
21	34072198
21	34312702
21	34468888
21	34924881
21	35209735
21	35238758
21	35571266
21	36023258
21	36112764
21	36141449
21	36236727
21	36429098
21	36971181
21	38865838
21	40780761
21	41062967
21	41129135
21	41549338
21	16704234
21	17049583
21	18835264
21	20531485
21	21841011
21	21878896
21	22072696
21	45020470
21	45376916
21	44169844
21	44771341
21	44835681
21	44948549
21	45372509
21	45386508
21	45397465
21	45641353
21	45704264
21	45917118
21	45963142
21	46319232
21	46632926
21	43699089
21	43713987
21	43849960
21	43941163
21	39554706
21	43061781
21	41877778
21	42356573
21	41836143
21	42449549
21	42462443
21	42471211
21	42471347
21	41899875
21	42799489
21	43359800
21	39644946
21	43311110
21	43311258
21	43363519
21	39615960
21	39537779
21	19563647
21	19564064
21	39566002
21	31382245
21	39595544
21	30115294
21	39576619
21	39569571
21	30060223
21	43365542
21	41936168
21	30151416
21	43322866
21	39573341
21	43368382
21	31445194
21	31375207
21	44733971
21	43371358
21	32713994
21	43345015
21	39647931
21	30148442
21	27046734
21	44751182
21	43318003
21	30081566
21	21034888
21	43348682
21	14091635
21	26153188
21	26985680
21	14443883
21	28045443
21	28684823
21	14552408
21	29394626
21	31862125
21	32054573
21	32540072
21	33170482
21	34159116
21	34189364
21	35904771
21	36536112
21	37851036
21	38209042
21	38380751
21	15511835
21	39181919
21	39982941
21	40696015
21	40832211
21	40877741
21	41491009
21	41516325
21	20100271
21	20506797
21	21022784
21	21071313
21	21998204
21	22856392
21	44767470
21	46053674
21	43299150
21	43729252
21	43806423
21	44201934
21	19521953
21	43411075
21	41766883
21	41634501
21	42018765
21	42129875
21	42299855
21	41907962
21	42714333
21	42769838
21	42818952
21	30648056
21	44758772
21	39584920
21	39633621
21	39542197
21	27794278
21	43335594
21	43359463
21	30215475
21	42269760
21	42339332
21	37636327
21	37745964
21	20618288
21	44739169
21	40444427
21	14276071
21	37906374
21	34353927
21	18322944
21	22469357
21	39340441
21	30801359
21	14661484
21	27413593
21	14704901
21	14045474
21	16905702
21	18150529
21	45008046
21	19873493
21	31813876
21	15196204
21	35887132
21	31111760
21	36037116
21	33033535
21	30303735
21	41687463
21	21045928
21	14243179
21	35663541
21	25989391
21	18862950
21	40713994
21	36601684
21	44209736
21	16945847
21	21061557
21	33091332
21	18209923
21	43994238
21	46156167
21	42849478
21	30057318
21	37331017
21	13903660
21	24005594
21	18269968
21	40093021
21	38963121
21	24383918
21	17599041
21	41160148
21	25616342
21	31201659
21	42416977
21	32919855
21	46474792
21	36281407
21	22039667
21	28746652
21	21825867
21	19657812
21	35875005
21	34453152
21	18682124
21	32240521
21	36010929
21	32905923
21	30314691
21	19703106
21	24319057
21	23642985
21	40175954
21	21217198
21	23405388
21	17893651
21	22043499
21	28322557
21	39758824
21	21960840
21	18554079
21	28160721
21	37408370
21	14109044
21	30221383
21	26002289
21	41226960
21	39471308
21	32416913
21	17831935
21	26752137
21	20441068
21	26722094
21	31038263
21	24027251
21	19215936
21	27901645
21	45500004
21	40881645
21	34507774
21	44215733
21	28449030
21	17280675
21	34499081
21	15173208
21	46485583
21	15517578
21	39761136
21	36234372
21	15005329
21	23455445
21	17674435
21	45841792
21	31412017
21	28752348
21	40980588
21	33714176
21	37741790
21	35073242
21	31978836
21	14428641
21	32988556
21	19436524
21	36859568
21	35090437
21	35493436
21	27479716
21	37359926
21	36978082
21	27739958
21	28659164
21	39512944
21	45377091
21	36060858
21	19098452
21	31318848
21	34620721
21	35192981
21	42849633
21	34152715
21	28810789
21	41283588
21	30813951
21	46158655
21	25381414
21	24648916
21	41699960
21	19980585
21	17213063
21	14815428
21	31496488
21	46051410
21	34240886
21	17894292
21	17277583
21	40463823
21	25163199
21	15676061
21	31065965
21	33086041
21	34004579
21	22780331
21	24471232
21	34755033
21	35400980
21	36200103
21	42008161
21	33189952
21	41639724
21	42148517
21	26071794
21	39720864
21	39751215
21	37780961
21	25737204
21	32907150
21	25692841
21	27712411
21	35467543
21	24334455
21	46535749
21	18287736
21	33103863
21	15754675
21	44220746
21	46007925
21	26246407
21	40934171
21	41317773
21	38275734
21	14754484
21	32592227
21	45095506
21	40924956
21	32279179
21	33902813
21	35632691
21	40862033
21	39005289
21	41480393
21	28242836
21	36087866
21	36088564
21	33292285
21	36323379
21	40796399
21	40796265
21	41209776
21	35681772
21	45502522
21	35765468
21	35849176
21	39835868
21	34603172
21	29646450
21	30899740
21	32866331
21	33893220
21	31864142
21	36533161
21	22192136
21	38684499
21	44192067
21	43984457
21	41090635
21	41209521
21	38026548
21	45512414
21	21031496
21	39764785
21	34292662
21	35134952
21	39866530
21	40015004
21	15686719
21	37866307
21	38053544
21	32460367
21	33027093
21	31120713
21	32073104
21	33196864
21	22026957
21	37044995
21	36968356
21	43349796
21	43804116
21	43835955
21	43847253
21	44191010
21	44367367
21	21467098
21	19082710
21	35563598
21	17554335
21	40638592
21	17011414
21	26035455
21	23255440
21	41068787
21	21051731
21	17537728
21	20167406
21	41609209
21	35976914
21	35198707
21	34559340
21	21051686
21	18745064
21	21315260
21	36140649
21	41111705
21	23491044
21	38922410
21	18730183
21	19450847
21	36661874
21	27540081
21	40666402
21	27003616
21	32176568
21	39454089
21	33176268
21	22618439
21	45745515
21	36976940
21	40576620
21	40194882
21	23191882
21	41460711
21	41510076
21	23915524
21	42960344
21	39592626
21	42532013
21	34286807
21	23623738
21	41385069
21	42522692
21	24167347
21	25454202
21	22647904
21	26987799
21	38917189
21	39155385
21	40101639
21	19076146
21	38045845
21	35547518
21	23142840
21	42306380
21	20533164
21	43755690
21	45629271
21	26570554
21	21304349
21	18204879
21	39765329
21	14348237
21	15939752
21	45034322
21	20548220
21	24412607
21	36390666
21	34549708
21	34440329
21	35358173
21	26579547
21	43699223
21	20981411
21	25178050
21	20495666
21	21622028
21	19047010
21	18450522
21	20892678
21	17617195
21	30976771
21	24507620
21	38202571
21	42942794
21	42455738
21	34578133
21	37897771
21	17149508
21	42385547
21	40493125
21	20717647
21	34163198
21	38606217
21	38576212
21	25128853
21	25472343
21	24979627
21	34895121
21	18627081
21	34521439
21	34148497
21	30501326
21	42152159
21	28778060
21	28824582
21	21087453
21	36879258
21	28588039
21	42195449
21	19459265
21	38204713
21	21674847
21	16952549
21	14759028
21	14315172
21	17233999
21	45892886
21	29091820
21	42944627
21	16028596
21	22118622
21	25997040
21	40692162
21	46466883
21	24710311
21	28605933
21	19841224
21	36999027
21	32981754
21	40153349
21	45370288
21	33120991
21	14692282
21	26315913
21	31627110
21	14751223
21	44960052
21	32296182
21	35090999
21	42706211
21	14104569
21	19059044
21	24522616
21	31834620
21	40292350
21	14502784
21	18703548
21	33299234
21	17317665
21	33733704
21	44307359
21	41270111
21	29086433
21	42175442
21	45940424
21	21850058
21	42148538
21	25164850
21	21569815
21	36446773
21	36819574
21	22754999
21	43903982
21	28073217
21	39024187
21	42523548
21	21489457
21	40873641
21	44956613
21	34607009
21	34559611
21	33647855
21	19745095
21	32037619
21	41808743
21	32625717
21	32626004
21	31334045
21	31334035
21	31327912
21	19699068
21	19332165
21	19320903
21	43380940
21	37652072
21	37731877
21	37726888
21	37724600
21	17236597
21	17257098
21	26244468
21	43330320
21	44806651
21	45053014
21	26327490
21	41993542
21	41993444
21	44850330
21	34171167
21	20404097
21	32115383
21	45408339
21	24162344
21	33950387
21	35015234
21	46599955
21	14978433
21	42433592
21	44761729
21	14313131
21	33511311
21	36073015
21	28601783
21	18166059
21	14978164
21	35668350
21	15588271
21	16771109
21	27202227
21	27202336
21	33353501
21	36615618
21	39563846
21	43176162
21	45455650
21	45532180
21	45595747
21	46189763
21	23390350
21	22625368
21	44155834
21	41963664
21	42633356
21	41568817
21	15140926
21	44695248
21	17682950
21	19525962
21	19431963
21	35061666
21	43302815
21	19329200
21	37598364
21	38265545
21	38291838
21	30894925
21	24146164
21	19936467
21	42002416
21	25454038
21	27416584
21	27903308
21	28102877
21	29222424
21	30702893
21	31090662
21	31779113
21	33173072
21	34642609
21	36141857
21	37296305
21	39151100
21	40590546
21	40756022
21	41471061
21	16650886
21	17363290
21	18202584
21	19548189
21	20264351
21	44658303
21	44918488
21	42094725
21	40836131
21	41939571
21	41849290
21	42462698
21	44292705
21	20296700
21	27113853
21	45562421
21	18840644
21	14915568
21	22828089
21	21760050
21	45338804
21	26410649
21	36096978
21	22305838
21	14756350
21	24375546
21	28080553
21	30391300
21	33049114
21	40905763
21	40505725
21	31848741
21	14244408
21	38151370
21	44678628
21	45592539
21	26480405
21	21673895
21	42776284
21	45515237
21	35664729
21	30810708
21	44133714
21	17060718
21	38349966
21	35976182
21	21833238
21	23325667
21	28063550
21	24227141
21	21642506
21	15079524
21	24851595
21	45241522
21	25944558
21	16676989
21	30964925
21	16822849
21	23107418
21	39965109
21	27933293
21	38590077
21	23435175
21	38425842
21	15716658
21	15682416
21	22234792
21	29492962
21	40840312
21	18741916
21	36614627
21	39912665
21	34647865
21	41359584
21	24939629
21	24041324
21	16205459
21	38055400
21	23308128
21	17016029
21	21084579
21	26253397
21	38157843
21	21497275
21	14574507
21	20479574
21	41681937
21	28793700
21	28168093
21	38880226
21	41037398
21	43696161
21	17690796
21	42571589
21	46568240
21	28765148
21	18551693
21	18292654
21	15544273
21	37508986
21	46061169
21	15157308
21	41149784
21	44991969
21	36446007
21	43953139
21	39499884
21	21011873
21	16471942
21	39128975
21	20762035
21	24773263
21	15151944
21	41892884
21	17009021
21	44401699
21	18611532
21	14234033
21	33207267
21	46074875
21	41548369
21	22024852
21	40028931
21	32302884
21	27428618
21	37329770
21	35142208
21	17106237
21	31617816
21	20493254
21	26851063
21	31965137
21	19581524
21	14638360
21	42716063
21	34179299
21	17371414
21	27645389
21	16163863
21	15550646
21	24341168
21	20930355
21	37288086
21	26682310
21	41676939
21	41616809
21	32068713
21	16838228
21	33859227
21	37575140
21	25459179
21	46016413
21	15122986
21	23241264
21	16809801
21	19608361
21	14290064
21	23952620
21	25262312
21	17596002
21	45320104
21	32901642
21	17738875
21	36790118
21	15651179
21	46106326
21	34750256
21	20252058
21	26281208
21	33881989
21	33398052
21	42771749
21	19553343
21	22389948
21	29627881
21	23984249
21	33575550
21	44640305
21	33364965
21	46068473
21	14704695
21	16447792
21	45748600
21	24998804
21	23530488
21	20369547
21	28077487
21	16975340
21	33869576
21	21104954
21	22478099
21	20765899
21	35343463
21	21971579
21	46609786
21	19747863
21	37973354
21	41125531
21	19487597
21	39017798
21	22817461
21	18727469
21	39697333
21	36275140
21	45439803
21	46342460
21	18750965
21	38335526
21	21107479
21	23424954
21	37322386
21	30230335
21	31793645
21	20596831
21	33222573
21	26069479
21	31531575
21	43611577
21	16835732
21	41013012
21	41511244
21	44696517
21	25395156
21	42139717
21	19178502
21	15387644
21	46124924
21	18415681
21	40155988
21	20153948
21	39175384
21	44367876
21	29204759
21	41711701
21	27689235
21	16491562
21	44149617
21	40222752
21	15260158
21	41537935
21	35044035
21	14342876
21	16364544
21	38943392
21	14051307
21	29184133
21	22224743
21	44218405
21	37804025
21	22007889
21	15548154
21	24622825
21	18333133
21	41056337
21	46598630
21	33874619
21	36550409
21	28367607
21	15693175
21	19625600
21	44593618
21	30824655
21	46063885
21	33524806
21	26519345
21	17392465
21	41661062
21	21832300
21	15607359
21	18761131
21	38542384
21	23903474
21	39053108
21	24933216
21	25623663
21	35612811
21	46601742
21	41898934
21	14785386
21	41964173
21	36437110
21	14718865
21	15808886
21	18266036
21	26566354
21	28946289
21	29008239
21	29054108
21	29085922
21	30282837
21	31693396
21	33296284
21	33581502
21	33584692
21	33591229
21	33602234
21	36199256
21	37108451
21	37172749
21	37625485
21	39661001
21	41441919
21	41446090
21	42389043
21	42442597
21	42751114
21	43017012
21	44231299
21	46346126
21	46509381
21	14206815
21	14373877
21	14378198
21	14378346
21	15842397
21	15842540
21	17793453
21	18265962
21	18312945
21	18315257
21	18372326
21	21468783
21	25592807
21	25597302
21	25689921
21	25698742
21	25717732
21	26051124
21	26932135
21	28935330
21	28941259
21	29007766
21	29034940
21	29085917
21	29537259
21	29561845
21	29587408
21	29596533
21	29654810
21	29689868
21	30165990
21	30491733
21	31135932
21	31266005
21	31668460
21	31702239
21	32322493
21	32368430
21	32457608
21	32495062
21	32603156
21	32676327
21	32681491
21	33335547
21	33345360
21	33352878
21	33488589
21	33517528
21	33528167
21	33530754
21	33531489
21	33532345
21	33546211
21	33559709
21	33579386
21	33581328
21	33589912
21	33591230
21	33599246
21	33814072
21	34142407
21	34370524
21	34370560
21	34370708
21	34385649
21	34716376
21	34892924
21	36043781
21	36045824
21	36045917
21	36057107
21	36137932
21	36146141
21	36219493
21	36227877
21	36253796
21	36260737
21	36278355
21	36289118
21	36344692
21	36759778
21	36896944
21	36937330
21	37018163
21	37065655
21	37153245
21	37167620
21	37172746
21	37185774
21	37188595
21	37506270
21	38054749
21	38300372
21	38400569
21	38813114
21	39177434
21	39181856
21	39236758
21	39258674
21	39406553
21	39499916
21	39660899
21	40124233
21	41237734
21	41345736
21	41348724
21	41390598
21	41432175
21	41468488
21	41745893
21	42090433
21	42127022
21	42129774
21	42315420
21	42388532
21	42493002
21	42525834
21	42565875
21	42770803
21	42896954
21	42903524
21	42903568
21	43613876
21	43633258
21	43795255
21	44260807
21	44525716
21	44903472
21	45516137
21	45896279
21	46241021
21	46324282
21	46326389
21	46440203
21	46443821
21	46498620
21	46537544
21	46664298
