22	19447747
22	19779226
22	24134471
22	24513348
22	25890797
22	25902704
22	29490198
22	30461678
22	36285952
22	38098127
22	40265822
22	40792596
22	43530928
22	45353996
22	49919247
22	19962620
22	19971941
22	19972390
22	19974207
22	43824509
22	46241033
22	19970240
22	19970499
22	16590939
22	16591074
22	16784267
22	16964805
22	17149559
22	17207222
22	17537231
22	17875525
22	18931121
22	19048635
22	19208253
22	19222767
22	19223944
22	19233255
22	19235819
22	19242819
22	19275757
22	19447720
22	19482810
22	19720439
22	20126431
22	20742609
22	20786909
22	20949832
22	20988008
22	20990506
22	21022977
22	21023165
22	21029428
22	21634864
22	22031158
22	22099191
22	22319184
22	22427981
22	22427998
22	22514898
22	22515202
22	22515293
22	22548084
22	22548638
22	22687239
22	22819582
22	23289622
22	23744261
22	24064159
22	24502205
22	24502447
22	24719882
22	24728055
22	24735835
22	24762493
22	25205246
22	25891324
22	26472843
22	26486028
22	26488060
22	26488197
22	26491633
22	28725044
22	28734475
22	29060644
22	29290468
22	29298731
22	29298860
22	29299848
22	29438822
22	29439134
22	29543414
22	29543522
22	30025775
22	30103501
22	30176144
22	30371654
22	30422300
22	30464829
22	30470556
22	30626508
22	30663479
22	30663508
22	30663766
22	31101018
22	31546895
22	31573152
22	31938119
22	32084566
22	32151011
22	32202393
22	33564993
22	36141596
22	36149127
22	36228169
22	36231407
22	36265226
22	36265998
22	36762916
22	36813725
22	36815207
22	37373149
22	37469988
22	37759478
22	37851526
22	37863038
22	37874465
22	38026272
22	38479696
22	38479732
22	38481223
22	38481398
22	38481470
22	38482510
22	38568229
22	38670937
22	38673229
22	39081518
22	39319061
22	39319565
22	39522509
22	39529492
22	39861780
22	40265042
22	40350044
22	40365056
22	40861127
22	40861536
22	40861875
22	41168872
22	42020049
22	42086261
22	42212853
22	42640077
22	42640162
22	42810906
22	42835481
22	43064201
22	43068413
22	43626569
22	43687493
22	44726587
22	44808367
22	44822396
22	44845278
22	45178641
22	45328442
22	45332622
22	45417623
22	45425994
22	45700292
22	45718497
22	45807047
22	46257665
22	46258221
22	46259704
22	46260395
22	46262445
22	46278661
22	46284000
22	46312149
22	46326435
22	46337792
22	46352321
22	46913383
22	49909279
22	50049247
22	50049286
22	50070543
22	50114563
22	50610006
22	40948276
22	35823647
22	46236692
22	19964293
22	19963684
22	46242508
22	46242274
22	46242589
22	31353785
22	19969340
22	19969362
22	31357390
22	43825097
22	18814144
22	46239199
22	46240906
22	15778041
22	43163050
22	19979039
22	19981972
22	46240297
22	46239779
22	42127608
22	46241140
22	43825231
22	43825066
22	19969728
22	46243301
22	46242728
22	40986429
22	19972976
22	43824789
22	19969111
22	43825207
22	46235790
22	42140692
22	19961219
22	46243716
22	19970674
22	46235613
22	46241548
22	43825608
22	19951573
22	46241882
22	46238982
22	42129132
22	46238491
22	19951559
22	19974217
22	15473563
22	19969030
22	19964281
22	43825680
22	46243560
22	46218316
22	50623399
22	49963768
22	43824986
22	42143451
22	46237669
22	19969461
22	46243025
22	42126963
22	46242716
22	43825312
22	49963202
22	50625049
22	50627172
22	46236562
22	43825834
22	27904502
22	15922886
22	46242189
22	30045230
22	40171577
22	46242468
22	43824984
22	40167016
22	35951598
22	16649767
22	46237887
22	42141613
22	46241079
22	46236905
22	19962614
22	46242415
22	46242319
22	21104962
22	28415341
22	46241614
22	46242314
22	20364402
22	22246881
22	46236978
22	39689838
22	20354351
22	30044544
22	46218377
22	28568044
22	40569332
22	46237140
22	35435367
22	31972590
22	19971288
22	24673309
22	46237885
22	28297508
22	40567398
22	46241375
22	38213894
22	17738231
22	31267032
22	45528014
22	40364952
22	42061039
22	28725242
22	28725027
22	28711986
22	28725028
22	24500105
22	42596253
22	29215526
22	45535297
22	36141985
22	39101305
22	30407107
22	32152066
22	38688003
22	42822277
22	24502201
22	32864915
22	36160825
22	28757089
22	42834241
22	29658202
22	28745862
22	30461554
22	40886489
22	43672037
22	37571932
22	42081924
22	35726318
22	20106690
22	29813461
22	24302389
22	42834321
22	20804300
22	23745032
22	43068409
22	41209791
22	32396069
22	29060795
22	40792672
22	41467448
22	32254146
22	38752622
22	25718313
22	36257326
22	40909120
22	20553143
22	28734546
22	50579460
22	40799026
22	41229566
22	32493170
22	27989881
22	45729582
22	19469917
22	32220980
22	20092912
22	45432357
22	36265260
22	38597365
22	42627674
22	18079896
22	18079993
22	20126373
22	28725070
22	45332715
22	45414397
22	32218726
22	36234944
22	24772430
22	44796780
22	33857405
22	30375469
22	27131043
22	21013301
22	44056438
22	26006657
22	33413443
22	34432834
22	44987350
22	40895726
22	45025361
22	20434787
22	39385580
22	23898914
22	37324227
22	26499371
22	24459573
22	33853446
22	30990226
22	33864750
22	50036514
22	42356921
22	31869917
22	19922454
22	43727622
22	34957751
22	25934403
22	38936618
22	26753090
22	19890991
22	19038512
22	42440331
22	27892148
22	22001099
22	32567997
22	31600639
22	33810052
22	44033882
22	25736645
22	45839797
22	41944840
22	27149248
22	34806161
22	48673108
22	31104550
22	34427837
22	25935218
22	17610336
22	19110187
22	24450423
22	30626965
22	44375883
22	37283630
22	37283722
22	46231883
22	44569484
22	49319785
22	34455117
22	20952455
22	38735722
22	38483683
22	45341429
22	45952042
22	50723631
22	45970285
22	47548999
22	48500768
22	46444393
22	17492193
22	19097689
22	22183191
22	29096270
22	35503429
22	41464474
22	44153064
22	48563115
22	48673881
22	41255030
22	41885425
22	19846258
22	29741273
22	46242401
22	19980020
22	19208992
22	41996807
22	26905174
22	17923302
22	28298222
22	35083541
22	17177451
22	17924702
22	17885381
22	23754596
22	17957192
22	31673447
22	49437779
22	44802614
22	37533752
22	17638084
22	19050221
22	36855968
22	37383673
22	27089149
22	49518757
22	35511833
22	49206126
22	30536686
22	30294009
22	30892782
22	31289143
22	31488047
22	33597095
22	36122954
22	36973981
22	38996245
22	40166223
22	42381615
22	22920188
22	23588092
22	25750462
22	26089702
22	43524231
22	45587117
22	44344647
22	48523017
22	48550369
22	46580660
22	49691562
22	27341063
22	44533926
22	34857989
22	45193609
22	20992196
22	17175834
22	44171974
22	23836945
22	17180288
22	27024150
22	17738065
22	19918988
22	43838911
22	24716358
22	38122615
22	25878982
22	48291264
22	44528514
22	32453725
22	49282787
22	44116244
22	32323553
22	32274778
22	31926428
22	31628994
22	36230909
22	34081478
22	17678777
22	48292312
22	25384150
22	43309672
22	24816735
22	45336447
22	46242643
22	44859163
22	45856047
22	36510126
22	22128243
22	26257648
22	31105802
22	27810924
22	43249127
22	26233712
22	22950223
22	48057774
22	40770131
22	48734975
22	39367059
22	37639069
22	40007167
22	27490775
22	32104723
22	34434197
22	45432666
22	34450361
22	23870639
22	48323568
22	24907974
22	37113047
22	43218093
22	21097948
22	18991892
22	29471595
22	19859464
22	20321277
22	26306049
22	50523779
22	37586005
22	16846291
22	37697162
22	32165601
22	39153421
22	47319357
22	39083347
22	49439044
22	33021622
22	40646087
22	36469557
22	48476369
22	17060783
22	49480860
22	27620110
22	32137597
22	50422154
22	19715258
22	47909678
22	36963920
22	42725420
22	26997418
22	23628841
22	37171450
22	42063103
22	49506509
22	49175670
22	48939926
22	31615239
22	36175331
22	43930116
22	19153649
22	40340468
22	34987836
22	48672269
22	34164387
22	46584345
22	30027471
22	29106740
22	41782437
22	50573952
22	38502810
22	31631463
22	39325740
22	40258272
22	26966804
22	37669648
22	49055083
22	42774486
22	44485957
22	41035486
22	43593564
22	47385597
22	32543733
22	36666969
22	33924469
22	36757245
22	36226860
22	17526251
22	17542071
22	47520128
22	48675956
22	48699259
22	48700882
22	48701519
22	48713865
22	48722786
22	44070670
22	42665476
22	42670525
22	42680803
22	42684022
22	33588408
22	32529183
22	32530426
22	47545159
22	22993371
22	33066753
22	48712780
22	38849613
22	17482492
22	27092952
22	29451733
22	50182839
22	27064848
22	30592395
22	32584469
22	26826096
22	27366605
22	23284709
22	29444191
22	35554601
22	48970469
22	33665229
22	28975773
22	44391503
22	32792550
22	32795387
22	49063335
22	26521660
22	23410211
22	48759275
22	29314371
22	48719369
22	19635863
22	28877978
22	48732615
22	19613051
22	39214642
22	34132456
22	48405854
22	48413550
22	47422454
22	34360281
22	34376336
22	48777645
22	48779197
22	32585346
22	47509573
22	47593642
22	48134953
22	48150468
22	48156346
22	44495490
22	31733617
22	29757666
22	29759124
22	23499169
22	23548649
22	23583592
22	23766790
22	24721953
22	23305822
22	50619495
22	50617472
22	50615836
22	50586195
22	36631420
22	47367408
22	47022414
22	47026414
22	45013255
22	45017231
22	45025655
22	45032725
22	45039321
22	45042210
22	45043185
22	45057777
22	47674865
22	47758265
22	48680752
22	48706855
22	48745897
22	29129138
22	29203995
22	29207622
22	29208572
22	44734548
22	44773496
22	38895621
22	28903818
22	39586716
22	36137737
22	36155110
22	36161502
22	36178719
22	36191656
22	36201835
22	36202012
22	45140118
22	45173105
22	41401754
22	38091022
22	38166049
22	38166251
22	38167464
22	19962800
22	40679539
22	40685557
22	25361301
22	25413404
22	41992837
22	41995172
22	35345827
22	32636055
22	35353407
22	35421604
22	35422405
22	48561534
22	48556101
22	48555639
22	48518857
22	48515790
22	48512272
22	48264068
22	48270638
22	48295903
22	48310704
22	48314507
22	48321214
22	48326571
22	48329302
22	48370213
22	48372619
22	37420899
22	44454560
22	44449527
22	44446474
22	25737808
22	25748793
22	25765422
22	25768112
22	21623389
22	32999866
22	33006858
22	33026233
22	33026521
22	20651410
22	27634683
22	27637663
22	27652985
22	27654568
22	27667043
22	27675678
22	27680061
22	27694376
22	27732870
22	26513784
22	26520756
22	28216657
22	28260703
22	35126849
22	35130800
22	35148782
22	20606902
22	35172406
22	35177863
22	35184103
22	35192851
22	49522884
22	49522166
22	49519177
22	28385770
22	28401330
22	28411637
22	29071233
22	29079595
22	29089720
22	26104451
22	26107978
22	26111480
22	26147321
22	26169190
22	26201839
22	27255754
22	27256328
22	27272409
22	45673229
22	42256710
22	42265138
22	42289531
22	27017546
22	27029402
22	27127902
22	35684459
22	33582325
22	47231481
22	47236255
22	47542142
22	49117939
22	49134701
22	48081964
22	44281767
22	44276139
22	44260701
22	32539186
22	46157413
22	46157126
22	44502310
22	28142004
22	46695424
22	46697904
22	46707615
22	38262627
22	38267813
22	49545661
22	49553257
22	49571400
22	44379850
22	44388967
22	44411593
22	44412097
22	44416156
22	44422075
22	44428519
22	44432197
22	45818603
22	45859124
22	46948101
22	46948313
22	46962471
22	46967517
22	46989446
22	36256885
22	36265796
22	36359453
22	30799788
22	30773774
22	30764552
22	30738403
22	30727305
22	30712237
22	41195766
22	32178287
22	32183572
22	26840476
22	26844330
22	26847271
22	26849174
22	26849522
22	26857390
22	47261885
22	47267276
22	45520799
22	49429575
22	49437740
22	39637242
22	39640593
22	39665678
22	39669317
22	44648801
22	44652373
22	44661946
22	27389848
22	27402694
22	27408058
22	42585343
22	42592111
22	43551223
22	26272558
22	34895284
22	34896519
22	34761389
22	34771453
22	34775080
22	33106181
22	33127123
22	33131419
22	33195144
22	33198473
22	32866948
22	32880699
22	32895756
22	39298220
22	39314239
22	39349634
22	39352849
22	50008121
22	50018362
22	50018612
22	50077766
22	39915875
22	39926680
22	39958977
22	43824793
22	45739053
22	50118058
22	50118978
22	50124711
22	50149550
22	40872921
22	40876139
22	38393931
22	38411139
22	38421100
22	38464003
22	46625306
22	46610055
22	46609843
22	25268441
22	44567144
22	44572650
22	44579333
22	44583508
22	44584958
22	28002540
22	35316560
22	35337661
22	49789514
22	43160310
22	43200239
22	43201809
22	43203911
22	43218999
22	43228299
22	44162931
22	44164693
22	44164993
22	44180252
22	44186940
22	44187366
22	44200205
22	44202049
22	44203651
22	44215101
22	44217642
22	44221984
22	44232188
22	39103599
22	39103758
22	41230659
22	41259054
22	41280172
22	41281210
22	41814981
22	46828584
22	24793088
22	24829912
22	24836951
22	24838923
22	24845414
22	24846625
22	24856420
22	24888862
22	24901371
22	24912305
22	49730446
22	49744985
22	37958677
22	37975321
22	36449160
22	36453868
22	36461244
22	36547497
22	29733167
22	29788610
22	23494632
22	23503360
22	24512384
22	50613951
22	50580150
22	50549633
22	50532837
22	50522253
22	30446527
22	27485924
22	22908567
22	36121950
22	26810326
22	44722653
22	19633488
22	30037833
22	34222200
22	34272341
22	34070893
22	27226946
22	49235291
22	37522665
22	39017360
22	44126432
22	32427084
22	31529087
22	28704723
22	49123000
22	25193825
22	50249919
22	50188824
22	43383861
22	50575569
22	44367397
22	19689684
22	20084214
22	36569237
22	39269196
22	44117593
22	27448140
22	41145020
22	27707261
22	22238631
22	46844967
22	27319248
22	20113073
22	20222840
22	20592015
22	20858188
22	19969258
22	16858514
22	20815587
22	29478261
22	19961340
22	19969500
22	20584488
22	20793005
22	20463980
22	20889355
22	16858113
22	20796052
22	16846024
22	21673059
22	34380018
22	34349208
22	25567021
22	16738735
22	26270645
22	17061760
22	17418497
22	17487784
22	26658215
22	19978040
22	27077207
22	37629549
22	28904318
22	29454772
22	29739497
22	29767121
22	30591973
22	32287086
22	32326220
22	32598107
22	43825550
22	32941158
22	44199359
22	44221682
22	33049771
22	33097671
22	33109512
22	33153850
22	33172589
22	33251168
22	33405997
22	33588343
22	44787134
22	44822406
22	44957533
22	33877319
22	45148995
22	34072654
22	34105405
22	45601972
22	34599499
22	48118479
22	34828387
22	35146217
22	46913455
22	36330607
22	47573171
22	47653951
22	23109049
22	47882245
22	48168646
22	37845554
22	38251707
22	23269395
22	38729524
22	48521218
22	48548030
22	48950902
22	49110224
22	49115493
22	38941495
22	39095128
22	49418853
22	49432732
22	39435332
22	40034347
22	40101869
22	41348330
22	23553438
22	41678745
22	41755551
22	41886008
22	41995013
22	42060136
22	42415095
22	43271452
22	23899407
22	24482901
22	24484206
22	21900662
22	18084151
22	26223193
22	40736398
22	41756984
22	39190092
22	17494632
22	17522347
22	17530213
22	16747906
22	17556691
22	29141136
22	29737590
22	19946502
22	29445653
22	29325172
22	29395245
22	32777958
22	44534821
22	20140031
22	20175547
22	20178109
22	20180772
22	44880466
22	45613183
22	22356410
22	44720247
22	47832174
22	23794355
22	35634118
22	18066875
22	33891362
22	38282381
22	32485594
22	17199629
22	17329163
22	17406910
22	33861145
22	19002615
22	20158003
22	20624385
22	48663414
22	48974181
22	20977833
22	20985462
22	20997892
22	20999039
22	46218273
22	16740605
22	36145677
22	17739497
22	17752539
22	31280468
22	17424282
22	21701105
22	34018627
22	49197638
22	41343366
22	36709135
22	24815262
22	40747015
22	48671713
22	28710745
22	27698847
22	24749504
22	29306664
22	33160564
22	44906782
22	33096096
22	26458475
22	26258270
22	38426295
22	38436507
22	38453673
22	32575914
22	39017663
22	16859529
22	17534034
22	38529714
22	47494365
22	46480586
22	49295348
22	45566024
22	19655722
22	16956420
22	38319217
22	35212219
22	44440259
22	23461535
22	48448939
22	48449227
22	26722218
22	26941085
22	44658681
22	44550785
22	36225567
22	34004264
22	24713060
22	30669080
22	32728647
22	35016843
22	25175334
22	36494306
22	25509701
22	45053392
22	20518568
22	33690430
22	47170608
22	42994313
22	29422865
22	43461434
22	34137646
22	34149799
22	18984937
22	41445030
22	47441763
22	44427565
22	34285173
22	36299382
22	18022355
22	27972485
22	25793059
22	40753861
22	17350923
22	19174422
22	16848711
22	18983711
22	34348079
22	34402407
22	32412368
22	24069722
22	32629169
22	32629194
22	35835310
22	41157255
22	28276418
22	45069187
22	35574507
22	49035104
22	47873762
22	25898546
22	32230921
22	37357283
22	39351775
22	23745132
22	23754213
22	23884055
22	23841688
22	24124408
22	24594949
22	23198227
22	37206982
22	43181042
22	35381625
22	44862659
22	40019136
22	44382858
22	37486521
22	26623164
22	26625437
22	45600230
22	43832963
22	45535382
22	16808228
22	20760956
22	21031554
22	21031730
22	36872459
22	36872513
22	36875760
22	45200368
22	38752478
22	43137509
22	43964127
22	41395532
22	44954783
22	28709570
22	23816386
22	22195678
22	19450415
22	20002119
22	19997984
22	19991035
22	19812799
22	20087052
22	20990595
22	30340158
22	16845542
22	21069644
22	36914004
22	36932709
22	32333543
22	32436887
22	36516677
22	39049549
22	38113432
22	39313600
22	50070767
22	50266232
22	43069523
22	43070211
22	43052111
22	41499405
22	28028519
22	41172476
22	35726883
22	19284308
22	16805439
22	18905062
22	32970066
22	26184509
22	44178524
22	27492473
22	48943466
22	16613859
22	32516290
22	37447202
22	44713786
22	30295642
22	38836454
22	35235597
22	22176688
22	33187472
22	49217214
22	19560356
22	27659505
22	30283398
22	37084757
22	45191177
22	45173964
22	33347355
22	27360339
22	39022608
22	27902348
22	43995806
22	28527329
22	23605165
22	35946342
22	42354612
22	26985383
22	19577872
22	19551004
22	19741568
22	32228616
22	32228881
22	44134199
22	23911926
22	36776492
22	49173316
22	47292253
22	43773546
22	17431799
22	16822706
22	34621856
22	34078571
22	33895762
22	37242920
22	33172574
22	28965171
22	26953639
22	22978165
22	34524396
22	44543362
22	48935341
22	26393883
22	33162781
22	36191438
22	20406773
22	36558581
22	50486669
22	32253444
22	38221326
22	37508244
22	37562261
22	37569873
22	43993634
22	41265150
22	50460881
22	23880523
22	18927834
22	19770705
22	45516496
22	50601349
22	19962905
22	23295013
22	32538239
22	36308995
22	42585502
22	37303336
22	36187036
22	19135562
22	30944638
22	30964606
22	17086809
22	17105581
22	29651743
22	37083588
22	18157533
22	33849413
22	23220704
22	45188017
22	23306291
22	24243101
22	26572541
22	29371045
22	33319145
22	33436162
22	33508768
22	33580012
22	33706817
22	33710867
22	33763549
22	33823952
22	36580928
22	36704215
22	38169340
22	38181112
22	38204535
22	38437261
22	42903872
22	42910535
22	44031732
22	44134540
22	35390189
22	36194900
22	43304007
22	19797208
22	29521224
22	35284102
22	19148090
22	23861971
22	24226680
22	21759598
22	17816431
22	20319470
22	32326976
22	37139431
22	37570053
22	29243203
22	45514272
22	21776836
22	23112694
22	26528346
22	26563893
22	29401384
22	30617309
22	32852915
22	33332049
22	33404133
22	33545177
22	33553110
22	33702356
22	33737910
22	36620567
22	36664307
22	36805847
22	37137994
22	37239015
22	37314528
22	38709943
22	39967774
22	44839423
22	26793573
22	20952770
22	30026719
22	19133446
22	37110836
22	37127681
22	37145772
22	45234781
22	29053489
22	32397282
22	39501787
22	25113063
22	37157579
22	37182539
22	37185382
22	37185445
22	49867256
22	24429543
22	24557381
22	47497304
22	31945683
22	45643028
22	25870972
22	48931813
22	49009782
22	49177468
22	21927890
22	22200684
22	23412391
22	23682243
22	23865775
22	25910055
22	26227308
22	50429584
22	48783734
22	47333185
22	47362540
22	47766382
22	48006535
22	48142946
22	50700952
22	27191039
22	27364835
22	44547521
22	44552217
22	44577859
22	33760557
22	33724622
22	33739021
22	21975710
22	21912468
22	21941747
22	21937845
22	21936031
22	33690508
22	33700149
22	43888974
22	33665067
22	33625892
22	30853346
22	31062217
22	33051960
22	34538356
22	35069734
22	36122992
22	36893827
22	37094651
22	38129554
22	39085182
22	39263768
22	39359684
22	39556093
22	39593211
22	42321584
22	42409889
22	42766946
22	43435076
22	32982849
22	32985237
22	32987578
22	32949685
22	32883250
22	34027180
22	34100702
22	34004410
22	36281354
22	27002549
22	17429117
22	20024763
22	19268333
22	17467130
22	17477845
22	29669978
22	29696010
22	29707487
22	20029922
22	17691892
22	20191406
22	21027357
22	21104636
22	21105931
22	17840672
22	17848352
22	21678702
22	45287094
22	49202009
22	49303013
22	49287030
22	49233303
22	49214231
22	45284592
22	45276693
22	42126636
22	20168892
22	42470608
22	45917335
22	44675799
22	48835728
22	16721712
22	16722213
22	17044694
22	22913354
22	45916023
22	36971887
22	49285305
22	49280683
22	49283117
22	48608583
22	45931977
22	19020595
22	19646807
22	43489519
22	49000700
22	24894520
22	25797857
22	48313754
22	27486321
22	17430479
22	43937814
22	30534171
22	33139390
22	33807208
22	34570223
22	35959310
22	37846806
22	39086018
22	42882214
22	39895135
22	39999080
22	38067134
22	26524082
22	43018324
22	27045417
22	50519091
22	24568160
22	43972324
22	29057039
22	43825591
22	32508940
22	44737460
22	37282510
22	37282524
22	43320318
22	37137028
22	37132536
22	21454844
22	49002214
22	50309896
22	50315934
22	20396965
22	20399325
22	35067186
22	30819828
22	20455767
22	18113683
22	35062229
22	20390911
22	17209519
22	18127343
22	17831625
22	47669396
22	34049209
22	25695339
22	39081386
22	20405382
22	20997831
22	26466075
22	38352499
22	38673040
22	39687725
22	43600408
22	44743626
22	18917093
22	36314138
22	19292118
22	24430704
22	37607063
22	43972242
22	44728966
22	34370714
22	17717620
22	19884486
22	20018517
22	21673835
22	24068045
22	24498888
22	26319957
22	26336178
22	26337723
22	26436137
22	26552728
22	27803429
22	32625661
22	42694243
22	44755574
22	44795624
22	45290209
22	45585567
22	45598309
22	46509636
22	45502117
22	49531280
22	25679221
22	37617165
22	41213686
22	22327407
22	27764086
22	27764419
22	33569511
22	33830697
22	24068426
22	43993512
22	44860739
22	21070125
22	19029150
22	18087409
22	34375675
22	34963713
22	34154916
22	17811445
22	49401852
22	25834673
22	46239702
22	17806438
22	27079644
22	17805596
22	18022035
22	44299208
22	22923946
22	17984717
22	29234348
22	38060591
22	36272838
22	47717041
22	21008560
22	47711305
22	34200567
22	21076765
22	17994258
22	22930481
22	20049792
22	46027058
22	50325628
22	48877992
22	22934354
22	21071480
22	30011375
22	30012721
22	30036414
22	30042458
22	17569616
22	18909715
22	40636859
22	37102979
22	33241101
22	22182456
22	43824064
22	30561845
22	21675982
22	18907714
22	21084128
22	17405801
22	17606137
22	34943006
22	37744345
22	26888059
22	48682570
22	18003251
22	46199138
22	46214512
22	46226487
22	46231983
22	46198374
22	46235554
22	46235763
22	26668324
22	36243696
22	30564425
22	32650642
22	17946928
22	29493212
22	32348058
22	38423452
22	34339383
22	45101514
22	35365657
22	38885631
22	38959104
22	22934255
22	36739260
22	17836413
22	48277142
22	42797635
22	33344874
22	49069923
22	27517571
22	44607868
22	20065043
22	16637857
22	19009052
22	17968827
22	30809347
22	48649916
22	33754997
22	42167302
22	21656629
22	47044773
22	35681480
22	26910867
22	48250476
22	41849759
22	18039332
22	49257881
22	44935054
22	37596697
22	34735496
22	29570094
22	29564346
22	18050668
22	19915003
22	47689131
22	18056787
22	21452112
22	17360178
22	49179065
22	18044023
22	42778407
22	21454896
22	18100501
22	29544960
22	18099884
22	33015461
22	47177245
22	47177505
22	34363251
22	44199711
22	43166823
22	27215034
22	33757408
22	25549209
22	19779259
22	16975883
22	17084017
22	17135327
22	17908295
22	17910798
22	18925165
22	19146570
22	19162067
22	19579626
22	19734243
22	16743048
22	16966101
22	17081023
22	17309841
22	17346794
22	30590185
22	31931808
22	32765838
22	33936206
22	33999182
22	34141461
22	35543322
22	35582568
22	36586628
22	36801486
22	36810297
22	36813252
22	22045518
22	37675036
22	37687094
22	38122531
22	22129955
22	22166765
22	39133128
22	42755757
22	42792303
22	43351946
22	23162218
22	24348111
22	25212581
22	25838637
22	26555623
22	26771385
22	27344638
22	27706629
22	27706896
22	28765019
22	29844586
22	30404349
22	30447508
22	30982461
22	31155174
22	31283463
22	31521429
22	32722179
22	32763650
22	21619030
22	33170601
22	33674835
22	33688001
22	34179530
22	34581915
22	34939692
22	35031435
22	35076280
22	35294539
22	35529383
22	35597736
22	35605115
22	35718216
22	36598016
22	36617647
22	36845745
22	36862461
22	36912743
22	36920346
22	37162239
22	37342580
22	37355658
22	37365773
22	37365954
22	37375945
22	37796445
22	37820751
22	38104473
22	39204646
22	40279087
22	40326741
22	41019640
22	41361643
22	42302794
22	42470421
22	42480598
22	42914646
22	43059525
22	23089576
22	23140273
22	23423078
22	23474241
22	23510307
22	23525737
22	23925933
22	24835455
22	25262558
22	25766808
22	25784229
22	26363211
22	26549736
22	26585075
22	26609000
22	26615496
22	26669718
22	26674786
22	26790358
22	26795979
22	27075453
22	27075563
22	27112896
22	27497015
22	27527382
22	27557457
22	27579490
22	21104336
22	29014244
22	43902377
22	43908539
22	43900170
22	44097654
22	44615881
22	44514237
22	44373655
22	44376542
22	44919352
22	44923437
22	45297947
22	47093574
22	47424918
22	47968221
22	48364313
22	47161995
22	47229494
22	47305961
22	47339669
22	47410446
22	47806806
22	47826296
22	47830004
22	47878283
22	48370979
22	48432411
22	48443003
22	46546172
22	46553125
22	49030035
22	49467384
22	48957301
22	49008237
22	49020251
22	49034313
22	49139381
22	49392843
22	48955955
22	48970311
22	49706002
22	49706244
22	50430496
22	50453986
22	50458349
22	50204348
22	25514912
22	27335509
22	33756912
22	48655266
22	48655346
22	48657624
22	48760426
22	48624547
22	48664133
22	48689393
22	48704076
22	27194716
22	27231355
22	27329272
22	27231455
22	43120127
22	43122318
22	47922253
22	42142737
22	19963580
22	27244892
22	27244786
22	20670592
22	25542058
22	27333587
22	27179580
22	27246620
22	27171358
22	25529793
22	26416947
22	27351309
22	27320458
22	17380103
22	17411511
22	17450888
22	17763166
22	17871562
22	17920863
22	16576248
22	19467853
22	19485320
22	19509359
22	19570952
22	19606913
22	19779528
22	19933480
22	17133121
22	17142518
22	16374956
22	17243203
22	17403331
22	17424866
22	17467164
22	17517544
22	17632626
22	17635438
22	17731843
22	17888592
22	17914354
22	18146261
22	18979858
22	16592176
22	16594463
22	19161208
22	19216969
22	19281350
22	19540935
22	19541607
22	19547333
22	19605778
22	19651860
22	19671576
22	19787764
22	20027493
22	16746571
22	16941099
22	17125009
22	17217283
22	17303055
22	17353765
22	30605835
22	30615919
22	31222972
22	32459213
22	32486134
22	33228859
22	33479175
22	33495161
22	34015725
22	34314262
22	34391064
22	34652151
22	34920292
22	34951371
22	35017457
22	35018027
22	35048018
22	35120563
22	35349531
22	35542334
22	35579745
22	35580525
22	35638936
22	35660681
22	36545018
22	36774871
22	36880243
22	37265247
22	37338411
22	37506919
22	22064404
22	22072612
22	37721936
22	22086377
22	38138500
22	22171676
22	39238429
22	39371006
22	22246500
22	39429317
22	39434118
22	39435273
22	39630304
22	39671635
22	40563916
22	41135215
22	41366866
22	41974987
22	41983809
22	42701545
22	42962731
22	43259421
22	43265074
22	43404818
22	23073819
22	23155487
22	23162471
22	23245707
22	23250864
22	23420927
22	23438888
22	20660931
22	23691279
22	23842663
22	23892306
22	20721249
22	24319081
22	24406596
22	24596299
22	24617379
22	24690767
22	24791577
22	24919786
22	24994737
22	25001773
22	25176781
22	25233715
22	25446119
22	25528477
22	25555772
22	26000681
22	26019509
22	26264794
22	26386285
22	26463976
22	26594843
22	26635757
22	26673872
22	26713512
22	26741798
22	26747282
22	26891360
22	26928189
22	26935243
22	27385609
22	27466847
22	27621843
22	27704221
22	27739309
22	27792215
22	28764326
22	29002471
22	29102130
22	29117741
22	29506203
22	29868285
22	30119060
22	30459710
22	30674506
22	30743666
22	30831914
22	30860079
22	30865120
22	31050935
22	31053755
22	31130825
22	31151131
22	31277464
22	31467111
22	32271520
22	32277542
22	32303686
22	32314998
22	32317775
22	32342195
22	32375030
22	32482257
22	32539439
22	32540312
22	21585386
22	32736593
22	32748100
22	32774391
22	32863077
22	32876712
22	33102984
22	33446685
22	33528303
22	33566963
22	33800639
22	33806506
22	33816307
22	33842143
22	33871290
22	33888185
22	33973707
22	34077767
22	34180027
22	34180679
22	34192759
22	34244629
22	34318171
22	34403271
22	34415848
22	34430597
22	34544950
22	34585278
22	34637257
22	34642452
22	34815182
22	34847661
22	34901320
22	34902515
22	34941206
22	34990412
22	34999137
22	35047302
22	35122846
22	21846241
22	35358420
22	35431486
22	35432307
22	35566539
22	35582779
22	35610685
22	35645515
22	35645603
22	35678549
22	35910546
22	36029677
22	36474798
22	36492019
22	36539749
22	21978846
22	36800636
22	36832234
22	36879862
22	36900087
22	36902302
22	36979627
22	36986209
22	37008208
22	37011486
22	37021156
22	37028950
22	37174805
22	37215767
22	37289855
22	37352354
22	37367822
22	37462059
22	37683232
22	22113495
22	38080572
22	22163433
22	22164124
22	38599380
22	38623848
22	22177186
22	22179648
22	38767851
22	38772982
22	38780120
22	38803931
22	38826647
22	38859586
22	38924823
22	38937335
22	39032914
22	39081118
22	39209153
22	39237617
22	39319257
22	39454169
22	39545149
22	39551569
22	39658943
22	40292913
22	40543906
22	40757875
22	40767104
22	41003430
22	41070225
22	41391946
22	41435263
22	42313328
22	42459271
22	42630786
22	42653008
22	42714913
22	42752253
22	42799290
22	42830593
22	42836967
22	42837327
22	42895523
22	42979695
22	43046593
22	43077656
22	43104206
22	43154143
22	43244722
22	43277794
22	43340386
22	43359821
22	43401021
22	20628589
22	20635122
22	23272239
22	23296448
22	23358720
22	23378082
22	20650518
22	23437635
22	23473573
22	23743920
22	23756956
22	23796114
22	23836092
22	23845633
22	23856348
22	23905123
22	24018377
22	24045997
22	24359057
22	24683958
22	24707057
22	24734981
22	24777602
22	24815826
22	24938902
22	24968740
22	24992351
22	24994888
22	25085119
22	25104529
22	25114492
22	25216734
22	25254439
22	25331025
22	25805205
22	25813586
22	25822197
22	25843939
22	25843983
22	25854143
22	25909021
22	25917778
22	26219272
22	26330890
22	26342259
22	26440042
22	26474536
22	26642889
22	26673476
22	26740353
22	26753598
22	26774762
22	26775675
22	26831256
22	26831491
22	26945450
22	26952493
22	26965502
22	26992147
22	27042669
22	27074367
22	27101742
22	27266252
22	27336157
22	27389536
22	27397680
22	27399484
22	27406760
22	27467733
22	27480978
22	27529327
22	27570694
22	27572247
22	27584915
22	27694209
22	27702112
22	27705616
22	27710404
22	27738159
22	27975553
22	28012456
22	28643627
22	28737002
22	28739901
22	28778782
22	28786512
22	28854517
22	28890192
22	28982720
22	28986398
22	28994061
22	29440937
22	29503735
22	43929975
22	44039672
22	43687562
22	43716965
22	43718981
22	43741339
22	43799774
22	43882872
22	44148148
22	44149485
22	43590635
22	44250225
22	43616333
22	43617060
22	45354103
22	45430153
22	45468578
22	45683335
22	44526963
22	44363275
22	44534585
22	44367771
22	44669986
22	44701935
22	44384586
22	44762148
22	44836003
22	44852403
22	45199840
22	45442275
22	45483103
22	45485434
22	45490884
22	45496553
22	45563457
22	45626166
22	45786876
22	45789569
22	44528490
22	44348200
22	44719699
22	44784674
22	44849479
22	44851295
22	44855543
22	44881822
22	44937302
22	44941449
22	45012296
22	45019531
22	45045561
22	45095749
22	45128028
22	45206526
22	45222286
22	45242654
22	44354363
22	47165824
22	47842070
22	47947640
22	48002103
22	48104570
22	48238411
22	48420954
22	48496502
22	48564597
22	46490539
22	46528357
22	46568370
22	46906688
22	46910497
22	47083278
22	47107688
22	47137815
22	47163806
22	47316086
22	46215291
22	46216775
22	47505813
22	47541906
22	47614949
22	47620643
22	47650019
22	47650140
22	47717463
22	47798614
22	47821073
22	47825870
22	47840035
22	47860113
22	47902876
22	47912155
22	48013311
22	48061323
22	48098941
22	48171654
22	48225910
22	48349488
22	48354633
22	48357773
22	48358281
22	48459600
22	48478107
22	48533757
22	48573818
22	46462790
22	46467422
22	46492021
22	46504565
22	46591190
22	46596937
22	46728930
22	46760806
22	46787047
22	46889590
22	47041670
22	47087251
22	49015783
22	49038319
22	48920493
22	49163230
22	49275850
22	49279742
22	49306092
22	49486066
22	48969544
22	48969821
22	49012923
22	49050804
22	49145797
22	49149469
22	49156793
22	49196883
22	49257103
22	49391995
22	49392026
22	49397063
22	49418427
22	48958619
22	49538489
22	48968968
22	49650868
22	49668779
22	49676185
22	49683714
22	49683883
22	48977019
22	48984844
22	49886488
22	50542389
22	50572812
22	50624510
22	50157413
22	50213410
22	50240142
22	50037093
22	50040399
22	50189275
22	50237533
22	50023048
22	50033613
22	48631634
22	48632756
22	48761267
22	48767192
22	48678489
22	48684646
22	48684963
22	48745204
22	48799504
22	48800198
22	48808156
22	48658690
22	48658782
22	26319427
22	26352944
22	34199764
22	26301229
22	17416004
22	17653146
22	17692264
22	17829577
22	17867748
22	18151211
22	18949480
22	19575824
22	19595502
22	19812631
22	19895461
22	16926459
22	17437191
22	17437503
22	17597388
22	17817474
22	18003516
22	18062868
22	18964032
22	19594423
22	19595438
22	19647354
22	19950115
22	20233241
22	20295705
22	16822493
22	17153160
22	17162835
22	17228938
22	17317910
22	17322703
22	17333921
22	30650600
22	31167569
22	31833663
22	31927525
22	32122143
22	32259297
22	32342482
22	32746922
22	33251922
22	34152453
22	34250991
22	34272084
22	34774805
22	35706653
22	35713368
22	35732403
22	36037768
22	36206733
22	36215817
22	37123824
22	37322963
22	37398253
22	37402915
22	38019714
22	38357306
22	22214645
22	20532793
22	22245293
22	40081426
22	42169944
22	42397867
22	42466475
22	43150727
22	43275377
22	23824214
22	24212361
22	24803331
22	24813757
22	25087954
22	25193289
22	25232130
22	25479606
22	25789268
22	25851489
22	26197813
22	26312160
22	26358340
22	26640541
22	27137309
22	27358841
22	27422805
22	20429198
22	29125643
22	30386100
22	30398961
22	31095346
22	31160117
22	31442099
22	31755718
22	31900014
22	31959468
22	32169049
22	32366950
22	32390230
22	32415965
22	32457961
22	32463715
22	32572107
22	32599765
22	32694662
22	33132724
22	33232600
22	33301048
22	33333777
22	33334589
22	33529766
22	33748836
22	21694573
22	33867337
22	34073303
22	34150514
22	34153506
22	21741631
22	34258159
22	34436641
22	34484378
22	34700093
22	21792110
22	34807641
22	34876712
22	34935052
22	35044090
22	35054947
22	35099819
22	35144430
22	35526557
22	35795381
22	21906101
22	36013942
22	36069648
22	36081979
22	36181083
22	36373993
22	36487027
22	36527452
22	36660160
22	36855335
22	37308630
22	37393066
22	37396550
22	37411264
22	37515183
22	37524090
22	37584487
22	37866972
22	22102294
22	37959336
22	38149612
22	38218088
22	38242065
22	38305388
22	22184348
22	38996475
22	39011394
22	39198735
22	22245352
22	39773921
22	40133411
22	22338716
22	40416495
22	40481510
22	22377389
22	40708220
22	40749600
22	41598451
22	41732457
22	41778887
22	41906460
22	41960882
22	41963567
22	42108675
22	42346445
22	42523004
22	42645539
22	43034071
22	43089379
22	43304917
22	43325513
22	43335668
22	43462636
22	22985570
22	22997033
22	23029966
22	23037808
22	23215953
22	23216285
22	23359208
22	23511384
22	23649233
22	23650864
22	23705470
22	23922208
22	23995877
22	24212956
22	24537101
22	24773582
22	24781341
22	24873551
22	25070586
22	25211292
22	25669067
22	25820193
22	25833175
22	25950142
22	26042529
22	26145456
22	26236031
22	26330079
22	26369201
22	26405321
22	26637357
22	26726517
22	26745642
22	26763869
22	26817236
22	26837542
22	26909217
22	26924113
22	26935698
22	27014786
22	20410704
22	27152413
22	27387224
22	27445730
22	27456222
22	27539408
22	27719606
22	27745313
22	20422553
22	28760460
22	28769778
22	28831983
22	28837274
22	29340671
22	29655444
22	29820993
22	44107753
22	44028228
22	44256277
22	45450591
22	45488606
22	45618799
22	44611588
22	44670155
22	44708486
22	44896612
22	44909256
22	45079451
22	45127510
22	45252965
22	45269782
22	44486088
22	45758486
22	44611468
22	44718042
22	44809848
22	44859757
22	44943320
22	45117287
22	45186016
22	45214492
22	45264213
22	45332489
22	46103554
22	47469015
22	47563954
22	47636696
22	47742091
22	47818327
22	46274497
22	47963191
22	48275290
22	48487269
22	46337221
22	46129914
22	46804994
22	47288055
22	47352781
22	47430584
22	47514956
22	47556456
22	47613184
22	47614407
22	47695320
22	47729502
22	47749034
22	46260051
22	46271140
22	47975667
22	46282769
22	48008771
22	48052959
22	46290066
22	48082341
22	46292699
22	48120878
22	46308346
22	48330343
22	48476880
22	48502069
22	48513270
22	26405009
22	46391537
22	46122202
22	46418774
22	46129298
22	46524879
22	46642184
22	46712772
22	46864258
22	46899760
22	46908974
22	47020403
22	47068965
22	49284834
22	48898393
22	48909287
22	49064132
22	49065952
22	49077935
22	48917749
22	49136319
22	49174661
22	48935038
22	49409938
22	49414918
22	49438421
22	48955650
22	49511329
22	49617384
22	49723543
22	49887696
22	50650785
22	50718505
22	50509182
22	50276187
22	48632920
22	48803741
22	48660669
22	48685382
22	50625640
22	26398136
22	20197934
22	25436452
22	26385284
22	47690113
22	25513237
22	37196464
22	20655309
22	19748331
22	19936498
22	30510207
22	30675367
22	31603141
22	32785363
22	34515632
22	35553287
22	37911902
22	38035910
22	38858432
22	42156869
22	23471071
22	23654276
22	23658907
22	26108873
22	27500050
22	27704761
22	44339620
22	46025962
22	46477114
22	46600412
22	49024024
22	50552240
22	50195257
22	26354264
22	20183473
22	48741983
22	26299111
22	26378614
22	26373342
22	20201679
22	26285674
22	25501012
22	33776601
22	28486985
22	25879582
22	25858281
22	25882460
22	33604244
22	43364181
22	28516867
22	20247677
22	20191732
22	49353788
22	32513414
22	39517415
22	29491197
22	19171502
22	40111278
22	24832122
22	39550275
22	27047522
22	46475215
22	29918103
22	26257246
22	33436749
22	26793811
22	36262488
22	32287391
22	27047622
22	35199727
22	36990879
22	33798758
22	39133024
22	38801934
22	25113780
22	39930170
22	45513015
22	46526714
22	43890651
22	47372143
22	29229922
22	49390941
22	49454070
22	35531414
22	30181782
22	17600825
22	43349191
22	33395388
22	34841375
22	48133892
22	36720053
22	19146092
22	24955412
22	32892889
22	27679882
22	32838944
22	29347790
22	29715313
22	44418913
22	26246713
22	49287847
22	26823918
22	27566556
22	19198225
22	45123009
22	33430580
22	25077167
22	21073090
22	26658235
22	33930410
22	34528995
22	30840783
22	50379056
22	48945646
22	44355809
22	28187750
22	37277740
22	34993738
22	48830562
22	44378820
22	25991333
22	36227874
22	32318227
22	19827191
22	21714451
22	20069620
22	39992304
22	19837629
22	42707678
22	22442902
22	41829014
22	47880951
22	17180901
22	20386488
22	40020021
22	22095661
22	48207483
22	37538524
22	42761037
22	25514348
22	48767661
22	48816918
22	33380444
22	17961891
22	45112365
22	42315049
22	34864014
22	46604349
22	23080578
22	36644045
22	16962241
22	37253130
22	42521148
22	27592267
22	24812431
22	33881446
22	45530705
22	49423548
22	17611340
22	36511051
22	41842023
22	28885722
22	26546161
22	31961373
22	23596017
22	24829613
22	28403448
22	18974269
22	48813548
22	45233565
22	49169478
22	49621679
22	26012694
22	36718651
22	37253454
22	25086487
22	49247692
22	49300084
22	30262733
22	38232300
22	29458970
22	49109781
22	23475299
22	33193446
22	44787089
22	44857992
22	32452716
22	22103136
22	44419841
22	33878568
22	33908484
22	33870277
22	34512597
22	49172304
22	21796693
22	50376095
22	27705267
22	37588650
22	43289651
22	48441537
22	48638172
22	50053806
22	32792559
22	26932824
22	38264560
22	20644921
22	22073672
22	35084474
22	32477509
22	49394536
22	46063252
22	29683224
22	41612027
22	29930113
22	35732884
22	40871360
22	20522222
22	22074462
22	32173276
22	24602215
22	20542639
22	32463632
22	25990754
22	46062243
22	34446186
22	25491546
22	23691580
22	26040321
22	49097060
22	27972278
22	20981270
22	35611028
22	48427545
22	23906183
22	22194431
22	36867804
22	29154391
22	20214431
22	30629202
22	27619364
22	37098380
22	42415913
22	48694496
22	30647497
22	22059381
22	36283012
22	27517051
22	33855556
22	27122986
22	38833588
22	26255800
22	34184855
22	19360676
22	49197921
22	49350990
22	19873634
22	19873352
22	19942586
22	22921536
22	30942483
22	31063269
22	17221888
22	17304309
22	17118954
22	17114025
22	16801041
22	20423776
22	20423382
22	17773222
22	27165538
22	27048675
22	27111169
22	45237492
22	31962601
22	32211087
22	27263668
22	27220303
22	46565381
22	41794305
22	32377279
22	50187371
22	35586625
22	30816654
22	26377288
22	43928847
22	49698500
22	49688479
22	35075506
22	38062674
22	27905755
22	39114990
22	44094016
22	44084517
22	43958231
22	36691448
22	42716955
22	42776261
22	42776302
22	45019966
22	49090108
22	41115172
22	47133514
22	47152678
22	50472446
22	48038895
22	47946992
22	28734024
22	47781315
22	47899668
22	47784726
22	47835608
22	28597195
22	23512095
22	23779191
22	23850692
22	23891985
22	24219538
22	22147786
22	46896592
22	34493105
22	36629227
22	33892989
22	32814019
22	32041353
22	32541973
22	32071664
22	37249190
22	34696718
22	43243983
22	48433978
22	37719549
22	42332162
22	35056239
22	44437700
22	36084833
22	45571646
22	45640814
22	43886396
22	26927904
22	25880221
22	25881181
22	25887053
22	39364878
22	50701888
22	31135164
22	31135147
22	30612758
22	17138402
22	19957654
22	50422503
22	50417793
22	49923682
22	27039124
22	48335101
22	38236198
22	42156247
22	43122816
22	50258690
22	30827469
22	34842777
22	38051437
22	44146993
22	27509467
22	43386931
22	46703072
22	48038245
22	27617487
22	24550956
22	24701281
22	33762785
22	34507164
22	32720328
22	37002154
22	32563364
22	33165760
22	35396981
22	35401340
22	44351220
22	44728415
22	36114584
22	38423608
22	50391615
22	44338335
22	44307354
22	32634040
22	44304707
22	27352781
22	48824892
22	44305492
22	26232139
22	49914284
22	47160588
22	44218483
22	32967435
22	23120996
22	19443873
22	19989322
22	19592662
22	19468313
22	19918279
22	20964145
22	20187330
22	30368464
22	17260847
22	20639041
22	18930235
22	49118551
22	38872780
22	27169996
22	27089383
22	27097399
22	33435462
22	40404067
22	31661515
22	46458501
22	27429482
22	31629927
22	48572258
22	49856029
22	46742762
22	47862544
22	33554551
22	27578858
22	23226671
22	50504994
22	34224564
22	32534582
22	49403972
22	43174062
22	32607321
22	48432054
22	37689468
22	48505811
22	45839225
22	47435027
22	43895419
22	49554602
22	26959385
22	42122422
22	47284151
22	43717933
22	17788013
22	27294416
22	19963678
22	46697949
22	43849106
22	27037216
22	25514700
22	27305356
22	27261546
22	39289827
22	27636492
22	44159148
22	39126935
22	29788961
22	27418353
22	27535591
22	46791354
22	46775559
22	46685819
22	44440369
22	43467417
22	43165669
22	34166310
22	48533359
22	49109109
22	36143706
22	19167009
22	19120585
22	46795802
22	46749829
22	19241213
22	27650614
22	42561282
22	46086105
22	38080269
22	21722116
22	40463000
22	29533250
22	44438412
22	45172538
22	49679606
22	36326445
22	26033219
22	25740826
22	16918321
22	45076693
22	48437092
22	27521109
22	44866010
22	33735253
22	27293995
22	34377737
22	21850504
22	21811268
22	34437578
22	42415156
22	42746942
22	36951918
22	23784120
22	37547292
22	37228196
22	44301400
22	41055181
22	46459425
22	44364159
22	43589454
22	49447830
22	50499016
22	26284706
22	49358402
22	29898755
22	47072105
22	48458034
22	42417747
22	42426277
22	18029730
22	46461661
22	32163848
22	25336730
22	41286010
22	37264214
22	26534099
22	47483361
22	41599331
22	33451090
22	37514388
22	32475455
22	42768363
22	49650147
22	46295503
22	26748107
22	47235741
22	23687459
22	26404233
22	27527674
22	41552163
22	43171807
22	33532063
22	17806789
22	48763021
22	34855502
22	41948293
22	43511411
22	45842189
22	48374938
22	32158873
22	47707627
22	22230413
22	43087236
22	17894433
22	50519627
22	41758426
22	49174529
22	43327025
22	50624404
22	25650546
22	19705228
22	30457095
22	50375646
22	48654623
22	33375686
22	30860380
22	33712188
22	25783345
22	33073045
22	48510866
22	32778780
22	21908029
22	27188329
22	36331506
22	43983958
22	27322656
22	31619176
22	49344821
22	49329794
22	49327000
22	27204554
22	20260868
22	37066896
22	21697294
22	21632538
22	30662128
22	47058768
22	20446548
22	46450984
22	16820327
22	16820953
22	47922488
22	47208821
22	37761798
22	46638941
22	23891811
22	46588409
22	44538792
22	44538659
22	20009047
22	39146287
22	37068584
22	47781367
22	36104851
22	17108677
22	25951878
22	46667462
22	23102609
22	19444933
22	19350110
22	20549123
22	19979545
22	48276490
22	36448572
22	35503337
22	29254752
22	47401692
22	49088721
22	49151728
22	46092022
22	24699473
22	22957595
22	33167892
22	43224613
22	48532403
22	44395463
22	49623586
22	25992153
22	19985682
22	17011562
22	48192148
22	30743331
22	49090678
22	27498714
22	27533892
22	23257826
22	49346964
22	43917969
22	30242237
22	17436386
22	16931009
22	30628947
22	33497615
22	33617823
22	22155208
22	23637032
22	25973392
22	45129603
22	45286544
22	48210499
22	27265048
22	42218356
22	44193128
22	47804798
22	48819291
22	45966516
22	43422273
22	37222597
22	44912998
22	19968894
22	43152179
22	21761064
22	49193317
22	18937443
22	20159010
22	16931326
22	17251087
22	17309459
22	17508930
22	17980500
22	19199864
22	19606331
22	27562004
22	19710606
22	20088335
22	20100016
22	16916985
22	30250137
22	31457385
22	32171319
22	32468892
22	32744668
22	32771682
22	33067236
22	34809849
22	21728531
22	35908544
22	38443480
22	39003433
22	40466116
22	41862268
22	42726714
22	23302607
22	23497099
22	23709844
22	24360897
22	25224175
22	20764236
22	25771738
22	26549322
22	26877275
22	26878757
22	27138036
22	27623101
22	21095892
22	30505605
22	30712630
22	30863543
22	30981642
22	31349288
22	32113453
22	32359087
22	32411782
22	32457673
22	32993011
22	33012534
22	33034749
22	33450928
22	34662865
22	35497109
22	35734530
22	21832804
22	36137894
22	21845681
22	36212159
22	36253528
22	36381694
22	36408237
22	37211941
22	37222981
22	37234278
22	21950571
22	37273280
22	37332450
22	39228100
22	39614378
22	40518945
22	41111396
22	41397086
22	41565827
22	42762861
22	43095263
22	43334294
22	23150049
22	23404892
22	23421782
22	23528855
22	23741686
22	24703148
22	24763983
22	24821773
22	25007798
22	25244661
22	25246239
22	25265758
22	25920524
22	26238101
22	26275628
22	26358384
22	26559930
22	26561808
22	26708742
22	27044329
22	27223883
22	27593816
22	27620331
22	27654441
22	28149276
22	28640477
22	29006844
22	29024494
22	29608940
22	29725296
22	30201821
22	43526619
22	43797746
22	43798513
22	44171555
22	43660361
22	44176698
22	44183856
22	44238331
22	44289099
22	43602844
22	44829417
22	45371511
22	45628758
22	44590529
22	44616217
22	44368521
22	44341766
22	44786685
22	44924751
22	45098959
22	45154619
22	47925374
22	48028928
22	46523644
22	47101892
22	47252483
22	47789133
22	47895828
22	47912613
22	47969486
22	47985627
22	46240110
22	48214031
22	48323646
22	48455266
22	48467302
22	48479887
22	48544832
22	48579718
22	46420155
22	46490139
22	46502557
22	46553395
22	49241363
22	49378680
22	48899333
22	49133889
22	49139264
22	49143860
22	49184143
22	49228031
22	49370691
22	49398203
22	49465738
22	49479939
22	49626165
22	49690314
22	50633733
22	50656498
22	50667128
22	50685077
22	50398795
22	50122340
22	50076032
22	48796603
22	48800887
22	48649958
22	48669304
22	19622420
22	20003266
22	17044720
22	17373773
22	18125105
22	19499077
22	19737090
22	19933580
22	16933750
22	17319582
22	31679913
22	32381377
22	32786960
22	32800707
22	32987399
22	34087141
22	34193977
22	34296635
22	35863513
22	37100807
22	37616459
22	40944408
22	42342760
22	23557777
22	24463699
22	24849871
22	27034761
22	27161068
22	27383161
22	28523212
22	31879866
22	32232449
22	32617076
22	32636795
22	33071071
22	34470115
22	35092685
22	35748344
22	36573636
22	36588260
22	22144916
22	39782614
22	22206588
22	41885290
22	42380270
22	42692965
22	23065123
22	24285587
22	24764818
22	25089835
22	25125306
22	25153019
22	25826487
22	25854268
22	26672739
22	26854232
22	27304357
22	27714976
22	28848407
22	44796741
22	45764134
22	44682616
22	44341908
22	44811717
22	45216670
22	47214164
22	47387537
22	47787242
22	48105877
22	46241357
22	48332884
22	48379324
22	47279533
22	47292477
22	48129965
22	48396713
22	46267197
22	46719928
22	46725242
22	46890759
22	49403151
22	49887040
22	49170500
22	48962941
22	48964612
22	49790943
22	48807918
22	48831366
22	48663270
22	44609481
22	36530880
22	45541269
22	25220246
22	42991705
22	46834451
22	49289314
22	32605964
22	27319799
22	19323289
22	22043729
22	21660855
22	49358186
22	43788033
22	20512371
22	45143960
22	27438578
22	29536449
22	17537174
22	18931105
22	20780145
22	20988021
22	22358081
22	22376371
22	24347181
22	24725505
22	24757908
22	26490199
22	29439073
22	31292285
22	31557059
22	31822795
22	31906062
22	32247461
22	32442666
22	32849536
22	35416819
22	36864918
22	39765337
22	39968237
22	40301010
22	40353118
22	40361578
22	40827091
22	41540797
22	41991581
22	42087158
22	42799104
22	43932876
22	46245238
22	46257502
22	46262412
22	50080021
22	16799784
22	16799792
22	17182758
22	17191772
22	17552147
22	17587923
22	17600027
22	17655661
22	19056986
22	19060956
22	19142634
22	19180194
22	19208159
22	19216106
22	19233161
22	19235695
22	19388479
22	19720390
22	20464868
22	20742607
22	20765100
22	20783971
22	20786008
22	20810966
22	20980772
22	20994935
22	21023538
22	21959582
22	22201963
22	22201964
22	22343526
22	22369911
22	22395306
22	22668762
22	22812100
22	23613284
22	23614134
22	23619383
22	23694949
22	24059368
22	24324250
22	24510747
22	24513483
22	24719528
22	24724886
22	24725512
22	24749402
22	24754123
22	24755779
22	24855680
22	25763384
22	25891414
22	25898430
22	25952428
22	25992498
22	26003299
22	26464498
22	26466225
22	26477121
22	26488293
22	26490200
22	26491071
22	26496068
22	26496858
22	26506775
22	28796042
22	29060533
22	29138644
22	29512020
22	29636891
22	29767608
22	29769786
22	29802089
22	29970975
22	29991675
22	30013354
22	30022144
22	30023488
22	30118997
22	30299444
22	30352946
22	30466333
22	30470238
22	30611063
22	30663837
22	31133481
22	31289314
22	31471839
22	31546952
22	31556940
22	31557019
22	31557061
22	31561288
22	31580270
22	31580274
22	31585114
22	31589582
22	31602267
22	31616744
22	31760696
22	31937914
22	31937938
22	32084966
22	32099305
22	32235094
22	32392240
22	32392344
22	32393993
22	32432372
22	32433718
22	32479153
22	32491175
22	32857365
22	32859224
22	33432267
22	33564843
22	35265328
22	35658614
22	35720628
22	35720629
22	35726231
22	35727196
22	36160668
22	36191338
22	36228282
22	36265244
22	36265665
22	36480570
22	36758374
22	36762975
22	36991269
22	37480755
22	37947465
22	38479725
22	38487878
22	38488246
22	38537591
22	38537592
22	38539316
22	38650044
22	38738168
22	38959541
22	39015753
22	39021537
22	39021541
22	39081590
22	39086572
22	39102043
22	39765316
22	39835920
22	39971134
22	40350018
22	40359306
22	40361282
22	40363060
22	40364294
22	40366499
22	40777040
22	40832218
22	40882054
22	40886483
22	40924368
22	41164135
22	41169521
22	41584544
22	41650892
22	41657037
22	41716062
22	41781822
22	42019354
22	42020003
22	42087055
22	42516011
22	42595537
22	42596353
22	42627689
22	42831549
22	42847515
22	43069825
22	43530965
22	43608561
22	43667099
22	43667163
22	43772921
22	43782267
22	43927030
22	43927168
22	43934627
22	43972343
22	43999638
22	43999674
22	44093926
22	44285423
22	44572038
22	44845329
22	45361838
22	45417599
22	45531321
22	45740360
22	45793656
22	46198344
22	46256758
22	46257329
22	46258473
22	46259779
22	46261212
22	46275381
22	46284032
22	46285279
22	46292789
22	46343260
22	46350468
22	46352276
22	46687187
22	46711085
22	46720901
22	49913384
22	50050193
22	50068503
22	50092186
22	50108849
22	50120616
22	50159786
22	50224256
22	50255196
22	50258238
22	50314274
22	50556297
22	50569336
22	50569571
22	50569576
22	50572870
22	50576079
22	42129180
