19	4993950
19	4985824
19	8849237
19	4987736
19	14818515
19	8842775
19	8842875
19	8842975
19	8843075
19	8843225
19	18919658
19	16338706
19	5099088
19	30501732
19	57595255
19	58077482
19	12759977
19	45405792
19	5593627
19	52213979
19	32862155
19	35489930
19	3968607
19	21638735
19	19329619
19	49115521
19	12937794
19	21489612
19	52615025
19	32195740
19	29130984
19	58016935
19	51846246
19	17984442
19	57510336
19	37582366
19	58308340
19	57472089
19	5336378
19	27742283
19	12231362
19	24246641
19	2867719
19	18459344
19	31589924
19	56381263
19	2822047
19	49070181
19	16422246
19	5155297
19	18342314
19	48077885
19	30345341
19	267039
19	16616318
19	31438387
19	4049552
19	12301460
19	15631563
19	30910848
19	23910166
19	18848743
19	1707527
19	46384310
19	21475243
19	14867472
19	28406394
19	56534638
19	46284763
19	28020527
19	54293995
19	35578730
19	19997730
19	18260966
19	18318070
19	14443183
19	36862889
19	54451197
19	12405336
19	7626579
19	17436046
19	29624382
19	7199928
19	54986475
19	22096739
19	56239306
19	16463697
19	24020617
19	3874606
19	24070056
19	22848273
19	8541891
19	8609002
19	53635905
19	31578351
19	28326031
19	50866719
19	28946400
19	23887495
19	53689098
19	17543611
19	18960613
19	24158059
19	5650340
19	54445076
19	22622854
19	23458781
19	18097638
19	15674832
19	57886107
19	56298749
19	28295750
19	55216143
19	44825957
19	19546691
19	3637382
19	5010036
19	16364577
19	1546181
19	57408950
19	11403890
19	13086938
19	42521018
19	28326234
19	6047952
19	23969933
19	14726279
19	7665242
19	55553761
19	31271547
19	55262222
19	13278563
19	12992824
19	19078507
19	28163710
19	11647148
19	28282995
19	11670717
19	24145831
19	21803490
19	54554248
19	23498055
19	13586223
19	57216360
19	10575447
19	16308554
19	23541960
19	10055699
19	14747079
19	28130344
19	8878419
19	13082189
19	22912254
19	56540196
19	27927886
19	28038054
19	28555394
19	10729525
19	12169521
19	32803176
19	27981435
19	56650920
19	20328533
19	6394899
19	21752089
19	10422343
19	11465982
19	28733765
19	23565477
19	57983297
19	28964909
19	4537001
19	28418522
19	28777149
19	12012019
19	1081618
19	23987681
19	18531496
19	57581676
19	30585176
19	12526008
19	14883533
19	24191617
19	35278046
19	1691726
19	7540385
19	18861199
19	47968165
19	12536828
19	53155630
19	7063361
19	56173455
19	48179522
19	28393703
19	3342308
19	48248551
19	28342365
19	10776950
19	5364595
19	27819153
19	9654690
19	53148640
19	20079332
19	33237095
19	13964147
19	23775135
19	30379788
19	14390814
19	6097140
19	24170978
19	56628187
19	23377249
19	20652173
19	21775063
19	57715816
19	34060011
19	28387796
19	2249113
19	23471642
19	19228476
19	12339911
19	28199652
19	54463135
19	52614556
19	24155480
19	21900420
19	35345867
19	14169820
19	22054999
19	16140104
19	31431981
19	14208746
19	29786004
19	4530249
19	53291605
19	45858349
19	28737149
19	4500193
19	27725123
19	57415118
19	41516072
19	17579773
19	11522391
19	17809949
19	23958290
19	624196
19	6110853
19	23363333
19	56968114
19	38445308
19	41447525
19	20787561
19	53277713
19	22322834
19	43941664
19	28327096
19	2731529
19	14864228
19	57568291
19	482984
19	52784848
19	1972215
19	15806200
19	7974842
19	30234227
19	41688906
19	9454306
19	11747669
19	419407
19	45653746
19	2358777
19	23982900
19	34511870
19	56450636
19	30397003
19	27730566
19	32514997
19	638399
19	45911370
19	19188726
19	39570710
19	23350726
19	28405965
19	15179196
19	28168717
19	12073970
19	22897096
19	30327006
19	23586571
19	15187459
19	57878435
19	7097478
19	3361997
19	8155349
19	10939914
19	52611014
19	57160293
19	32117439
19	53572063
19	6145553
19	34044602
19	28040267
19	39056320
19	20624018
19	4056348
19	16544997
19	9097510
19	57704099
19	288246
19	13521569
19	37794471
19	7281201
19	16495259
19	22329675
19	56554644
19	6106452
19	19800205
19	23984702
19	8308894
19	28296893
19	44518638
19	31048357
19	17296606
19	2726201
19	1756940
19	21088841
19	57285310
19	31263813
19	31339707
19	23206740
19	9731199
19	52501754
19	5914526
19	28306668
19	28106708
19	44097384
19	7863576
19	1917926
19	17718799
19	27975813
19	27754204
19	15842433
19	29552006
19	2917614
19	57279603
19	20372008
19	53793980
19	23779366
19	4622368
19	53383939
19	10032406
19	55697652
19	8698550
19	5358617
19	18495456
19	58004862
19	9425527
19	19925367
19	32184501
19	4735651
19	27825271
19	16409592
19	8875281
19	4325330
19	23222994
19	13492506
19	47807285
19	8107797
19	29481323
19	2617424
19	11062453
19	12973812
19	55593795
19	53414255
19	7273980
19	29615062
19	53545697
19	23993597
19	23994453
19	14256326
19	24185732
19	36952024
19	56681976
19	670828
19	27757505
19	24215717
19	15986265
19	2853568
19	38415043
19	9690014
19	30423504
19	32543283
19	23788004
19	1225643
19	23897536
19	42698618
19	31795260
19	19207349
19	5975169
19	48004463
19	24132995
19	7367290
19	54433994
19	16095207
19	21101695
19	28189581
19	33580875
19	2699587
19	56746715
19	58367466
19	28152279
19	53052792
19	24133135
19	29433106
19	19485308
19	9323006
19	3274606
19	23472958
19	27927499
19	44952331
19	7923112
19	8387995
19	2334539
19	431187
19	19074616
19	53694379
19	6246152
19	41767097
19	2106697
19	53737727
19	20345930
19	20548739
19	9462804
19	7227860
19	23474601
19	17630238
19	20997981
19	12835265
19	4566417
19	22495879
19	20376058
19	29035679
19	34551726
19	24055649
19	8589470
19	51624491
19	43015290
19	56734941
19	35376377
19	14951411
19	31467999
19	22553771
19	57892792
19	1313764
19	27921063
19	22946619
19	38053991
19	57620208
19	13555167
19	30813448
19	9757728
19	14712136
19	10037688
19	28163634
19	4752750
19	23958804
19	19133034
19	50706692
19	55153902
19	31689093
19	16450785
19	46698561
19	2534535
19	39615748
19	51485026
19	16834394
19	14577913
19	23578711
19	9752807
19	56726206
19	23998114
19	10043997
19	9488358
19	14519664
19	20092690
19	5371388
19	13894805
19	24290166
19	13013088
19	23992651
19	24033416
19	23834154
19	23661654
19	13322478
19	28319348
19	52660919
19	19394278
19	17401603
19	5233161
19	14874024
19	941603
19	10737205
19	10516646
19	34535891
19	9628077
19	2058332
19	13639804
19	6002277
19	16935381
19	5249026
19	57153977
19	37126707
19	2505739
19	2572668
19	56522260
19	8031274
19	16526198
19	15095850
19	28252299
19	29340742
19	31738312
19	45869609
19	29559659
19	6629198
19	28648016
19	49700296
19	4212348
19	57439009
19	57665940
19	28014993
19	20254706
19	11665000
19	17856647
19	31674676
19	6313404
19	3036352
19	23780313
19	17878611
19	9762231
19	10061840
19	24248459
19	39038292
19	4019401
19	28561396
19	8991639
19	57420185
19	15197257
19	23780371
19	12779334
19	29699751
19	19316767
19	14983322
19	28622324
19	55410211
19	20248023
19	23994604
19	4647219
19	9344714
19	10608594
19	49856789
19	22384342
19	6100422
19	53795322
19	53399360
19	17944042
19	18984382
19	23898005
19	7255870
19	57243687
19	16276889
19	28174297
19	17739380
19	6366470
19	29034904
19	46426768
19	20995436
19	30656961
19	13044591
19	11229566
19	28365247
19	29233606
19	8994295
19	22427868
19	9284908
19	31347472
19	29465701
19	56367767
19	50570275
19	42961019
19	57700162
19	27526177
19	9295299
19	54647715
19	19876682
19	18293338
19	55228445
19	11761592
19	28420433
19	4280189
19	13433992
19	13871192
19	48586307
19	22841833
19	13921949
19	16112477
19	56999653
19	24156851
19	35175345
19	19193746
19	17678600
19	1038446
19	15089345
19	56516237
19	5037072
19	4724057
19	13673401
19	52201708
19	23305504
19	23546147
19	18797572
19	53965814
19	9617674
19	28095954
19	56102078
19	1560833
19	53958819
19	17921427
19	29277558
19	19069139
19	20114458
19	28325271
19	17454361
19	56670599
19	11512337
19	14620874
19	56691556
19	30863316
19	4605227
19	45844284
19	28325333
19	23253957
19	23929975
19	31870303
19	57466362
19	12180795
19	6340452
19	21747083
19	4471800
19	49486167
19	28557718
19	19862643
19	54901475
19	9829155
19	16037918
19	1070992
19	3171567
19	13394012
19	36524985
19	8469041
19	5897599
19	9923070
19	17345414
19	57253402
19	43820665
19	42693883
19	478060
19	13561079
19	14989127
19	57145689
19	13459841
19	21073443
19	31469154
19	36474174
19	31256122
19	9735954
19	23776873
19	14546233
19	33172283
19	50582841
19	28408455
19	57746069
19	27355431
19	31088898
19	10186905
19	17612048
19	12042180
19	56899993
19	55355669
19	3379048
19	57767061
19	19387692
19	588516
19	9185449
19	44686060
19	39911014
19	8526035
19	31749403
19	27869563
19	51735579
19	35666265
19	9612747
19	13033248
19	45222848
19	35106311
19	53507505
19	11147104
19	27989885
19	23437162
19	4585159
19	28163364
19	12749452
19	56600806
19	1353988
19	10694794
19	4541499
19	12351308
19	35066356
19	11105170
19	31274373
19	2585542
19	22170054
19	1214409
19	54616885
19	5296936
19	27880768
19	12110885
19	31353088
19	23571511
19	9365877
19	14858410
19	1624528
19	24231340
19	18707093
19	27960122
19	55006052
19	54713465
19	54101539
19	27342898
19	29437946
19	57114980
19	55724171
19	12516526
19	31273945
19	14482338
19	27684371
19	30566442
19	53604423
19	3475913
19	23200188
19	21957533
19	12201388
19	19199718
19	45871149
19	6055934
19	8850608
19	3418558
19	27990600
19	12508957
19	18978172
19	27837845
19	56635562
19	23641709
19	58432767
19	51474218
19	5624818
19	28262163
19	55793241
19	17238683
19	10217136
19	54653875
19	29739342
19	45136866
19	57055119
19	19234690
19	6205814
19	53037087
19	3594846
19	27838194
19	28981910
19	9945709
19	28104210
19	52922676
19	16630934
19	28095811
19	13906887
19	8404592
19	28939409
19	28041480
19	23773750
19	2549203
19	56801612
19	39399051
19	54478080
19	14837744
19	21070213
19	33486490
19	9499637
19	27921550
19	27582007
19	6352925
19	28401807
19	29225362
19	14059611
19	57728541
19	12093937
19	2573503
19	23773955
19	32914190
19	23819748
19	31709362
19	11650008
19	28549138
19	20969561
19	7205229
19	23305644
19	1630404
19	14831812
19	22494376
19	5214105
19	8047098
19	12077451
19	16272041
19	54340652
19	31781693
19	23458629
19	7522487
19	22537846
19	10762687
19	28049428
19	9632925
19	23519098
19	37872152
19	19529245
19	15775274
19	17896268
19	43089269
19	56495484
19	3962371
19	21975365
19	32194244
19	54641641
19	23965781
19	12366394
19	50919621
19	23313477
19	58524906
19	46171927
19	15159854
19	52949516
19	57082333
19	3321818
19	8108544
19	13774210
19	24004764
19	48048152
19	10316570
19	18178088
19	4251072
19	28394686
19	1095515
19	3750617
19	35169643
19	416963
19	48061670
19	56199832
19	4466110
19	21710812
19	17076708
19	8536888
19	6470059
19	1481482
19	24163222
19	27825364
19	27920587
19	28123786
19	28301989
19	29577986
19	30965149
19	31041991
19	31107364
19	34191108
19	55871728
19	27898221
19	7267486
19	15049170
19	15748902
19	30537759
19	7716549
19	57983691
19	30677108
19	29594238
19	23872279
19	31512762
19	34908502
19	7112582
19	53109736
19	53109504
19	8521202
19	55087356
19	13954676
19	974967
19	16040413
19	51855916
19	53577745
19	42087332
19	44647342
19	5142806
19	33387292
19	50856840
19	15661423
19	18938389
19	42868234
19	44919304
19	35713788
19	4365400
19	18274140
19	18664267
19	38804129
19	53212937
19	30788677
19	12852329
19	31310224
19	55581325
19	18274404
19	56703805
19	58048417
19	45349272
19	29429134
19	29505972
19	50803691
19	51263143
19	29645241
19	51663582
19	29765571
19	54468529
19	33392342
19	1163935
19	1533738
19	391296
19	3912953
19	4965053
19	18652786
19	20230840
19	21352290
19	23669272
19	8902679
19	13173789
19	14890830
19	15483253
19	58084309
19	19177119
19	7781909
19	13748453
19	12030712
19	20184337
19	38252951
19	28137890
19	293934
19	3817896
19	536878
19	28259578
19	28345419
19	28385094
19	38689294
19	39101692
19	40669244
19	28751511
19	43142978
19	43404463
19	43688323
19	28898080
19	46279024
19	46423410
19	46616653
19	47832931
19	48229560
19	51246983
19	51659463
19	57011995
19	52460397
19	52854658
19	52859777
19	29856162
19	53977896
19	54530907
19	55573581
19	30106600
19	55957814
19	56180202
19	56305666
19	29290595
19	30386906
19	30867142
19	31269060
19	31323812
19	31524798
19	31614073
19	32170850
19	27736059
19	33391316
19	33831232
19	34791277
19	28005146
19	35167825
19	35432956
19	36170987
19	28230983
19	1922600
19	2660941
19	2969569
19	3009222
19	3372516
19	3440082
19	3446109
19	3890643
19	3895148
19	513350
19	4781091
19	4812991
19	4951434
19	5037404
19	5238158
19	601532
19	5481289
19	5711919
19	18748870
19	19714041
19	20286746
19	20367726
19	20985948
19	21094617
19	21522243
19	21696550
19	21762384
19	22243718
19	22430427
19	23610468
19	23746453
19	23790549
19	23791518
19	23840001
19	24037357
19	24122637
19	10491504
19	10714239
19	10816864
19	10850597
19	10954733
19	11017920
19	12890733
19	12896644
19	13063498
19	13601552
19	14655772
19	14690354
19	14993298
19	15390486
19	15423585
19	15974786
19	16191276
19	16915638
19	16930362
19	18121944
19	18299565
19	18409421
19	6574299
19	27747662
19	34623673
19	27884014
19	28077607
19	34652186
19	12720836
19	14917370
19	53059015
19	8507045
19	7879964
19	8098412
19	39683479
19	55368504
19	8056485
19	53163407
19	12661276
19	5273560
19	53065998
19	14092730
19	7935116
19	875389
19	31216348
19	6716075
19	56789516
19	644457
19	15056186
19	38897189
19	17658009
19	27672540
19	44900155
19	3786826
19	51064053
19	19642124
19	28998704
19	29523126
19	17469898
19	29602308
19	20244253
19	14923280
19	48206940
19	8896564
19	14320898
19	17496760
19	56076730
19	18881710
19	23999765
19	54872485
19	16124236
19	3424759
19	12383321
19	56107321
19	21054552
19	9799044
19	55645585
19	39749394
19	10480008
19	47155063
19	18123778
19	17379204
19	29789660
19	52098146
19	2328282
19	2953089
19	30101133
19	52170148
19	54208113
19	53436437
19	17479472
19	9000303
19	23952592
19	28221223
19	48009464
19	54524929
19	15464990
19	17981633
19	54672893
19	30367177
19	8220723
19	1744204
19	41025463
19	5421951
19	52764253
19	23351388
19	17969399
19	28036141
19	46444986
19	5032976
19	23779289
19	4823677
19	14672495
19	51585165
19	12908740
19	23776036
19	8411432
19	3918723
19	34661486
19	23330465
19	45864445
19	58426270
19	44876534
19	20932860
19	28361557
19	27840665
19	15682114
19	7177442
19	51756318
19	17441497
19	19219744
19	15232400
19	58461774
19	22242813
19	1991397
19	57264948
19	23074405
19	57353120
19	23906941
19	55322092
19	13581788
19	19421101
19	7717743
19	58361695
19	53773946
19	18671217
19	13092925
19	29142318
19	18520281
19	2444365
19	53443358
19	48088123
19	28155453
19	46534363
19	28127789
19	18635712
19	30228118
19	21152389
19	30931886
19	30520378
19	7251831
19	14968292
19	54093314
19	14822335
19	14910220
19	21228023
19	28113798
19	23771985
19	14722252
19	10981463
19	24153957
19	1661256
19	31471390
19	4460275
19	20951753
19	30626823
19	23559106
19	20480508
19	29401390
19	9792394
19	9017733
19	1297234
19	54391812
19	31702317
19	11111624
19	14054525
19	35303872
19	630833
19	49060867
19	999674
19	22984111
19	14336788
19	7069525
19	2014038
19	29676830
19	11862741
19	55910409
19	31833196
19	23884154
19	8846526
19	45644979
19	28006184
19	9911153
19	4525205
19	10436095
19	56977014
19	15939350
19	27492743
19	48035001
19	4674787
19	14274123
19	15258243
19	15719658
19	23754399
19	56663694
19	23210484
19	18544405
19	18836587
19	44518663
19	54270639
19	23389899
19	23654343
19	39271150
19	711637
19	56350563
19	29503815
19	16856927
19	54034895
19	5931288
19	14541466
19	12332627
19	54310934
19	17356371
19	56807306
19	11159050
19	3811152
19	27875747
19	562292
19	22180880
19	29403828
19	58406970
19	4705496
19	23909965
19	34647351
19	11827447
19	28220598
19	38342710
19	9378778
19	58237485
19	4304501
19	21837968
19	13563425
19	41068218
19	6501987
19	19866267
19	22749748
19	28784141
19	37948722
19	17997183
19	29443918
19	29775695
19	41042185
19	55280012
19	18829145
19	18475949
19	17651745
19	53661237
19	8373832
19	15727059
19	1393764
19	53330459
19	57166826
19	3676509
19	8885177
19	31560451
19	55692156
19	9391911
19	28325614
19	23729113
19	17447418
19	45676926
19	23981519
19	33599026
19	55267754
19	5092439
19	47728989
19	618159
19	10146234
19	29741198
19	39151229
19	45298693
19	10160465
19	3511711
19	54871595
19	48291117
19	30353182
19	1750448
19	53919195
19	56608066
19	24136094
19	27650714
19	43979542
19	57226926
19	18868515
19	51678545
19	52933084
19	41707388
19	53648107
19	58064990
19	5080636
19	22061070
19	57049598
19	55477837
19	24187632
19	3464976
19	4506903
19	46925711
19	16106297
19	54949661
19	48030811
19	19119673
19	49235225
19	14486283
19	56624302
19	13076318
19	20203607
19	35377871
19	10854594
19	23970243
19	11209302
19	55287197
19	5512800
19	17387403
19	21133843
19	6799093
19	31505882
19	45373709
19	39147399
19	1290236
19	4729809
19	1185925
19	6996498
19	46069504
19	15244184
19	53134782
19	14597332
19	24040657
19	4328047
19	28201865
19	48009377
19	1893465
19	3884714
19	11723480
19	39220263
19	11626797
19	38889266
19	47724442
19	29509738
19	52044172
19	13470555
19	10402235
19	27948543
19	10961934
19	7652159
19	51886374
19	39141240
19	5759220
19	6088670
19	28239331
19	29035796
19	28419464
19	21793930
19	54612271
19	19442957
19	53241587
19	3278208
19	20268402
19	11426557
19	11534191
19	21169514
19	57535502
19	15262900
19	19662047
19	20886284
19	28344532
19	7355337
19	51403314
19	6074699
19	31641578
19	4897469
19	7407155
19	6222342
19	10168169
19	12874705
19	28374791
19	43940264
19	4335559
19	5201789
19	55459975
19	54921161
19	2983628
19	4636934
19	57988903
19	17259381
19	27840000
19	12470249
19	1135486
19	2650036
19	44595103
19	18348296
19	10881151
19	23973199
19	16185238
19	9810663
19	3084946
19	32902147
19	24040212
19	38538561
19	17703981
19	31384724
19	23525993
19	39244283
19	56888475
19	13070049
19	34104785
19	15942440
19	39458139
19	23752196
19	20235984
19	13680633
19	31680725
19	9699362
19	8013958
19	55995051
19	4879081
19	44902674
19	6257107
19	2230801
19	21581667
19	48785631
19	1487808
19	33041765
19	56594358
19	54228477
19	24059150
19	22709534
19	55715799
19	30725635
19	8446280
19	23761837
19	53438780
19	1182416
19	35540496
19	12489878
19	27636293
19	8949865
19	16752252
19	8481004
19	1814744
19	17407209
19	8909535
19	28307323
19	8531737
19	10552030
19	752878
19	23351706
19	40151602
19	11717595
19	28616198
19	45430235
19	7401047
19	24004533
19	1620999
19	8422000
19	31076638
19	12809024
19	20759623
19	14771309
19	10662390
19	2689346
19	55255845
19	58336132
19	12773943
19	28827629
19	54714111
19	24004606
19	24004661
19	12944801
19	42172329
19	19634670
19	9558792
19	20940436
19	11048849
19	839158
19	47995307
19	12103770
19	19835828
19	58536944
19	35785865
19	21007772
19	21738688
19	28362126
19	57043964
19	28518034
19	13109362
19	23482432
19	17663703
19	58202868
19	30268887
19	35532830
19	23775490
19	28103299
19	37576988
19	384724
19	12023201
19	44429772
19	28362360
19	23685852
19	29422788
19	30308637
19	22520001
19	22526834
19	57683020
19	8141864
19	28169229
19	3143241
19	46035067
19	53700754
19	968851
19	2763491
19	18387093
19	21892902
19	28331789
19	45327689
19	52563604
19	28364870
19	28365400
19	20005832
19	1341510
19	52963419
19	20602055
19	37226455
19	44136776
19	44263413
19	45467837
19	29618288
19	20743128
19	17060075
19	31839123
19	3938784
19	28158081
19	20262091
19	4035025
19	20279680
19	28445690
19	2224388
19	22814505
19	57900550
19	28302450
19	57908290
19	33446416
19	12623050
19	44473892
19	1932799
19	8090289
19	18385685
19	30096689
19	276245
19	10748832
19	16532950
19	31519137
19	45903440
19	19018864
19	28324111
19	8564616
19	8406563
19	52410980
19	1848958
19	1599870
19	29081392
19	53166239
19	8066356
19	28132037
19	31282667
19	8116153
19	23552876
19	17050083
19	10998315
19	425559
19	30374537
19	53172468
19	35986953
19	3645949
19	15936948
19	30671214
19	16578828
19	32128463
19	47422238
19	4677205
19	31278857
19	21836331
19	16597154
19	13646849
19	3072861
19	53102783
19	16203113
19	2838886
19	31479858
19	55501711
19	18760403
19	13331247
19	47669414
19	15701685
19	5546121
19	23577610
19	34061988
19	16863730
19	16582794
19	13220929
19	2082583
19	1788248
19	51655026
19	4923723
19	46231749
19	24068026
19	28319269
19	2416379
19	5936678
19	23785518
19	16326237
19	31139544
19	16583799
19	53205272
19	15013186
19	4359528
19	16475511
19	16469234
19	47801488
19	37306676
19	23710469
19	3099105
19	50438432
19	13667028
19	9050865
19	56008631
19	43298138
19	10688946
19	45966153
19	39778833
19	32140566
19	18286978
19	20961124
19	441457
19	34110031
19	4774565
19	36067211
19	57651769
19	55203722
19	57689129
19	50216008
19	28409231
19	32773442
19	23702773
19	20897501
19	15409725
19	8095450
19	12136916
19	29580510
19	18266951
19	14017983
19	53259284
19	13238284
19	2100347
19	4352397
19	23327357
19	1271275
19	20710193
19	22596567
19	22296204
19	6359790
19	2463683
19	10586528
19	18563247
19	23496663
19	11023151
19	45494089
19	35377823
19	29757400
19	2682864
19	14307976
19	21031202
19	49726387
19	46801157
19	55076454
19	39570008
19	44045143
19	5612359
19	4774202
19	5226997
19	3458338
19	11288515
19	15867831
19	10070119
19	6808645
19	28039339
19	12283126
19	12221748
19	32120810
19	23991578
19	53610897
19	8615321
19	23294843
19	30489060
19	4717660
19	10238442
19	5559819
19	19456437
19	38275182
19	10974318
19	9178363
19	29428521
19	10323504
19	3779936
19	7451357
19	33350705
19	28153844
19	56782463
19	31359141
19	30683548
19	51795323
19	55343021
19	13831773
19	3252865
19	24190281
19	49936462
19	23440257
19	48749732
19	13244819
19	8674646
19	11277755
19	520131
19	1855332
19	58454293
19	4615831
19	23571418
19	23121270
19	3494315
19	28119873
19	11143224
19	58347310
19	58341997
19	33300221
19	18842526
19	28424275
19	56456945
19	27780495
19	28060334
19	15144415
19	10365586
19	10352481
19	10378515
19	10359299
19	50983811
19	55000769
19	53519471
19	15640756
19	15641327
19	49832615
19	53642699
19	27635661
19	36267237
19	38034165
19	14848487
19	19100050
19	15551065
19	31283741
19	28413414
19	23460721
19	45332725
19	3952063
19	17002191
19	6990691
19	17414505
19	12088940
19	9091700
19	11851818
19	55306169
19	1966431
19	14841426
19	15018372
19	21691615
19	11593790
19	15172343
19	4575739
19	54512578
19	16314202
19	23308181
19	17709596
19	22684903
19	55298748
19	10267209
19	24118008
19	23683466
19	27813614
19	9262812
19	13208398
19	41864559
19	5267718
19	21702609
19	10719605
19	45877352
19	54264111
19	47761732
19	12412475
19	58513273
19	30890379
19	2384106
19	15755722
19	47842671
19	52874480
19	22743163
19	5894573
19	30935597
19	28011593
19	4396861
19	3572185
19	27990002
19	2377123
19	24028371
19	13099506
19	54543645
19	1771583
19	29010633
19	18159261
19	13970652
19	57558872
19	8170890
19	30819911
19	52370887
19	29162491
19	2566320
19	28870579
19	12988466
19	30820111
19	38253322
19	11348584
19	23517910
19	23877153
19	38628854
19	28821394
19	9746309
19	18063567
19	6579778
19	57574828
19	19170622
19	44631121
19	13361205
19	20017580
19	1232559
19	43873517
19	28146671
19	6014621
19	4711799
19	57472822
19	23530177
19	28314692
19	24003851
19	6984293
19	52891906
19	21909456
19	27709380
19	8847838
19	13201977
19	5785438
19	10842927
19	7413099
19	8940951
19	58190683
19	29711460
19	23114991
19	19582490
19	53429042
19	41058512
19	17692008
19	10580647
19	20732646
19	17023349
19	41250133
19	4340745
19	28405119
19	52680951
19	28436536
19	2363874
19	17771739
19	35398527
19	30601189
19	13520691
19	46471049
19	30339007
19	23409021
19	22909109
19	41694640
19	4590865
19	33575986
19	9890249
19	4764294
19	6641331
19	30129856
19	10968379
19	21419855
19	17723950
19	575942
19	20595990
19	23306598
19	27860644
19	15712777
19	56399620
19	7803829
19	7566001
19	16134457
19	31035696
19	15951032
19	23314472
19	2181608
19	30524531
19	16235365
19	50501497
19	17599563
19	1960032
19	17799027
19	11199195
19	21941038
19	20926978
19	49694149
19	13707838
19	418769
19	28314934
19	28105486
19	31543739
19	23787843
19	8110711
19	7287728
19	56768023
19	14872732
19	13138042
19	8983546
19	44505925
19	18330279
19	14432654
19	22132879
19	27669006
19	31953595
19	44600310
19	17260759
19	44908002
19	36834924
19	31145389
19	17005785
19	461431
19	24256192
19	8928430
19	57107701
19	3412059
19	13535434
19	35777569
19	2346884
19	29869209
19	1869095
19	23215946
19	6606736
19	22288354
19	14343309
19	11003676
19	28362697
19	10313199
19	2325173
19	23787938
19	7960607
19	54573045
19	56064132
19	4872410
19	30239788
19	21855450
19	28059103
19	53229337
19	19956599
19	18021731
19	16247922
19	38662268
19	28000835
19	11186957
19	30819661
19	30090900
19	19112260
19	31082574
19	23620856
19	8934842
19	28460661
19	17460329
19	10261251
19	13575448
19	21627778
19	13299421
19	53114565
19	56732602
19	20904718
19	5382461
19	40934109
19	54120169
19	22732073
19	23973447
19	51790844
19	23658380
19	5382612
19	17168942
19	30775823
19	15614613
19	8858391
19	51930214
19	52249551
19	57021805
19	29090188
19	54537144
19	5342610
19	28424326
19	28214373
19	29389800
19	19910237
19	14262060
19	20973591
19	35171884
19	28282465
19	56001882
19	8353029
19	28244087
19	9057910
19	13997455
19	9707353
19	17776754
19	751553
19	16015146
19	14449425
19	20682360
19	31284664
19	4224884
19	17848203
19	23516734
19	53912731
19	29745156
19	21780573
19	19541048
19	22759874
19	6460253
19	31731507
19	28505325
19	11539642
19	54213432
19	368540
19	1407207
19	29194386
19	28916713
19	7244222
19	23896658
19	31189824
19	31202486
19	30745588
19	50889862
19	55818381
19	52438287
19	48060277
19	56925028
19	23896708
19	29112202
19	28958117
19	24189100
19	28322590
19	52466824
19	9959824
19	43789204
19	31327486
19	3762700
19	51236512
19	21558130
19	51062974
19	29824205
19	28905720
19	30422191
19	30429772
19	52003732
19	11131982
19	56949735
19	39570654
19	17933791
19	9447965
19	55981618
19	56553820
19	16957714
19	55423817
19	40529005
19	3136847
19	20870118
19	12828978
19	8238766
19	8224635
19	21491703
19	4720511
19	28529511
19	27776135
19	2670295
19	9007643
19	45086337
19	29083930
19	21034405
19	15919648
19	31249838
19	30792747
19	3679742
19	27954774
19	28394591
19	56759010
19	9234999
19	13505246
19	22882467
19	58178467
19	23108243
19	46658945
19	50868163
19	21519238
19	37332909
19	13841016
19	33538792
19	33541570
19	1657282
19	6240040
19	8242299
19	15665975
19	33934550
19	3822711
19	45805945
19	57546878
19	14977214
19	2480624
19	27719864
19	29027962
19	51502415
19	10107354
19	28420672
19	1302461
19	1308058
19	5314985
19	4698036
19	56811907
19	56283276
19	29374406
19	16566478
19	18402122
19	12564245
19	10730373
19	12064568
19	19357925
19	18147788
19	10092495
19	58182503
19	49442593
19	27522121
19	20616913
19	8810810
19	31851928
19	15960080
19	28073067
19	58136992
19	8977341
19	58150214
19	58036081
19	55921837
19	13286746
19	13262663
19	13252968
19	31195181
19	13230223
19	11435188
19	8972751
19	55025227
19	54666689
19	20131465
19	6893735
19	52575388
19	36999474
19	20209445
19	35204297
19	21924149
19	21919701
19	21903338
19	6722624
19	2803229
19	37966183
19	36993747
19	10018586
19	7598882
19	41162098
19	54060621
19	53006446
19	7839411
19	52479598
19	50262699
19	865835
19	20218828
19	38033670
19	38064085
19	38096081
19	55013445
19	55038390
19	55059206
19	55066696
19	55070143
19	54992419
19	15515292
19	54861907
19	48421706
19	44548749
19	44542365
19	53013410
19	52974856
19	1475392
19	34337762
19	31012372
19	36978196
19	34314592
19	55082312
19	55053671
19	55043031
19	11477590
19	39109332
19	50449796
19	56013676
19	49768245
19	23085152
19	21329980
19	6754763
19	3165897
19	13825038
19	859214
19	869037
19	910742
19	35121009
19	35122719
19	3126334
19	3030170
19	22451796
19	29875945
19	28291125
19	28573533
19	28584267
19	28863001
19	28969333
19	29099796
19	29129222
19	29188291
19	29447999
19	29574048
19	29683158
19	29849817
19	30144009
19	30619326
19	30662756
19	30695870
19	30702828
19	30711346
19	30755948
19	30895170
19	30958964
19	31063229
19	31172562
19	31241193
19	31321266
19	31372063
19	31607722
19	31619738
19	31667558
19	31695702
19	31775028
19	32867621
19	27893795
19	28061843
19	28149326
19	28199984
19	28207135
19	28207815
19	37154556
19	39554696
19	40144095
19	40407632
19	42089564
19	37830174
19	12878480
19	12884589
19	12923231
19	9223396
19	13292940
19	13529291
19	13713144
19	14348784
19	45531253
19	9385883
19	14853868
19	45873360
19	15064142
19	15165928
19	46352876
19	15734237
19	15763020
19	15945422
19	16146193
19	16430774
19	16655893
19	49805346
19	49853907
19	16968471
19	48252010
19	18470204
19	53002607
19	53563035
19	53784763
19	55327808
19	56038144
19	56292221
19	56508656
19	56561175
19	56753250
19	57088293
19	57123716
19	57820947
19	57993872
19	530556
19	2751221
19	3293117
19	3624808
19	3901545
19	4164477
19	4480754
19	4559462
19	4837489
19	6035610
19	6071423
19	6174914
19	6180545
19	6187646
19	6882419
19	6957866
19	7142988
19	13132490
19	14374588
19	9306073
19	18311821
19	19001956
19	19084795
19	19143362
19	19254591
19	19516501
19	19572541
19	19595479
19	19609979
19	9872134
19	21678198
19	21934351
19	22721097
19	22614973
19	22589845
19	10180505
19	24055762
19	23443186
19	23445080
19	23560284
19	23999662
19	24166236
19	10989099
19	11653225
19	9109065
19	9126587
19	12314455
19	9132582
19	50971287
19	41137475
19	12173072
19	45361744
19	5254959
19	7484395
19	7587428
19	7592214
19	8026656
19	8261982
19	8548030
19	15557567
19	4945238
19	1503965
19	16646345
19	50812568
19	8083417
19	24056040
19	24058822
19	24059854
19	49452696
19	9534534
19	57060957
19	33578830
19	14799842
19	11093951
19	11100489
19	11132033
19	37693361
19	11087511
19	7184790
19	20107135
19	20133561
19	50401785
19	24057983
19	32838238
19	48859735
19	53618421
19	54000229
19	44544328
19	14877890
19	37222082
19	16992076
19	48217669
19	6095420
19	9148740
19	11030027
19	24058103
19	54201773
19	54291483
19	57138533
19	50018074
19	27755834
19	30559215
19	3160387
19	2790396
19	2815739
19	2784680
19	4635390
19	4971550
19	8843412
19	21143555
19	3797614
19	21001727
19	11601716
19	22041953
19	22241616
19	23312596
19	54675793
19	23988064
19	23989961
19	31293689
19	32179085
19	29795915
19	54415075
19	33354692
19	30723659
19	30842608
19	31184450
19	45103881
19	29538529
19	1539268
19	30318574
19	30738146
19	11010261
19	11192878
19	24171510
19	27889250
19	27929588
19	27969641
19	28301796
19	21271870
19	21263393
19	32201927
19	30848714
19	16344962
19	16351606
19	45128558
19	17789077
19	17927973
19	40498168
19	51081153
19	51553391
19	3757015
19	11183133
19	20199308
19	741758
19	19474160
19	2833564
19	29155013
19	27926097
19	27928995
19	27930698
19	28153752
19	23307075
19	28302640
19	29302469
19	32634149
19	51767689
19	51820963
19	10708499
19	11233119
19	19720735
19	55416127
19	6951556
19	12373771
19	12380965
19	13005358
19	13415237
19	15619290
19	17525731
19	24039725
19	28126474
19	28236122
19	28297565
19	28300224
19	51096525
19	51178709
19	32085715
19	34768143
19	11369962
19	39139895
19	16190289
19	18344015
19	23876474
19	43883668
19	41031793
19	46449377
19	47161694
19	51396493
19	8720448
19	3856646
19	28102258
19	32634577
19	20727047
19	23530232
19	24171831
19	52798424
19	27994328
19	28124222
19	34784564
19	52434086
19	43844767
19	44509907
19	21294629
19	28500385
19	32421716
19	33146013
19	33430636
19	33437415
19	51997362
19	54233134
19	12790697
19	18069586
19	18086816
19	48466622
19	7125286
19	18388428
19	53731903
19	34943334
19	23517728
19	28037399
19	24202893
19	28125271
19	28146573
19	23875394
19	44398849
19	23749045
19	9695016
19	23034295
19	31419458
19	28170017
19	28168580
19	28209716
19	28201359
19	28209787
19	28315002
19	47900226
19	21384558
19	23698708
19	28124809
19	28125953
19	28127446
19	28152182
19	28189916
19	28186736
19	28184360
19	30391628
19	44363443
19	28245417
19	28231225
19	28241487
19	28243171
19	28200700
19	55865208
19	23457993
19	23460628
19	47123808
19	21439163
19	52368961
19	24240631
19	35638086
19	21960537
19	19311378
19	18569056
19	28421312
19	28476668
19	3481652
19	55101601
19	56823654
19	20045394
19	10869677
19	29121448
19	28882566
19	13543205
19	13480958
19	13453873
19	46732458
19	20981593
19	47778915
19	54428863
19	34512340
19	58052375
19	12325760
19	6833766
19	7952934
19	12597164
19	17282206
19	41924615
19	3284502
19	31878085
19	50927903
19	22372052
19	4599160
19	39445494
19	54885488
19	2438121
19	1887432
19	21025273
19	51684730
19	55106040
19	17148018
19	16153136
19	44848489
19	31208823
19	51295318
19	1537468
19	15569712
19	51057210
19	44165536
19	35280479
19	8947011
19	27604904
19	44472854
19	24373659
19	23518731
19	21799550
19	22281161
19	55729899
19	50247240
19	23489124
19	31227583
19	23506220
19	20335048
19	21930395
19	38769830
19	40385074
19	10875995
19	11448881
19	4990535
19	4984340
19	21888479
19	9419394
19	17082741
19	33164238
19	9661182
19	53455009
19	22340776
19	3729044
19	54368469
19	21970335
19	23906239
19	21992764
19	32513295
19	29368257
19	30645992
19	23522974
19	23522737
19	23521456
19	23521255
19	38774563
19	28251366
19	9191318
19	48212012
19	27659768
19	20067036
19	57752631
19	19980893
19	9992907
19	21359004
19	58223307
19	46283869
19	19006786
19	17231855
19	23528487
19	21676192
19	45915628
19	33885113
19	22025949
19	52674505
19	15901802
19	21081530
19	2064620
19	19749686
19	57602403
19	57613597
19	18723314
19	27839631
19	56581001
19	4024022
19	23830925
19	14684737
19	17585880
19	56246280
19	22417744
19	32104132
19	19137298
19	650931
19	15111617
19	57291456
19	1961475
19	28373898
19	1712899
19	56719634
19	46077896
19	47786046
19	54502555
19	7204459
19	53123260
19	11254974
19	22070021
19	55939683
19	55872285
19	44974694
19	44453322
19	44452889
19	17991021
19	31023234
19	44957507
19	28492335
19	2976116
19	56675795
19	11546180
19	31456630
19	58114745
19	53308906
19	30496516
19	14738125
19	48151296
19	28346236
19	52179313
19	52418653
19	52379267
19	30593177
19	53407265
19	8137489
19	27990315
19	21276231
19	5533883
19	436690
19	52596156
19	11678200
19	46778905
19	38524814
19	2123517
19	11041974
19	15619223
19	36017490
19	35258660
19	57492790
19	15122770
19	1095582
19	2352641
19	2199352
19	1997730
19	3614138
19	18900435
19	18906763
19	2244073
19	3155904
19	1127877
19	1119020
19	56549204
19	18222463
19	38381896
19	5285559
19	18742743
19	44874210
19	44892362
19	6422877
19	28888816
19	20315194
19	15286349
19	15853393
19	57222640
19	19896011
19	20892165
19	9817368
19	7658575
19	57868524
19	29516728
19	23580717
19	46565431
19	28074864
19	14081252
19	53465129
19	21552159
19	21947509
19	27665758
19	48817750
19	9312940
19	23580577
19	40992443
19	14086937
19	21862326
19	2170765
19	27977301
19	2136516
19	41648308
19	51837473
19	27838683
19	2668613
19	46392490
19	17846500
19	13421662
19	34948686
19	33860870
19	9493075
19	55820569
19	55785242
19	7760218
19	36175265
19	20707492
19	52454671
19	21172670
19	11248808
19	23562555
19	10199716
19	3023672
19	8645443
19	4042925
19	24354596
19	16265335
19	31057245
19	14629631
19	23524606
19	22999578
19	21873357
19	28404348
19	28404431
19	28461152
19	13121181
19	28344664
19	33948230
19	2827302
19	20059405
19	24220245
19	27510779
19	13607172
19	17753643
19	3004794
19	12588963
19	48053756
19	52878176
19	38501538
19	10635088
19	28975232
19	342617
19	22242787
19	31303816
19	23012292
19	15620112
19	21966656
19	15848390
19	27958903
19	27962407
19	27978604
19	28467083
19	41495302
19	41597146
19	56706592
19	9237910
19	27888438
19	27888740
19	19971139
19	28857159
19	53142038
19	21130107
19	30417679
19	29493221
19	30624174
19	23560039
19	24209262
19	23983182
19	23966743
19	30873810
19	28033784
19	14825382
19	28466601
19	27923668
19	28316394
19	56391088
19	27888384
19	27895478
19	19912834
19	29321387
19	33042386
19	8947045
19	8949980
19	23521661
19	28745485
19	28005651
19	15927524
19	6262344
19	16888325
19	16894218
19	16899573
19	7698362
19	10156401
19	38499705
19	18218974
19	11576380
19	6709693
19	3982969
19	8403453
19	10085674
19	8305236
19	18323569
19	35712142
19	948358
19	962161
19	2146630
19	5261219
19	18599725
19	18853633
19	18863391
19	19147576
19	19225799
19	18833216
19	45518256
19	46374148
19	35340746
19	35539546
19	35542558
19	57527256
19	19013437
19	992903
19	1005231
19	1014713
19	3831527
19	2113519
19	4159876
19	5455600
19	3552095
19	9251667
19	9413509
19	16129917
19	52365769
19	8333647
19	8321483
19	8321422
19	41350981
19	13882644
19	12949377
19	1497061
19	50804835
19	4930396
19	5061041
19	16686429
19	40670498
19	35553622
19	5138218
19	4941444
19	47376356
19	46209940
19	4883920
19	44497567
19	43462995
19	4910877
19	16241592
19	35665728
19	57552919
19	2195800
19	14954046
19	39642185
19	32057046
19	2511450
19	18134702
19	48939676
19	48935106
19	4852325
19	3626924
19	18198555
19	1555552
19	6679500
19	8487389
19	7690830
19	38844190
19	8366697
19	17267350
19	17505362
19	32918507
19	54906373
19	29094343
19	17985264
19	17056171
19	17185870
19	17172493
19	44235150
19	6730844
19	1059005
19	4430472
19	44113157
19	57770006
19	57776801
19	988175
19	1008505
19	56782026
19	27793312
19	20039438
19	46008088
19	40783851
19	9469358
19	45854553
19	38704918
19	48993237
19	55651410
19	55484519
19	9986991
19	54351293
19	17618339
19	8514127
19	32858582
19	32830541
19	36194408
19	7463848
19	7464605
19	17423884
19	52220331
19	50804800
19	41888239
19	55191542
19	17226535
19	10919988
19	6042048
19	56369252
19	19652826
19	10544355
19	48133277
19	51992550
19	29576618
19	10631494
19	45025541
19	49588745
19	4013324
19	35010147
19	35015825
19	40577538
19	10141071
19	12847546
19	52406050
19	49871985
19	5791156
19	16209198
19	37543024
19	10305105
19	13316929
19	48615114
19	1526471
19	1430444
19	55621121
19	21593530
19	35487675
19	35500471
19	4444859
19	45495088
19	55179030
19	19341440
19	675513
19	19297355
19	2211051
19	13116540
19	18213519
19	2796199
19	49792888
19	2043272
19	18252130
19	47258286
19	45848945
19	49136745
19	55453353
19	16877645
19	10005699
19	9857758
19	47086638
19	7641770
19	7482188
19	8057853
19	8430881
19	42199681
19	17420641
19	17402906
19	18435868
19	57814633
19	10914310
19	19535463
19	48139867
19	38464943
19	10548983
19	40236198
19	45059613
19	6391995
19	39464893
19	41256620
19	10335892
19	3198757
19	3201736
19	6416112
19	58556256
19	58548362
19	18080631
19	35065219
19	17068979
19	17202183
19	51530488
19	13918456
19	13927978
19	16442103
19	55379466
19	10107656
19	15934484
19	14032204
19	13334330
19	45299605
19	899978
19	11884693
19	35769209
19	18805179
19	18581132
19	2895353
19	39020138
19	47760378
19	7497586
19	6333279
19	19960230
19	9397381
19	20014982
19	20085222
19	8302825
19	20584511
19	8656159
19	47349867
19	39806198
19	39766448
19	43408787
19	43817697
19	44629066
19	21662815
19	22004958
19	22634065
19	22669445
19	54074944
19	23177590
19	23735870
19	23853426
19	19786615
19	54958916
19	881413
19	55161102
19	15382037
19	40313981
19	40745275
19	17549799
19	1283758
19	48290433
19	4288187
19	17904395
19	45353791
19	746206
19	18275988
19	1783262
19	2120155
19	48046691
19	48958048
19	6517111
19	2032149
19	8427690
19	14590281
19	2410107
19	525739
19	14700565
19	43886153
19	27402753
19	27514774
19	27537755
19	13511953
19	14187630
19	14462842
19	14415307
19	32273283
19	9565845
19	36835382
19	10024608
19	36230466
19	4403020
19	4406163
19	4412109
19	4424299
19	4437092
19	4453232
19	4377975
19	4384677
19	4391337
19	23320643
19	24285071
19	21879356
19	21852805
19	21841011
19	9080927
19	5777312
19	5637951
19	5674548
19	5678122
19	5807585
19	5734228
19	23315542
19	12277337
19	12271073
19	12243015
19	12247907
19	58197140
19	5794229
19	5771165
19	35120090
19	1444623
19	12259768
19	50460008
19	19762831
19	19743832
19	19738888
19	19731244
19	19758070
19	19752205
19	19749714
19	5726816
19	5655781
19	5669210
19	5718055
19	19768317
19	19774267
19	19776769
19	8814724
19	8269396
19	48098197
19	23868518
19	23864003
19	14728678
19	14731564
19	14743222
19	14756555
19	6978002
19	1365609
19	31390962
19	54102901
19	54109321
19	54125565
19	18240262
19	48582453
19	20852162
19	20858471
19	20864632
19	11810065
19	20508308
19	6792857
19	8966182
19	20847342
19	47881800
19	51379409
19	58119665
19	50824837
19	55141390
19	40716014
19	40643739
19	21528400
19	21444519
19	21456549
19	21468580
19	20547679
19	51107816
19	51011181
19	51013190
19	51045941
19	51072167
19	11129377
19	23583139
19	22831202
19	10451463
19	31899828
19	44371157
19	44430314
19	57946563
19	57953562
19	57972841
19	9070201
19	9086852
19	9075497
19	32649475
19	32653342
19	5046307
19	58229804
19	58255508
19	58262705
19	40751911
19	40757498
19	58278729
19	28315895
19	28317901
19	28206472
19	28210279
19	28212016
19	28212146
19	34990248
19	13801248
19	55292452
19	52442896
19	5066984
19	5074626
19	5148372
19	55830208
19	53499340
19	53848705
19	5179621
19	5174169
19	5136376
19	5129413
19	5124476
19	5118824
19	4933216
19	45205500
19	5037340
19	5022593
19	5027219
19	10415067
19	23529271
19	23503021
19	40803306
19	31397493
19	22455278
19	21396916
19	21482835
19	21497382
19	4890902
19	4860497
19	52269515
19	52360583
19	50992051
19	50918235
19	50888400
19	48586538
19	1376724
19	1370527
19	50832941
19	51124509
19	21543323
19	43508728
19	15653261
19	40423456
19	50946408
19	50939443
19	51054435
19	51091925
19	51092326
19	23592140
19	12124663
19	12156903
19	54969108
19	54916142
19	54910099
19	54930401
19	53458735
19	53525753
19	53519879
19	53492496
19	12150657
19	18236729
19	44397361
19	44315966
19	44328722
19	18172691
19	18154130
19	44426176
19	44424713
19	18117521
19	18129317
19	18104437
19	18110837
19	10293501
19	50861367
19	51215581
19	51215611
19	51152693
19	11132089
19	11133059
19	56160467
19	56148373
19	5918196
19	48154363
19	48119288
19	48347421
19	48372933
19	31123678
19	31129816
19	31134269
19	31887025
19	48416682
19	48393986
19	31018456
19	31029235
19	31008668
19	30990187
19	30995742
19	30075149
19	31764532
19	31788283
19	4841139
19	30972442
19	30925724
19	30941671
19	31813874
19	31858302
19	11979239
19	11857002
19	11869517
19	11950569
19	21282786
19	10384863
19	58143739
19	48721227
19	10339609
19	22262849
19	22268120
19	49989307
19	58544155
19	1605613
19	7361530
19	8408107
19	16197389
19	10503556
19	3691334
19	10346796
19	10397205
19	2273403
19	23523905
19	6448121
19	23331772
19	18892867
19	30332643
19	9372540
19	8596006
19	52486942
19	55397903
19	11787910
19	33728966
19	33740637
19	12753842
19	55223131
19	57722173
19	16973779
19	13700465
19	16223296
19	16261347
19	20303053
19	16217051
19	4806337
19	16176409
19	35247380
19	35255896
19	28457407
19	7576780
19	5815375
19	31118923
19	43564041
19	43570445
19	13379968
19	56086669
19	7515824
19	8582555
19	24189606
19	28232835
19	33780754
19	33762494
19	23985977
19	20382100
19	19153447
19	18190620
19	28413112
19	6436293
19	7189364
19	28424955
19	12550364
19	22110446
19	53969800
19	11797955
19	11843747
19	893910
19	11678744
19	11686054
19	21040252
19	28385292
19	27716681
19	51708473
19	28455502
19	57027774
19	28929539
19	29115454
19	53713042
19	29290241
19	29334451
19	29347039
19	53085390
19	16640630
19	6652406
19	31494246
19	27838503
19	30826412
19	31413651
19	28156091
19	32373659
19	32554938
19	32556208
19	27966696
19	28320511
19	28345355
19	28362886
19	52667305
19	56280291
19	56310852
19	28413211
19	28404927
19	19032823
19	53029908
19	56833545
19	13114915
19	56205825
19	14100957
19	5280180
19	27594591
19	11995413
19	17134273
19	24228073
19	24368403
19	23581119
19	57479588
19	4690247
19	23563654
19	54750252
19	23347157
19	15700907
19	31893500
19	24013356
19	5348775
19	36487282
19	22918353
19	22992949
19	22985168
19	22976684
19	22970948
19	22962536
19	2458249
19	51430388
19	14146031
19	14202878
19	14421936
19	12421516
19	55547371
19	28910861
19	56371260
19	56588109
19	19347099
19	23019577
19	2559843
19	8851639
19	47877871
19	47890785
19	47663473
19	36559658
19	23257332
19	7088823
19	8554577
19	8339218
19	8402351
19	8400419
19	8395650
19	47625453
19	53257572
19	7103531
19	21426805
19	21375509
19	22544450
19	22531073
19	56020259
19	8794381
19	8650346
19	28317420
19	37641433
19	58029492
19	887128
19	22436244
19	23100309
19	23056940
19	22990829
19	23045608
19	23052037
19	21431034
19	23310054
19	36379726
19	36519650
19	23096162
19	23314647
19	23314308
19	23263477
19	23345260
19	23339543
19	23335026
19	23334244
19	23332727
19	23331689
19	23329478
19	23326687
19	22488198
19	22547871
19	38547614
19	23368950
19	23362645
19	23362202
19	7163054
19	23063165
19	19401946
19	19414983
19	19352223
19	19362221
19	2601813
19	53247964
19	53251483
19	53272433
19	53271923
19	34493887
19	24029466
19	36573338
19	36525423
19	36322595
19	36472735
19	8397193
19	8233527
19	7074550
19	7106314
19	7073604
19	8679223
19	8673697
19	8662244
19	8824231
19	21369266
19	21381033
19	21317654
19	21433097
19	8843125
19	21203247
19	8328554
19	8345399
19	8843246
19	47347020
19	47657867
19	47601823
19	47671136
19	47541024
19	12933730
19	55802162
19	55776725
19	55795036
19	33815993
19	23336327
19	23357870
19	17826620
19	8704900
19	55868148
19	55869678
19	55873284
19	55881685
19	55832012
19	55902217
19	55912302
19	43598186
19	55987971
19	55968950
19	55951241
19	3059596
19	53879599
19	3105989
19	3112025
19	35347173
19	10286727
19	15898482
19	15892010
19	34198233
19	5743813
19	55664149
19	55612380
19	6838045
19	12264090
19	12237877
19	3150240
19	3133855
19	36565428
19	46952058
19	11460095
19	11487668
19	3239744
19	3211223
19	11442095
19	8054334
19	8063707
19	46720692
19	46673568
19	46690997
19	3976323
19	18592267
19	18913044
19	38307446
19	11377110
19	10330441
19	15055351
19	56286510
19	17846420
19	17844192
19	17831999
19	50824513
19	43567256
19	43554087
19	17845820
19	17838052
19	29814542
19	29817478
19	52356802
19	52355754
19	52342896
19	11315963
19	52376330
19	52502350
19	52546881
19	52640663
19	52567902
19	52602294
19	6844024
19	6877179
19	6801942
19	30452548
19	30150517
19	30121537
19	33499533
19	33498339
19	41197755
19	41196521
19	20539422
19	6737052
19	6745094
19	28305192
19	20532555
19	16331971
19	28289752
19	506712
19	23872471
19	11420604
19	28139185
19	11430865
19	30859459
19	7983622
19	28315257
19	14197267
19	9580018
19	607319
19	23888774
19	12669428
19	31112224
19	28244743
19	24065809
19	8458122
19	28086435
19	20577043
19	52703472
19	12602274
19	29637388
19	12675556
19	362144
19	17196714
19	6687506
19	6665009
19	6658602
19	6609379
19	6588256
19	6590778
19	6594263
19	18785055
19	23695090
19	43674285
19	43668036
19	45296184
19	30749798
19	2598954
19	20738822
19	6430095
19	10796610
19	56326598
19	43689492
19	13723268
19	13768808
19	13774313
19	53904700
19	13732419
19	11638595
19	54606230
19	24186031
19	43744726
19	23999963
19	29067942
19	22643926
19	14110830
19	58071438
19	6822208
19	3601166
19	29889865
19	29875895
19	29878103
19	11702972
19	15252211
19	43765479
19	28332980
19	28331262
19	12802322
19	30162097
19	23529786
19	28410350
19	6466471
19	6543331
19	6547130
19	53811050
19	5305195
19	7303825
19	43819797
19	43796732
19	4789465
19	57808458
19	55094733
19	1874459
19	21809976
19	13026250
19	923744
19	928073
19	934022
19	10925743
19	14042481
19	31100753
19	55472487
19	4083971
19	4140566
19	4069428
19	4063069
19	4170001
19	4153403
19	4147448
19	4090115
19	4116654
19	4112990
19	54158305
19	4098778
19	821086
19	1423689
19	58563488
19	55120911
19	28418946
19	23517982
19	27842278
19	797079
19	14128414
19	37685941
19	4136250
19	3065726
19	57737662
19	24007692
19	20423851
19	4185617
19	4192227
19	1159135
19	7672099
19	21648685
19	17872189
19	49251802
19	49256237
19	3872567
19	56817509
19	30796040
19	18685845
19	17319389
19	37954304
19	22360750
19	19679881
19	17141341
19	4219842
19	4243795
19	28076095
19	28308695
19	49302085
19	30639102
19	8190701
19	21758702
19	9741351
19	28301737
19	19668203
19	2078177
19	6378114
19	27893699
19	5208006
19	11506258
19	5766044
19	23887615
19	23839382
19	55348682
19	17011820
19	23480311
19	2007316
19	11581115
19	1199677
19	28316036
19	53534594
19	56345685
19	23822925
19	3048416
19	54152099
19	57931957
19	20542844
19	54593832
19	2936537
19	24048427
19	22856675
19	14939894
19	28304063
19	23487358
19	5684764
19	3119873
19	12797277
19	11610172
19	28395243
19	18446405
19	20945344
19	12767435
19	22879542
19	7941174
19	8214072
19	11080088
19	23611230
19	24035912
19	7912317
19	19628656
19	16254844
19	8852559
19	58324762
19	23649009
19	8730717
19	8723912
19	8257185
19	31875104
19	51450840
19	54187532
19	54141434
19	54140254
19	6697818
19	54164753
19	52492851
19	17796030
19	16456956
19	6974935
19	5438093
19	6904126
19	31743605
19	3305952
19	13759339
19	5493146
19	2475687
19	48122535
19	14156682
19	55927974
19	52398652
19	58294417
19	58301164
19	17250055
19	10564888
19	10557776
19	41384098
19	16132606
19	16383852
19	17102182
19	7488135
19	7768804
19	54217089
19	50053331
19	50268152
19	50293648
19	50831634
19	7211564
19	6690955
19	9998253
19	5663909
19	29923680
19	12577657
19	12190810
19	12035555
19	48839012
19	31277510
19	46491576
19	46527175
19	55047554
19	38206414
19	4312106
19	4318368
19	43626301
19	1828949
19	1985392
19	2050824
19	1250110
19	1472331
19	3632597
19	3618930
19	1114120
19	18363732
19	15238547
19	34808057
19	2339950
19	53571493
19	53569503
19	29706248
19	17556110
19	20825406
19	8871595
19	19505217
19	19655966
19	56601810
19	19305034
19	1051215
19	16229063
19	44953923
19	10624854
19	10569427
19	40989528
19	49164094
19	50854560
19	12142512
19	10836846
19	48343219
19	48573430
19	21195628
19	29214876
19	542473
19	4182942
19	4231156
19	13155172
19	43782361
19	1436875
19	3520564
19	15821950
19	18073107
19	35115035
19	5822479
19	58417827
19	58385345
19	8865795
19	15613483
19	8463393
19	376382
19	57130730
19	21822198
19	2520718
19	13453138
19	18636795
19	1044713
19	11281755
19	12001689
19	13754256
19	23306216
19	16415976
19	16619324
19	16624977
19	7977547
19	7989551
19	55686301
19	55657811
19	7168922
19	9844665
19	10803073
19	11035823
19	11056151
19	48072851
19	30508020
19	30472598
19	30464372
19	30460471
19	30460371
19	38523544
19	55172832
19	33477809
19	33496168
19	3114231
19	2141210
19	1400867
19	1413575
19	802678
19	657666
19	730030
19	6233420
19	6229276
19	56058831
19	55858800
19	58474499
19	15613080
19	19499221
19	56777051
19	6020750
19	41758983
19	14765105
19	43794010
19	8250963
19	2160530
19	51503097
19	58098887
19	10114582
19	55385341
19	49031767
19	49524783
19	16490343
19	17339207
19	7929348
19	5720441
19	6767732
19	54200900
19	14497502
19	14476048
19	50431682
19	46296940
19	12495141
19	11223111
19	11481738
19	11555677
19	45864964
19	45259360
19	4342850
19	39816064
19	39815926
19	32405158
19	44052228
19	1882763
19	56529295
19	14695350
19	22616491
19	8148584
19	8131338
19	8126517
19	6940699
19	15192414
19	4660919
19	48596698
19	32602346
19	9968417
19	50637397
19	8438141
19	13224618
19	10682385
19	335946
19	17062677
19	11397179
19	43586043
19	44148595
19	55933222
19	18057864
19	22804492
19	49476636
19	54257872
19	11453684
19	48885397
19	54865756
19	33129991
19	1360576
19	57248467
19	58355068
19	43962944
19	11323254
19	11768605
19	24194870
19	53854510
19	57061345
19	49224739
19	29767497
19	30836528
19	33144981
19	1383650
19	17557161
19	17568418
19	35725155
19	48103274
19	50485504
19	40910238
19	6483454
19	594599
19	55838881
19	39727154
19	16287503
19	5522345
19	53791146
19	28048082
19	28048374
19	54315977
19	55170678
19	23463690
19	23860388
19	51034426
19	6510115
19	6535487
19	6552434
19	11973693
19	30022624
19	23860017
19	11173863
19	56032444
19	19164926
19	5696951
19	44917086
19	1457552
19	13745049
19	6927985
19	27752973
19	16295223
19	24195194
19	22941943
19	37801729
19	48192529
19	5832888
19	3403233
19	54225178
19	58269137
19	6645167
19	50257677
19	11878156
19	20804744
19	27984709
19	39811327
19	5879980
19	29917044
19	6490168
19	13781149
19	6617150
19	28252660
19	53286130
19	28304775
19	43683425
19	58594875
19	40920519
19	54661127
19	11990359
19	6622341
19	22834634
19	54179258
19	23301974
19	24263667
19	24269515
19	5499236
19	14614323
19	2641324
19	11960918
19	58042541
19	41609766
19	12018200
19	22047869
19	40584284
19	22235216
19	40943698
19	11294842
19	31315714
19	6857419
19	14903907
19	7619616
19	7119577
19	29169283
19	57210348
19	5450292
19	43988416
19	9195438
19	17219251
19	52085465
19	8322114
19	43985872
19	46854618
19	43994438
19	11263999
19	5907347
19	22819572
19	22041228
19	13739132
19	11301192
19	23304448
19	6951423
19	54245159
19	54147610
19	2996485
19	6697395
19	56575446
19	50845455
19	9897565
19	28484495
19	28485020
19	27805500
19	3733405
19	15645952
19	17636138
19	14668738
19	43659842
19	55362274
19	19887793
19	46868359
19	24299270
19	14181910
19	23305998
19	27573614
19	21768615
19	55963960
19	56421916
19	57309349
19	23978700
19	4477318
19	14626619
19	28406173
19	10783564
19	11837574
19	12288918
19	50988343
19	33832709
19	58274718
19	20832193
19	23286164
19	29458801
19	58288415
19	43459876
19	6139614
19	40552896
19	2580059
19	5984804
19	30832183
19	27941049
19	54252794
19	8382482
19	19240847
19	23649224
19	27627709
19	23303323
19	11831956
19	55852924
19	2183463
19	35843517
19	27622649
19	18280054
19	44911194
19	17574324
19	39731003
19	21913717
19	30089690
19	28372452
19	23193182
19	53096365
19	1735219
19	14897041
19	24093551
19	55844744
19	27578429
19	27629490
19	20322121
19	1765298
19	57065546
19	54704384
19	47831347
19	6126787
19	6704353
19	11774962
19	43934214
19	44912383
19	1679892
19	35857176
19	56649147
19	1335532
19	6850498
19	18074382
19	2469330
19	2930808
19	20844593
19	14116912
19	22810326
19	30979134
19	20800648
19	48261464
19	58158089
19	13305536
19	23860095
19	45490310
19	54560092
19	31768849
19	8121635
19	5995439
19	14240762
19	7378676
19	33262088
19	23760441
19	20725273
19	46420495
19	1952091
19	53824186
19	19320671
19	769766
19	28386322
19	17531950
19	14327784
19	11616688
19	10462923
19	4417970
19	44007437
19	12319698
19	14408772
19	57588724
19	33693847
19	54008656
19	6476076
19	54115619
19	16088999
19	21142868
19	35865667
19	6913800
19	57759386
19	27617129
19	19182706
19	53297397
19	6965267
19	10893706
19	9121948
19	54014014
19	55908791
19	17568273
19	28457534
19	54524792
19	13427729
19	23677186
19	23999020
19	53183384
19	5444440
19	15653410
19	15626093
19	54023718
19	6944832
19	39090097
19	6788896
19	3722756
19	3745548
19	52646714
19	36883364
19	7833347
19	56464017
19	56697652
19	56962143
19	57303285
19	57323884
19	57523171
19	57639210
19	58011166
19	58105307
19	55735154
19	55490962
19	56546369
19	56567276
19	56641738
19	56827839
19	56893559
19	56919549
19	57237017
19	57271949
19	57348222
19	57707478
19	58058263
19	58497199
19	55430141
19	55466542
19	56254091
19	56267672
19	56273862
19	55498514
19	56333106
19	48261600
19	50592374
19	50676640
19	51751098
19	52732993
19	53079183
19	53368137
19	53374451
19	53472214
19	39519043
19	41228154
19	45524494
19	45819572
19	46346549
19	46739735
19	47437107
19	47652526
19	48232030
19	48233449
19	48878914
19	48906934
19	49087681
19	49112738
19	49113819
19	49129052
19	50381628
19	50669529
19	38699948
19	51350098
19	51541665
19	51751943
19	51796422
19	52024891
19	52692343
19	52697071
19	52916702
19	52988690
19	53220360
19	53606553
19	53724032
19	39061510
19	37373780
19	39686196
19	40237318
19	40371377
19	41559909
19	43446931
19	44510006
19	45404702
19	45443141
19	45535295
19	45735668
19	45819327
19	45820765
19	38202665
19	46531043
19	46633137
19	47284330
19	8101493
19	8112061
19	8677305
19	7235378
19	10131268
19	10457843
19	11216895
19	11384028
19	11391615
19	12607805
19	12821489
19	7634461
19	8201696
19	8499639
19	9102350
19	7218371
19	7226133
19	9404524
19	9878276
19	9915874
19	10012117
19	10192773
19	10742620
19	10756772
19	10830714
19	10887343
19	11414719
19	7422427
19	11659764
19	7510522
19	12484155
19	12530418
19	12902263
19	12915029
19	7905750
19	28598293
19	28636489
19	31069062
19	31151550
19	27901731
19	27902048
19	27993769
19	32885114
19	28024084
19	28063681
19	34491654
19	28294960
19	28299092
19	28303629
19	28314129
19	28314261
19	28324239
19	28394231
19	28478742
19	28845757
19	28868643
19	28923724
19	29013645
19	29019928
19	29240898
19	29258537
19	27648468
19	29362389
19	29381015
19	29415607
19	29416540
19	29452313
19	29482604
19	29597486
19	29625097
19	29631968
19	29846220
19	29879272
19	27722363
19	30274863
19	30406958
19	30420310
19	27767119
19	30632945
19	30714393
19	30807243
19	30852005
19	30879887
19	31094405
19	31233474
19	31286601
19	31289741
19	27844664
19	32257885
19	32416268
19	32627860
19	27982944
19	28005502
19	33176423
19	33271351
19	33665779
19	33670385
19	33910791
19	33930286
19	28123065
19	34374646
19	28158515
19	28175772
19	28176001
19	34752195
19	35064286
19	28220891
19	28238686
19	35395758
19	35596765
19	35709498
19	28293242
19	28299338
19	28302128
19	28302318
19	28305536
19	28305769
19	28310165
19	28310254
19	28320116
19	28346419
19	28366100
19	28396997
19	28397536
19	28397907
19	28398414
19	28402133
19	28403612
19	28439226
19	54979352
19	55248589
19	53994033
19	54719030
19	54878208
19	55044620
19	55235143
19	53987704
19	54136151
19	54299761
19	54348175
19	53805300
19	54693357
19	2094593
19	2260362
19	2372291
19	2487860
19	2635061
19	2708339
19	2738354
19	2846559
19	2947154
19	3390056
19	3414022
19	3432254
19	3804703
19	3878897
19	5330757
19	5389930
19	1320150
19	6299292
19	6815937
19	6827099
19	1550651
19	1774000
19	1776557
19	2204694
19	2313801
19	2493813
19	2524687
19	2555863
19	2591599
19	2777664
19	2900520
19	2906558
19	2942505
19	2980271
19	3054569
19	3229226
19	3235190
19	3246040
19	3259056
19	3309023
19	3524313
19	3607683
19	3703130
19	3906870
19	3924931
19	3931179
19	4256922
19	4268344
19	1123379
19	4357895
19	4514123
19	1147168
19	4548003
19	4553173
19	4582193
19	4747134
19	1170446
19	4800091
19	4821600
19	5313283
19	5399079
19	5404765
19	5425784
19	5504701
19	5577682
19	5587530
19	5979809
19	6204118
19	6214714
19	1325151
19	6306960
19	6346246
19	1586218
19	1673510
19	15997984
19	16039916
19	16060551
19	16328579
19	16984014
19	17769819
19	18508057
19	18970892
19	18989306
19	19051248
19	19434290
19	15130004
19	20031135
19	20819159
19	21572595
19	15416621
19	14706250
19	15741162
19	15783704
19	15956979
19	16032166
19	16046625
19	16068938
19	16158674
19	16164961
19	16537368
19	14808160
19	16998626
19	17115419
19	14886209
19	17647559
19	17672210
19	17890877
19	17915985
19	17975788
19	18006837
19	18048706
19	18166046
19	18184023
19	18306162
19	18484026
19	14995523
19	18526800
19	15007586
19	14648224
19	18733554
19	18874288
19	18943911
19	18952268
19	19062609
19	19260108
19	19461299
19	19520846
19	19828578
19	15131333
19	15138235
19	19950316
19	20518806
19	15204695
19	20690284
19	20874152
19	15270061
19	15279852
19	21634988
19	15361045
19	15522625
19	15528530
19	15572834
19	15607010
19	39083211
19	7886263
19	3206237
19	7892596
19	55606000
19	7504396
19	13760422
19	27318338
19	5410149
19	21323511
19	301639
19	304499
19	319822
19	397531
19	4237070
19	55515846
19	468348
19	556632
19	448173
19	582253
19	702424
19	508626
19	14279877
19	14356501
19	14532687
19	13143660
19	13214919
19	13451853
19	13594904
19	12999094
19	14314541
19	14362224
19	14463440
19	14469516
19	14503430
19	13148931
19	13257217
19	13272533
19	13349174
19	13354187
19	13465360
19	13486189
19	13042221
19	23426069
19	23640191
19	23666059
19	23725074
19	23886364
19	23959110
19	23984420
19	22035391
19	24072831
19	22567679
19	22868703
19	23239393
19	23570990
19	23571219
19	23669601
19	23670322
19	23670519
19	23685287
19	23704154
19	23720874
19	23871258
19	22020412
19	23978766
19	24101653
19	24137093
19	22090995
19	22446040
19	22649184
19	22797235
19	24293359
19	24321183
19	24177736
19	2713418
19	53529790
19	1417222
19	40887855
19	3746089
19	21311695
19	13499184
19	10274741
19	10280325
19	35229873
19	48705608
19	11813934
19	48865586
19	13624528
19	56092444
19	3185565
19	7553774
19	21304570
19	31807677
19	44915189
19	55521721
19	10428861
19	13631888
19	44863522
19	7850565
19	55627209
19	57978019
19	34100755
19	31801365
19	13612650
19	31826540
19	7894595
19	40175480
19	13617819
19	21289642
19	35219782
19	35227916
19	56097056
19	3191606
19	58173244
19	34056537
19	7844997
19	7767067
19	3184085
19	8452502
19	35228035
19	48873325
19	39433489
19	3177281
19	6782563
19	36950209
19	55114576
19	7559449
19	56119859
19	14267103
19	54815284
19	53759850
19	44913221
19	21234342
19	50238313
19	5431254
19	7546231
19	55587569
19	55566998
19	831811
19	46714657
19	11123265
19	11129564
19	30952811
19	6009434
19	5486935
19	827655
19	6910399
19	52540022
19	23459609
19	7772420
19	6083270
19	48874062
19	55632612
19	55639105
19	7528703
19	18142019
19	3709066
19	22143198
19	34145667
19	31845904
19	5553966
19	11501498
19	20826032
19	846041
19	21238080
19	6077048
19	5962519
19	54851404
19	34179820
19	23447022
19	6287960
19	23758657
19	23774416
19	23859744
19	54173068
19	8493358
19	31819202
19	15584290
19	50189876
19	38991044
19	50248104
19	28253174
19	28341707
19	28342444
19	28362304
19	39691955
19	40337220
19	41481540
19	28815039
19	44113232
19	44366867
19	45112599
19	29049890
19	29082780
19	46517307
19	46962109
19	29219131
19	50586351
19	51314897
19	51660131
19	52238459
19	52634690
19	53045697
19	53199255
19	53235732
19	53392563
19	53421804
19	53539578
19	54354326
19	54385273
19	54440226
19	54457233
19	54506200
19	54519193
19	55171736
19	55340340
19	55372511
19	30086322
19	55746673
19	55887930
19	56080920
19	56357166
19	30156584
19	30169122
19	56976145
19	57344562
19	57486466
19	30280850
19	57781048
19	57795567
19	58125785
19	58164549
19	58249741
19	30361177
19	30553118
19	30801812
19	31163709
19	27650925
19	31376715
19	31595188
19	31725228
19	32439163
19	32779985
19	33427663
19	33654455
19	33708862
19	33953302
19	34466460
19	28094224
19	28094344
19	28102803
19	28125100
19	28227271
19	1649364
19	1728999
19	1925390
19	2300887
19	2677014
19	2719369
19	348527
19	2989699
19	3565911
19	3841053
19	4128726
19	4298419
19	500359
19	5416277
19	5459078
19	5800262
19	6409680
19	6454178
19	6933720
19	7136478
19	776648
19	18639870
19	18736927
19	18791783
19	19024510
19	19045302
19	19126464
19	19280593
19	19944014
19	20051886
19	20588017
19	20918943
19	9934449
19	21981046
19	22767268
19	22774098
19	22777708
19	23245709
19	23475213
19	23703830
19	23755823
19	23762853
19	23763067
19	23774271
19	23775356
19	23775436
19	23782264
19	23800495
19	23811419
19	23818882
19	23820847
19	23822646
19	23823815
19	23848391
19	23866912
19	23868333
19	23869847
19	23877858
19	23901617
19	24042774
19	24159782
19	10210413
19	10523588
19	11205141
19	11517652
19	11737772
19	9024703
19	12634985
19	12714039
19	9040162
19	13474990
19	14009257
19	14610207
19	14933745
19	15024659
19	15024929
19	15074987
19	15460527
19	15538698
19	9327136
19	16560084
19	9474401
19	17135122
19	17180639
19	17288667
19	17349973
19	17909804
19	17964268
19	18392025
19	8802992
19	54087566
19	18575154
19	56126122
19	15685697
19	7434738
19	8411965
19	7372463
19	7796599
19	8041637
19	50247688
19	23461514
19	55673884
19	23462080
19	56139414
19	50282129
19	5469821
19	43777410
19	5969175
19	17517778
19	5525977
19	56132441
19	38992910
19	7647391
19	6774058
19	23414165
19	6062264
19	1088286
19	39359462
19	54821445
19	11116926
19	39165761
19	39132206
19	39081349
19	39115242
19	55599670
19	47434209
19	23075431
19	23623458
19	23621239
19	14514978
19	54973805
19	16843069
19	18616046
19	1106616
19	56613760
19	41577497
19	10724729
19	15040907
19	14928804
19	27894593
19	31531093
19	32388358
19	11164463
19	35307157
19	28423768
19	28423935
19	23439367
19	12700231
19	18369799
19	23896759
19	41304739
19	20699443
19	31952505
19	17853069
19	21221813
19	34832587
19	15068300
19	58393298
19	19589154
19	29484211
19	36072847
19	7471335
19	11344363
19	23315049
19	20773092
19	34032878
19	23778010
19	8972467
19	28208879
19	30219503
19	56320139
19	28176476
19	14553190
19	4866439
19	50228428
19	42986935
19	36413876
19	13189725
19	4175788
19	49969159
19	28454811
19	30296465
19	15665345
19	28326508
19	7371292
19	22699383
19	6600495
19	28898204
19	55312964
19	28326599
19	53842453
19	19903033
19	15101493
19	28740224
19	23917401
19	28399578
19	10766165
19	23526175
19	53440585
19	28326862
19	11331826
19	19991141
19	28457482
19	33047508
19	15403849
19	51510105
19	57445460
19	17108295
19	11565401
19	14437170
19	9906459
19	29073877
19	57185461
19	10510432
19	52448429
19	52589212
19	23647686
19	9768019
19	27792129
19	39103192
19	13978365
19	1031213
19	15828447
19	23852182
19	23660318
19	30530690
19	52312637
19	14962414
19	22716783
19	22067334
19	51605429
19	35951215
19	38429568
19	28511384
19	14024296
19	3652412
19	54549343
19	3328736
19	21017889
19	22346763
19	10823556
19	21210050
19	27840473
19	15397319
19	5464277
19	5311401
19	56793497
19	3774241
19	43072188
19	21791127
19	15002863
19	23854332
19	21813864
19	15001596
19	30262908
19	10538257
19	52496241
19	9136713
19	7445470
19	28402207
19	43455962
19	23805124
19	38827366
19	42918847
19	7014426
19	14265083
19	21607783
19	27937179
19	48256972
19	9521966
19	33441409
19	56220109
19	19091541
19	1569840
19	30782474
19	27866931
19	22784100
19	30301950
19	54282424
19	7742141
19	28001812
19	12705745
19	2403566
19	17668023
19	28050064
19	28609644
19	27826170
19	52884897
19	11309618
19	23861540
19	11261401
19	2190691
19	23306717
19	27937709
19	28068963
19	4489786
19	8313986
19	54709461
19	49366283
19	56906546
19	52746094
19	1566044
19	41717688
19	28327190
19	2242830
19	28874001
19	1808684
19	19560275
19	28367455
19	17312564
19	28327325
19	20362672
19	6251110
19	13991097
19	31989342
19	7873838
19	28100086
19	14873085
19	28953425
19	14792463
19	5756440
19	28002554
19	8196772
19	23232799
19	31719082
19	20906050
19	57458786
19	54891325
19	23350807
19	18604393
19	28242465
19	10655143
19	8957854
19	20100731
19	47292712
19	13912378
19	2605048
19	30196616
19	10244825
19	22654306
19	30470567
19	17950700
19	21536020
19	33594041
19	17847808
19	18090947
19	9201263
19	28078494
19	57358779
19	35216655
19	4610226
19	19213634
19	33960041
19	28406653
19	52927795
19	28233121
19	29533866
19	32632670
19	13265722
19	19925055
19	20565968
19	13374039
19	45483632
19	19755562
19	54182441
19	18489246
19	21216402
19	44349555
19	20473242
19	50305492
19	56944188
19	34728643
19	12840049
19	28341942
19	10529704
19	33916842
19	14873280
19	28459297
19	23587108
19	23420432
19	20658321
19	2321431
19	12082586
19	49798288
19	20614273
19	45115644
19	18538050
19	11354453
19	52898068
19	22737226
19	57346753
19	15961227
19	4077098
19	45823795
19	27757812
19	15860663
19	12451203
19	28398110
19	7947130
19	52790581
19	28892791
19	35388636
19	16117891
19	23709460
19	12100438
19	30476929
19	7170494
19	46301450
19	3299484
19	9572039
19	21600244
19	53341748
19	3739675
19	6151692
19	28901839
19	2396245
19	1192770
19	11754792
19	30315258
19	22928631
19	51594208
19	23582108
19	16610372
19	27955549
19	1580335
19	48280960
19	32379172
19	21725251
19	9301859
19	39860089
19	11238235
19	47977787
19	18658145
19	45581383
19	17734085
19	24195395
19	20675819
19	13195976
19	23784862
19	20977293
19	1576074
19	11571680
19	22513899
19	28367736
19	6401577
19	52739773
19	1803583
19	22482546
19	28160795
19	38226738
19	331028
19	11493608
19	57927938
19	32343641
19	52336779
19	47305571
19	55334018
19	49375933
19	28173156
19	19674082
19	53322920
19	56428798
19	11794528
19	4903972
19	28282069
19	20319856
19	51677116
19	22103939
19	33452175
19	6028216
19	21160283
19	21588323
19	58468591
19	20449142
19	57178810
19	41864668
19	3715642
19	29717136
19	30250350
19	58373598
19	23247634
19	11804370
19	57315529
19	17128756
19	23741291
19	53668103
19	12058496
19	23715075
19	28641791
19	6292969
19	23971576
19	20355246
19	8036764
19	23985756
19	27851335
19	15152574
19	17605773
19	11708378
19	9188900
19	1388321
19	34029089
19	14066388
19	57084129
19	15292967
19	55975207
19	3488182
19	12743180
19	3958399
19	41026221
19	13661216
19	27895015
19	50935953
19	4818366
19	16660607
19	17489435
19	43301579
19	6068017
19	27712254
19	21613329
19	46217407
19	57499274
19	11472422
19	55704073
19	55816747
19	18013156
19	31298019
19	22863193
19	7231633
19	12688380
19	53319646
19	27785981
19	56042120
19	28013501
19	28444849
19	52655831
19	6611689
19	28792138
19	51853538
19	46056766
19	17803675
19	327182
19	23663852
19	6921857
19	58130845
19	23127061
19	9604755
19	54017384
19	56050799
19	6122256
19	5644363
19	20881236
19	57339315
19	19744845
19	28578798
19	54338210
19	28016275
19	9331837
19	20273247
19	54623289
19	23789400
19	10468798
19	17163083
19	28849465
19	11954195
19	31461984
19	3851346
19	18753740
19	13341461
19	18718923
19	17089119
19	53315220
19	4196825
19	57096762
19	33591399
19	22136490
19	19157181
19	12417037
19	54474097
19	39172267
19	20898716
19	28016679
19	4372659
19	32084432
19	34766287
19	55273429
19	4013391
19	23777443
19	9470190
19	9171702
19	30255846
19	28431131
19	23793206
19	39556223
19	53682688
19	21461994
19	41030717
19	28265727
19	23874001
19	23689183
19	34708650
19	14402577
19	57097228
19	51565474
19	2746521
19	29662109
19	8601988
19	18416447
19	8073170
19	28322058
19	6441958
19	20716478
19	1685553
19	28150579
19	23785707
19	48046000
19	57193913
19	13692356
19	31286733
19	27761223
19	27908212
19	28099460
19	5703709
19	3539446
19	6760963
19	8206837
19	6870686
19	19975461
19	29732325
19	21868974
19	7262558
19	20589505
19	10591777
19	23890174
19	15214499
19	56936626
19	27829014
19	31333928
19	18422832
19	5943295
19	57968231
19	13888984
19	30212824
19	21685782
19	23500906
19	20663305
19	3017931
19	55849297
19	22464048
19	52722469
19	28545690
19	9621776
19	27976764
19	13516375
19	494057
19	28291955
19	9718627
19	29060890
19	11139463
19	14074414
19	51268030
19	16512308
19	53828807
19	15154921
19	40619254
19	13126688
19	22258369
19	21510326
19	37143389
19	33088222
19	808679
19	21253130
19	30613672
19	52736116
19	2880114
19	28989190
19	22355060
19	28119995
19	54374085
19	28016477
19	49650075
19	7430071
19	54330460
19	34605359
19	13020071
19	27677067
19	23935633
19	53120518
19	13399743
19	33289355
19	16669813
19	57427574
19	23537907
19	9228723
19	54067525
19	782854
19	8915975
19	23480253
19	16075962
19	6320952
19	55391956
19	28235935
19	27649965
19	24140020
19	7570803
19	1910107
19	4202796
19	53941718
19	5519315
19	1348165
19	44640642
19	23820138
19	51571221
19	46118206
19	32186276
19	30688087
19	6970984
19	53819150
19	54398911
19	55914707
19	29398691
19	16501167
19	56433019
19	31647178
19	2317667
19	9850870
19	56713022
19	3385506
19	7968464
19	1833339
19	5582524
19	1613228
19	15476374
19	24315250
19	27556334
19	27566492
19	27498731
19	38049348
19	57325950
19	52025691
19	22187022
19	28193524
19	29550119
19	9528265
19	27578313
19	31157758
19	7748382
19	19274602
19	29848233
19	58208994
19	4007082
19	31366125
19	35651285
19	15273636
19	28006774
19	55511245
19	11551075
19	58318895
19	54936227
19	16484981
19	1257272
19	28362767
19	19604985
19	18700302
19	5599826
19	852104
19	1978272
19	1634596
19	3367747
19	3471277
19	41578234
19	3533805
19	415294
19	23769912
19	29293766
19	23778663
19	23778788
19	23818226
19	454430
19	29387529
19	23871542
19	12982808
19	8398747
19	23786193
19	23865485
19	17815576
19	27849548
19	44908822
19	56657836
19	29247041
19	2430234
19	31537088
19	49994266
19	32879164
19	9965850
19	49883083
19	7421223
19	30608983
19	29499031
19	7866639
19	28062151
19	33243022
19	7493138
19	34849062
19	403112
19	24078884
19	23787265
19	7709690
19	8162548
19	52775700
19	39855278
19	2888244
19	15117731
19	55242168
19	7298084
19	23805778
19	20142212
19	6134421
19	17863414
19	27933124
19	23759084
19	23867996
19	4742453
19	38917720
19	27310906
19	23771643
19	39849038
19	38030888
19	6564662
19	43828009
19	23860241
19	53765596
19	14603999
19	32972152
19	19492064
19	34890781
19	7704680
19	4977733
19	14560025
19	19467782
19	16589002
19	56956122
19	8394076
19	33553411
19	15791609
19	39157662
19	1904613
19	17430208
19	17325042
19	31001911
19	55738079
19	18859548
19	734851
19	36083896
19	1101993
19	1075980
19	2285197
19	27657865
19	1277428
19	14732350
19	3835179
19	3660621
19	14973943
19	1782799
19	16020869
19	16026113
19	57231966
19	28402872
19	28363165
19	5291399
19	32201126
19	1668162
19	27799167
19	2646074
19	54193224
19	46009259
19	29750515
19	10174102
19	44961706
19	34733565
19	20098780
19	27753088
19	34944165
19	19336127
19	44905055
19	44906322
19	44907187
19	44907654
19	44908783
19	23069004
19	23072705
19	23441911
19	23397030
19	16762129
19	16909097
19	16904618
19	16835953
19	16882697
19	16892978
19	16746053
19	16922560
19	54922228
19	54936204
19	54941766
19	54660469
19	16518378
19	5900236
19	5830291
19	5867902
19	52531345
19	281360
19	58582097
19	1513965
19	1507536
19	1490704
19	10994932
19	40796801
19	7613241
19	35487397
19	23631285
19	23633205
19	23510288
19	54289334
19	16851058
19	5606248
19	5618643
19	7616465
19	22287566
19	23531639
19	13787746
19	15470214
19	32553932
19	10667971
19	23659821
19	6267778
19	28060743
19	57332552
19	1699147
19	53093561
19	1451255
19	9939508
19	7383946
19	39671379
19	22923572
19	52124096
19	34119436
19	20638609
19	16370158
19	21049549
19	28129481
19	15544357
19	48152502
19	17018499
19	28129602
19	54631874
19	22690437
19	31658244
19	12868431
19	12050430
19	17311593
19	40994308
19	2500254
19	58023116
19	10859882
19	52936940
19	13719161
19	34637985
19	28399947
19	50920290
19	56884882
19	3348345
19	54499599
19	58380693
19	14571191
19	1796167
19	13984526
19	29025534
19	23660011
19	41217982
19	29472110
19	20669483
19	23437830
19	28400052
19	31567340
19	31572640
19	23954324
19	21987749
19	16951266
19	46312040
19	6167403
19	8183671
19	5838584
19	9031263
19	39180804
19	46060395
19	30442725
19	2756185
19	51526078
19	33189876
19	24262089
19	2629847
19	33173734
19	50920372
19	9217986
19	12863434
19	5111856
19	17746673
19	10135353
19	46002268
19	39770984
19	29004417
19	12208486
19	29694790
19	53161195
19	38274432
19	17698189
19	18811635
19	32873722
19	32183406
19	12729466
19	13328316
19	31222277
19	30112626
19	23716847
19	7995462
19	29805946
19	12544098
19	9207188
19	54566576
19	55528106
19	11069371
19	53176696
19	27758959
19	57961595
19	13450173
19	12784739
19	20608003
19	24141050
19	18452644
19	9683652
19	9045019
19	27913699
19	46532179
19	31177753
19	20008536
19	23783750
19	2666839
19	20074124
19	40857860
19	17373245
19	28411070
19	53099700
19	23821158
19	21503848
19	15500942
19	23681748
19	32025426
19	3769051
19	35326811
19	52981837
19	20660867
19	21013503
19	21644933
19	28146293
19	34788268
19	8078230
19	14805759
19	54131197
19	45867123
19	15082177
19	21365409
19	13960902
19	12116810
19	3508501
19	16478939
19	46579995
19	16604155
19	9243785
19	4569797
19	57131683
19	29108743
19	58066394
19	5168009
19	17303820
19	19511237
19	13181931
19	14814814
19	32338400
19	23372496
19	2610824
19	58054063
19	30652495
19	18887509
19	11619730
19	10899541
19	58092616
19	18778892
19	3500716
19	10228000
19	32791430
19	28840826
19	8412106
19	51742862
19	18817671
19	24034262
19	50633587
19	21709141
19	28061084
19	9840114
19	23961732
19	19040883
19	52384174
19	38287977
19	6325648
19	11528698
19	53872868
19	27969356
19	11338114
19	29199763
19	41836731
19	9270302
19	6635075
19	56070534
19	55710218
19	23670192
19	28418883
19	10598016
19	52868235
19	48040605
19	54485173
19	28227753
19	690383
19	18355813
19	23906305
19	16945866
19	14003503
19	23906400
19	56922503
19	11743202
19	20293179
19	5377026
19	22193444
19	13367356
19	27634730
19	44006189
19	5566221
19	31450095
19	3452685
19	51341724
19	4875696
19	15563170
19	30403133
19	47375836
19	28342944
19	3592173
19	4684630
19	723205
19	27832120
19	23687572
19	51943815
19	32318845
19	57259040
19	55756181
19	40080794
19	18514154
19	34852018
19	17395367
19	29725176
19	6274265
19	20474975
19	39941350
19	52209775
19	33223656
19	10932067
19	29181772
19	57174843
19	39193075
19	12253485
19	56621965
19	6671131
19	17213301
19	4262039
19	54588992
19	29565428
19	7723205
19	10617354
19	55184356
19	29586421
19	28397316
19	28486409
19	23776306
19	18766914
19	20025895
19	6371787
19	23717998
19	28280210
19	28302564
19	35214434
19	3355043
19	32957298
19	18501938
19	52189043
19	38142112
19	5924950
19	13864563
19	51345715
19	54379581
19	23190196
19	55561209
19	12655556
19	53254252
19	48320288
19	28150289
19	51406150
19	13519833
19	763508
19	17537541
19	14787436
19	21403434
19	14212603
19	52257962
19	7729644
19	39323213
19	1641899
19	48744436
19	9407655
19	22461034
19	30904520
19	45655255
19	56178600
19	57201927
19	16870233
19	31407369
19	6198522
19	21618479
19	57023884
19	27752515
19	487375
19	12345468
19	23906577
19	57921128
19	11363659
19	15087696
19	8002241
19	2423441
19	23906772
19	28077727
19	5873717
19	17761260
19	56166722
19	23907040
19	23818971
19	13407648
19	55945532
19	48579008
19	23566941
19	1916393
19	29830032
19	16505609
19	30203117
19	15206728
19	5949658
19	56886780
19	18556662
19	1360083
19	3409239
19	28220274
19	31629046
19	3664096
19	14493120
19	11635112
19	16939758
19	54700079
19	29489902
19	10372002
19	9035796
19	56476670
19	57244140
19	23906869
19	50547108
19	46446405
19	40954716
19	53018847
19	14944449
19	30578732
19	30256205
19	14250943
19	52004796
19	7192582
19	33620377
19	57205713
19	19449254
19	29410843
19	17728196
19	28359450
19	28538084
19	56057612
19	28229434
19	3828435
19	36447496
19	27912644
19	27914044
19	27915321
19	13386427
19	53555568
19	53936031
19	4654745
19	37987825
19	22755716
19	2624652
19	16572823
19	23815641
19	57072350
19	56259131
19	756985
19	23822811
19	2390105
19	22252489
19	9338661
19	34118777
19	17685588
19	35612615
19	27773931
19	2001534
19	22366651
19	57036921
19	58312797
19	17207146
19	2912268
19	13901352
19	29897091
19	8990996
19	38139520
19	5426438
19	58569904
19	41621829
19	43694374
19	17464090
19	20956856
19	30730512
19	38769360
19	39188739
19	3311832
19	51808242
19	35483300
19	12962676
19	51880396
19	33842596
19	7678502
19	15032642
19	2962277
19	51057766
19	7292572
19	51036971
19	21120940
19	15967554
19	22890403
19	2306576
19	14662172
19	14808898
19	53625517
19	14637301
19	10257374
19	28334588
19	35233861
19	22421763
19	19706940
19	10099035
19	5573333
19	4668405
19	28239619
19	10649984
19	12573745
19	15692236
19	23470848
19	30545227
19	35419102
19	13947066
19	46498116
19	30437730
19	20190836
19	50267929
19	9154005
19	31635306
19	8177627
19	54081109
19	45862414
19	55197857
19	34644604
19	4628307
19	32010383
19	23804300
19	17154434
19	30207786
19	56212123
19	48888147
19	56438598
19	56469420
19	12641359
19	18230100
19	22641717
19	15507960
19	20352676
19	28522014
19	33161341
19	27954049
19	23878143
19	10674590
19	19566201
19	4519044
19	13440350
19	44430478
19	27969717
19	16390426
19	7000770
19	2542675
19	7768073
19	10497388
19	31583827
19	6494764
19	13409115
19	1245701
19	32663099
19	28301122
19	19877872
19	31487802
19	23878342
19	29651358
19	8922548
19	15107771
19	28374462
19	12628840
19	28375138
19	40509015
19	40510665
19	12736738
19	52429167
19	33418945
19	13310736
19	6284652
19	39565655
19	27486515
19	27610214
19	27560417
19	27588237
19	27487537
19	24335807
19	24291451
19	27547799
19	34397147
19	36809652
19	36758248
19	30135805
19	47466723
19	47444725
19	37994584
19	37983420
19	37981704
19	38019616
19	20180454
19	48804742
19	49907293
19	40550886
19	44607002
19	5055185
19	44610699
19	29043175
19	7766280
19	6193402
19	17037346
19	16403960
19	3697777
19	10558277
19	55209873
19	1943974
19	16739724
19	4768905
19	39160190
19	2216533
19	30810340
19	30179531
19	32691414
19	4958369
19	28192649
19	2255337
19	18898661
19	5320068
19	2528707
19	5220604
19	39866483
19	15428628
19	29270841
19	24056884
19	24057208
19	18374112
19	18246554
19	18429834
19	34974283
19	4292600
19	33276662
19	9952769
19	50655223
19	8506419
19	38819580
19	18647445
19	11587323
19	7228154
19	33569965
19	55133238
19	55160006
19	29667636
19	17243777
19	10907727
19	19553041
19	56026162
19	6209555
19	29485503
19	29421507
19	11155908
19	11152974
19	5352540
19	15534809
19	23528311
19	56986255
19	10299117
19	1152657
19	44499215
19	58387689
19	58353702
19	1843494
19	12163706
19	13849572
19	13877226
19	14122922
19	52686319
19	56153170
19	16680632
19	21846703
19	49188565
19	54682157
19	663929
19	15836407
19	15811914
19	15992695
19	2514362
19	56413392
19	34825540
19	58108701
19	29834349
19	23041690
19	52165161
19	50727811
19	33641516
19	29664177
19	23521010
19	24163425
19	28297951
19	23184202
19	31381364
19	44447878
19	19057189
19	28589677
19	28316772
19	9863616
19	28267003
19	28374295
19	29207000
19	49147785
19	51080679
19	51422265
19	52264830
19	53719570
19	30081849
19	56739143
19	58446575
19	32466353
19	28011422
19	28027206
19	36906399
19	6158481
19	6278686
19	21064670
19	21122757
19	9886542
19	22303733
19	22560056
19	22600418
19	23384249
19	23580362
19	10150193
19	10770339
19	11076035
19	9161293
19	14526116
19	15368556
19	16979802
19	7419855
19	28861192
19	28145325
19	29658674
19	32970203
19	22873387
19	22628865
19	3578655
19	43564423
19	19408759
19	53551532
19	20643886
19	17191438
19	52424786
19	29903949
19	9064615
19	20032944
19	15454235
19	7083618
19	51507790
19	57606309
19	23261574
19	7934682
19	9586974
19	22495583
19	57677919
19	33415858
19	39187438
19	57078917
19	10486104
19	14227086
19	10232356
19	8502664
19	1263300
19	23558399
19	57657554
19	6522966
19	17310423
19	56484368
19	57632095
19	57774691
19	1329640
19	53778068
19	57672108
19	52771112
19	27955030
19	16828542
19	28301573
19	29315442
19	52473128
19	29327728
19	30882881
19	3989495
19	38653604
19	28920566
19	12613831
19	24185251
19	56492568
19	28102631
19	11726877
19	14383839
19	4640971
19	52797731
19	14383661
19	32142639
19	33546376
19	22334082
19	4847701
19	28452798
19	11603118
19	36056628
19	50797973
19	49909160
19	18258159
