18	3652789
18	22170692
18	22165428
18	4317381
18	22160164
18	4677814
18	4676989
18	4669023
18	3649372
18	28171320
18	74671970
18	55222651
18	47832992
18	25488795
18	48835070
18	660383
18	35816334
18	48577206
18	56908801
18	5788295
18	4253242
18	71593330
18	10143880
18	21478058
18	52755752
18	64499156
18	42243852
18	40316428
18	76472381
18	61202016
18	10354323
18	27582236
18	40101944
18	2000078
18	25461864
18	965989
18	68055331
18	53402071
18	22097825
18	78555261
18	55519023
18	25618561
18	11700535
18	2205343
18	3176379
18	45186763
18	52433867
18	3173966
18	10163631
18	52547147
18	8142165
18	2392820
18	43121760
18	21843734
18	21960506
18	2817054
18	63462532
18	3847600
18	63471978
18	64208351
18	53720147
18	53847232
18	1746420
18	10611417
18	7004308
18	26825636
18	46662542
18	1441749
18	64356646
18	23258322
18	32635189
18	21194306
18	59229447
18	5605990
18	7658681
18	26436193
18	1046303
18	69817259
18	48644508
18	74240541
18	38545694
18	26834723
18	75344323
18	21362622
18	4332068
18	38422227
18	24357057
18	26899996
18	76051715
18	76139717
18	76139840
18	52847785
18	70385716
18	52511752
18	7861458
18	45749754
18	77767873
18	56093398
18	56028630
18	32467425
18	24872126
18	54670833
18	67828757
18	44716377
18	48371824
18	78189051
18	78207361
18	41072411
18	48350764
18	3066946
18	4537701
18	57374781
18	868115
18	43845819
18	46357304
18	24215138
18	76970258
18	11298085
18	2528576
18	59990492
18	22197478
18	12747013
18	15152633
18	2948031
18	758443
18	37366205
18	75728677
18	11245831
18	11800067
18	3133036
18	820381
18	8546913
18	8546966
18	78155070
18	26398663
18	22352158
18	45997942
18	52800515
18	70490558
18	64850528
18	21870425
18	70325448
18	59431159
18	76979156
18	24156969
18	631435
18	1159777
18	2017452
18	2602430
18	2731494
18	2995375
18	4358654
18	5713233
18	6300936
18	7147080
18	7909133
18	8454503
18	8842968
18	8849089
18	8966146
18	9240415
18	9765615
18	12802417
18	13433611
18	13744985
18	22247510
18	21385561
18	24401209
18	24927027
18	24987294
18	25866578
18	26807270
18	27447966
18	27554582
18	27960338
18	29085904
18	29904777
18	29920663
18	30445579
18	30880681
18	30954035
18	31356870
18	31539527
18	32217515
18	32384767
18	32476552
18	32708203
18	34019295
18	33667097
18	34736210
18	37482200
18	37507420
18	38465748
18	38910835
18	40640135
18	40763772
18	41153998
18	41344595
18	41541524
18	41604132
18	43669177
18	43710120
18	43758922
18	44798317
18	44923750
18	45032126
18	45009749
18	45458835
18	46661515
18	46714570
18	47578004
18	47653512
18	47935796
18	51768533
18	52256833
18	52352438
18	53360757
18	55135284
18	55368005
18	57507911
18	57508201
18	59542566
18	62280066
18	62556609
18	63467049
18	63530560
18	63809220
18	65242825
18	56046106
18	56344645
18	10028004
18	66857980
18	1722426
18	69538906
18	69826648
18	69885102
18	71432372
18	71996050
18	72065360
18	72196596
18	72479149
18	72498270
18	72753816
18	73572346
18	73608728
18	73678814
18	74448609
18	75378041
18	75698127
18	75888113
18	76028682
18	76127016
18	77146580
18	58453422
18	55313404
18	59338423
18	59375546
18	62606455
18	64404091
18	66812969
18	24453297
18	66509128
18	58749461
18	212756
18	44952728
18	31827283
18	78911085
18	39821645
18	59986398
18	5460320
18	588745
18	6843260
18	895554
18	49140929
18	50276601
18	24163527
18	28185530
18	29040855
18	46588774
18	66362121
18	64050014
18	78619213
18	11548319
18	11559235
18	11576120
18	1203659
18	12160237
18	1798153
18	2941379
18	3183356
18	3373064
18	4588458
18	5037750
18	5191959
18	7276971
18	79948992
18	36422615
18	22718607
18	39561237
18	41071472
18	23066317
18	44660633
18	45573334
18	47399156
18	47420233
18	49733182
18	52093491
18	24863578
18	27353576
18	28447258
18	29775509
18	76798977
18	77513733
18	77986394
18	69543475
18	74590891
18	74593333
18	58488707
18	59083781
18	12375258
18	12663153
18	10205460
18	10312923
18	10484092
18	10493080
18	1091761
18	10849599
18	11073733
18	11096619
18	12312076
18	12867970
18	12921362
18	12968508
18	47561834
18	13463640
18	13875481
18	14007207
18	14085168
18	14582737
18	15375879
18	1932149
18	2266159
18	2326087
18	2552886
18	272535
18	3096167
18	3101522
18	3662879
18	379749
18	3999245
18	4172963
18	452284
18	4612698
18	519222
18	5467136
18	5675167
18	6524248
18	6640511
18	7434212
18	7962086
18	8241988
18	8664896
18	9787467
18	79535006
18	78167827
18	79862356
18	78252596
18	78454372
18	78705183
18	78915811
18	30990813
18	31000711
18	31363829
18	31856893
18	31986271
18	32509515
18	33848527
18	34158685
18	35043635
18	22368907
18	22584269
18	37664678
18	37843408
18	38040448
18	22668835
18	22682216
18	39037805
18	39888177
18	39898694
18	40165571
18	40335688
18	40496902
18	41677069
18	43707781
18	43707808
18	43799594
18	43822640
18	44530124
18	44969513
18	45163825
18	45249077
18	46075044
18	46280514
18	46619955
18	47464600
18	48194163
18	48642205
18	49162359
18	50236926
18	23881681
18	50564902
18	52653769
18	52721503
18	53917957
18	53919944
18	25579196
18	21506007
18	27195855
18	27943526
18	28430963
18	28512675
18	28586611
18	29054580
18	29387086
18	29660742
18	30122942
18	23834136
18	64695843
18	73346075
18	9285826
18	41826227
18	75745183
18	76362752
18	76374128
18	77323258
18	77390481
18	77550307
18	77795028
18	77877576
18	65336553
18	65823114
18	66292093
18	66640795
18	66679183
18	67427307
18	67508411
18	68141609
18	68500682
18	68502529
18	69459469
18	69655424
18	69933755
18	70421920
18	70987396
18	56190750
18	71036973
18	71257795
18	71316644
18	71690367
18	71851630
18	73006805
18	73136612
18	73283620
18	73656200
18	73831916
18	74216814
18	74356232
18	74414501
18	56542148
18	54757487
18	57026300
18	58572798
18	58994816
18	59182197
18	61607558
18	62499904
18	63305213
18	63584211
18	63687649
18	64327477
18	1320396
18	29236524
18	26391812
18	11437015
18	33446574
18	28005299
18	78303187
18	77187841
18	35198975
18	53477900
18	22537445
18	4305905
18	23933804
18	75200514
18	57601254
18	52448319
18	52552654
18	52600322
18	38357335
18	1414471
18	13666769
18	26746920
18	23901376
18	23964052
18	24144232
18	69212210
18	9102142
18	27993437
18	28368864
18	28151536
18	28246998
18	28283410
18	28377739
18	28086726
18	28039036
18	27952116
18	3457599
18	10869612
18	43483413
18	75396427
18	42672133
18	27898121
18	1652805
18	52704915
18	30471002
18	6744293
18	12341465
18	295246
18	68306522
18	25398225
18	37427899
18	5181710
18	10572646
18	77994232
18	10201122
18	13989971
18	60463143
18	63475936
18	21671445
18	38130381
18	78680807
18	8586839
18	37612720
18	14123807
18	24562126
18	35009350
18	38753622
18	76675342
18	2578627
18	12319583
18	37692397
18	21720977
18	13446600
18	77772883
18	53724293
18	77471646
18	78468700
18	77465912
18	59821556
18	31846706
18	76725723
18	79522558
18	13033054
18	50632248
18	27212111
18	43056568
18	80173715
18	21476265
18	47598951
18	12438403
18	69597599
18	57046933
18	67710598
18	79747931
18	71794086
18	3457187
18	10386327
18	75599881
18	3947730
18	2895090
18	8977213
18	71442042
18	76844434
18	63739083
18	41262942
18	48362399
18	54920520
18	12386681
18	74405821
18	70983826
18	45330382
18	73856286
18	1237425
18	7215101
18	2096768
18	32249379
18	988104
18	12395905
18	50651490
18	77589808
18	65042019
18	45288410
18	65380639
18	1167871
18	404000
18	75366081
18	52126048
18	67975666
18	44568195
18	51318095
18	80110152
18	8953593
18	48714646
18	25294420
18	23072559
18	12357291
18	77720765
18	37618953
18	43503570
18	79854947
18	65058776
18	50024797
18	13253599
18	63004143
18	77365327
18	9835799
18	21681452
18	10676438
18	28594003
18	5857092
18	60396574
18	26263988
18	29382234
18	79953591
18	23875595
18	70447476
18	778883
18	1993985
18	10083336
18	1173427
18	10877205
18	12991394
18	6294684
18	920150
18	76143716
18	50162870
18	58778025
18	48993772
18	76754324
18	8653959
18	4824347
18	381704
18	11136740
18	27307284
18	13970849
18	4270253
18	45159196
18	52063894
18	13430213
18	76374871
18	21605126
18	53816679
18	6671964
18	62480855
18	67003285
18	78451986
18	23487112
18	22124075
18	75574471
18	10346683
18	53218866
18	43742352
18	70383667
18	36539854
18	12582789
18	6985271
18	74390515
18	15026310
18	41815612
18	49619755
18	410997
18	34806117
18	76838352
18	2831498
18	48616735
18	61590740
18	73404993
18	39225415
18	77680790
18	26511860
18	46523429
18	57618504
18	36734060
18	75516136
18	77158259
18	23054167
18	13532209
18	79173569
18	22334390
18	25904360
18	63579742
18	52874076
18	76429808
18	32485231
18	13793949
18	2978537
18	41048987
18	8360364
18	9926971
18	75606816
18	59925107
18	65792305
18	28258616
18	6112435
18	23787668
18	26778555
18	27300614
18	55926157
18	73774840
18	37718005
18	37708264
18	22951357
18	51528068
18	44771169
18	1435745
18	58543955
18	22548919
18	64700621
18	4662961
18	10048992
18	74215300
18	27289461
18	7352785
18	65888910
18	68557728
18	680380
18	73437362
18	13907527
18	79019152
18	31800094
18	24732723
18	77964493
18	78026769
18	3842566
18	21714713
18	2410484
18	27003030
18	44754326
18	53357840
18	36560688
18	24283625
18	21678690
18	24679790
18	77664023
18	2347793
18	53410656
18	25833980
18	21054533
18	13163904
18	3825114
18	58638906
18	60437719
18	72429681
18	5781071
18	27636195
18	55361396
18	32322363
18	7973386
18	22393327
18	41458201
18	6882313
18	56195561
18	38584285
18	14097885
18	65786626
18	28132350
18	3078383
18	75786043
18	23170436
18	6734693
18	27810688
18	10863851
18	75382378
18	43664868
18	72711969
18	59278319
18	38248806
18	75692269
18	5731841
18	67795277
18	76389097
18	3397436
18	3952917
18	79937110
18	8694423
18	15240181
18	69443098
18	57603191
18	75382444
18	66565701
18	24373806
18	8193659
18	2011991
18	69699260
18	275078
18	10843060
18	14924066
18	12843138
18	11111602
18	76144118
18	78266204
18	57079287
18	23197450
18	71591931
18	23203759
18	52702500
18	25247823
18	46845210
18	78792667
18	1002611
18	49679062
18	25182503
18	14567628
18	71072953
18	75994706
18	8553600
18	77295659
18	13087405
18	77296076
18	3615944
18	78938599
18	24973688
18	23183040
18	805638
18	67405080
18	45408210
18	75764226
18	31341832
18	4619883
18	68928378
18	23226661
18	24897931
18	45549460
18	5829908
18	3458808
18	1838900
18	8843162
18	43928870
18	76088110
18	57764175
18	14185778
18	25703747
18	78421489
18	21945421
18	45738290
18	21064814
18	72254146
18	23275186
18	9180217
18	10742291
18	4581052
18	77893054
18	24898700
18	2473204
18	5045037
18	7342569
18	78959860
18	34075193
18	78637362
18	59940133
18	10827759
18	38404465
18	38397104
18	38385449
18	38379875
18	38379931
18	22277206
18	71828086
18	59453707
18	23398497
18	73840645
18	28965098
18	37753370
18	5255110
18	62214421
18	45094496
18	47502450
18	5509929
18	43653537
18	77370204
18	79007070
18	64640480
18	62383408
18	78051369
18	57424061
18	49880543
18	23732782
18	22209663
18	56184905
18	43075306
18	8001855
18	30976801
18	729030
18	52492072
18	68642184
18	21926711
18	44779873
18	71225180
18	25861028
18	61469843
18	59298950
18	3892412
18	1420483
18	52616055
18	56232156
18	28168169
18	6588866
18	25993134
18	15334115
18	75795614
18	45829717
18	7944383
18	68923542
18	78101392
18	3854905
18	34590057
18	48105121
18	8298734
18	31818283
18	38519937
18	3356367
18	1475647
18	45295862
18	65798264
18	23305164
18	11009079
18	24643486
18	29527707
18	75945651
18	13408961
18	70997827
18	78068523
18	5724484
18	13130682
18	25083579
18	57638928
18	71694225
18	52249635
18	38593341
18	66929349
18	61012708
18	68922645
18	27762081
18	73548119
18	30560367
18	7436205
18	244125
18	56351945
18	52908125
18	923095
18	13490059
18	73447878
18	26727891
18	22096394
18	52627204
18	35539255
18	6875694
18	63831162
18	43305024
18	73436156
18	78564504
18	57494237
18	59913320
18	24528748
18	28110963
18	74729579
18	77311087
18	35520961
18	56728984
18	66481450
18	46871681
18	53622715
18	14542649
18	44524939
18	33692274
18	58063147
18	6953990
18	76416795
18	36264425
18	78118886
18	8213202
18	67654735
18	26227856
18	60875504
18	59692200
18	23457844
18	48850450
18	25818542
18	45303994
18	60541027
18	51275710
18	23968294
18	52868666
18	57478145
18	61232494
18	14381967
18	11774155
18	12686674
18	23059491
18	77608852
18	62444004
18	50808371
18	3424360
18	3597527
18	22743652
18	77926067
18	29754299
18	40316632
18	8563115
18	79201088
18	62352617
18	27782257
18	32053471
18	41877644
18	69615854
18	11064410
18	8719124
18	22279918
18	8961331
18	67339797
18	25564233
18	15319252
18	57994591
18	62490357
18	27825210
18	77406456
18	21911267
18	77735871
18	52740377
18	9342068
18	48815064
18	73388494
18	35342711
18	27157944
18	69021389
18	44014064
18	70616159
18	53142415
18	61008736
18	25660690
18	56449863
18	36621682
18	80256699
18	29136892
18	6507213
18	1495397
18	51749599
18	27610887
18	42757836
18	12551819
18	1256381
18	55629696
18	60236040
18	11703236
18	10233295
18	3680476
18	48002872
18	25857162
18	36428505
18	24851022
18	23845022
18	69441673
18	52483308
18	25772015
18	67274539
18	74368908
18	23436829
18	5161462
18	47925950
18	38599709
18	54832395
18	24578685
18	1658817
18	27663364
18	61336481
18	12547562
18	3415833
18	61683274
18	47732912
18	38146954
18	26375041
18	61425491
18	26763962
18	77236868
18	38964566
18	57107188
18	10708503
18	27843619
18	13303865
18	26245893
18	23232455
18	7280217
18	25630299
18	64804288
18	45284692
18	63006558
18	25450686
18	6490914
18	8900319
18	59458089
18	51204761
18	2498727
18	8711944
18	11837557
18	4479612
18	23939672
18	54026802
18	54115633
18	54151997
18	31975110
18	59417939
18	78405831
18	37992515
18	47533527
18	46494651
18	31364375
18	31739460
18	36272654
18	3382401
18	12211484
18	77037961
18	73829693
18	5252120
18	54431165
18	26844671
18	31544461
18	70678052
18	12931790
18	74042591
18	66133399
18	50630883
18	44826113
18	59142511
18	75611995
18	39901211
18	24508931
18	71566334
18	40294666
18	64702856
18	69679204
18	21257888
18	66262008
18	72926967
18	73793203
18	40732746
18	11670538
18	56726873
18	43186559
18	32107051
18	67940879
18	59159618
18	12927115
18	42605821
18	5408998
18	25879828
18	53760134
18	27082048
18	72736330
18	3472665
18	32505720
18	29139392
18	33977726
18	67291571
18	78675166
18	44171504
18	78724906
18	71585027
18	401869
18	10252745
18	1593816
18	79583164
18	62033777
18	3330064
18	71129481
18	9888998
18	28650050
18	37581437
18	3219853
18	66335948
18	21804032
18	55053638
18	24345885
18	67957695
18	4145920
18	1443316
18	58326712
18	7096978
18	231763
18	48258555
18	78062359
18	68660077
18	67690240
18	27364354
18	51643634
18	77477853
18	1604097
18	76156129
18	51336183
18	72452643
18	1708002
18	70766432
18	38026847
18	2611877
18	8343059
18	77520733
18	71058869
18	15055093
18	3432386
18	60497934
18	77160115
18	5665455
18	77052969
18	14997824
18	72071804
18	31985813
18	40243188
18	3954737
18	43228910
18	44733297
18	30990163
18	70441801
18	24189127
18	44596190
18	13050996
18	76785253
18	48545949
18	69417425
18	26592974
18	25445023
18	30216346
18	23366832
18	73924063
18	43672735
18	13246169
18	29392641
18	64347416
18	1742206
18	62111998
18	67345866
18	6612501
18	27113257
18	55392517
18	22436336
18	72715260
18	23916202
18	38846732
18	43266844
18	62428516
18	21445943
18	3817134
18	12942219
18	74766597
18	32511341
18	32083511
18	46396922
18	25550419
18	889158
18	57148076
18	2558525
18	25824617
18	23385842
18	77917867
18	6844025
18	36445982
18	76142490
18	24000528
18	55210198
18	55282426
18	4482183
18	23895189
18	74400447
18	21117965
18	800088
18	70808381
18	70732062
18	70771344
18	13829081
18	13815681
18	13725434
18	13662151
18	13553265
18	13649282
18	49068644
18	13584640
18	13562009
18	13651571
18	61438126
18	9095602
18	48325646
18	14823579
18	54860234
18	53442603
18	5288696
18	56134324
18	13186709
18	71485790
18	1051046
18	59057029
18	80150182
18	22210115
18	2093875
18	78109826
18	14605780
18	12959060
18	22778351
18	21234448
18	10199282
18	35140578
18	74532924
18	49521506
18	5918679
18	71114510
18	62488517
18	57523394
18	48597260
18	50845024
18	23707144
18	67552997
18	73820730
18	72975138
18	3460917
18	67544901
18	11192146
18	65243721
18	21918389
18	59862059
18	38193313
18	36503276
18	27175445
18	21636903
18	11396260
18	9726894
18	59962240
18	67118907
18	22647881
18	10433385
18	23701097
18	13512013
18	59506804
18	5102748
18	73762324
18	21609705
18	22034365
18	60794793
18	22465793
18	77869558
18	13484652
18	42280072
18	73109414
18	74813324
18	74167188
18	10419478
18	58239667
18	13660591
18	36503373
18	74636655
18	27105405
18	72447220
18	78101064
18	73109237
18	30565365
18	75480522
18	66900768
18	10275562
18	46720318
18	27133306
18	25981384
18	40919993
18	44280637
18	67172999
18	75911987
18	59443882
18	74419366
18	76902545
18	58123436
18	24878284
18	69726462
18	26356627
18	39832264
18	12685575
18	67055823
18	14734476
18	72891610
18	10284626
18	71377358
18	46713660
18	73250375
18	44259720
18	35155343
18	22404706
18	62774217
18	45669728
18	21264238
18	73569230
18	22517451
18	5766007
18	22429640
18	45127796
18	76733068
18	6562238
18	25696378
18	39206150
18	79517405
18	67265096
18	76985451
18	67052152
18	53854127
18	57648727
18	22422153
18	67758292
18	50260269
18	66112082
18	72939360
18	45189055
18	36067707
18	9648421
18	11643986
18	49950420
18	25147011
18	72830023
18	4468555
18	39760700
18	1441977
18	63762018
18	21244148
18	31833442
18	77632712
18	26034739
18	25742720
18	40058800
18	71381576
18	54532065
18	66028237
18	24846767
18	23670735
18	13455059
18	72666632
18	25165541
18	67545775
18	78107528
18	13895691
18	34365570
18	78074719
18	57592838
18	47711289
18	28684507
18	900522
18	12513417
18	55091064
18	30247621
18	14747531
18	76401491
18	2126551
18	74558754
18	21086617
18	25471776
18	59298896
18	12267157
18	74924357
18	37784134
18	76621670
18	15126522
18	31767216
18	24649922
18	60453040
18	833255
18	8836199
18	22469706
18	26362591
18	444687
18	11818311
18	26386632
18	57285905
18	8244337
18	53765305
18	49934610
18	72098659
18	44260484
18	73679312
18	36587184
18	72846884
18	12610946
18	58064745
18	21645432
18	4056394
18	55431862
18	73392271
18	5144731
18	61401621
18	13763654
18	78134302
18	22208633
18	63143579
18	22166058
18	61902647
18	25493729
18	77932029
18	26204875
18	77221047
18	25440959
18	5721888
18	34189954
18	13975228
18	40089140
18	77742873
18	39325663
18	80034810
18	61499308
18	13841805
18	29378729
18	26305099
18	9487445
18	38525993
18	13417316
18	69750673
18	30028891
18	75312855
18	76354698
18	61927426
18	55507897
18	68877845
18	22387541
18	74348415
18	77659504
18	55984913
18	75597328
18	41868755
18	66594534
18	79916210
18	23505391
18	24990252
18	24960887
18	12648200
18	23333878
18	64474783
18	27011941
18	7192876
18	77975145
18	68028981
18	36572104
18	57849806
18	13771764
18	7375926
18	67048787
18	73606042
18	77719582
18	1460454
18	24126526
18	29542802
18	40953753
18	1481897
18	737535
18	70689180
18	77008428
18	69579918
18	6734218
18	372041
18	30178190
18	6516388
18	1497839
18	26437167
18	55916226
18	52002138
18	77938666
18	37588300
18	74391472
18	57995310
18	47906222
18	35597529
18	36099009
18	75874901
18	68941588
18	64347380
18	65804851
18	13240285
18	69284621
18	11724980
18	28239673
18	49503206
18	50001447
18	65878106
18	63007665
18	4652431
18	67346654
18	12705464
18	47718207
18	70851249
18	11210676
18	25288195
18	15191534
18	27140022
18	48220005
18	59655917
18	60217517
18	12575026
18	475155
18	27145926
18	1908847
18	52400417
18	10955873
18	9585339
18	78445740
18	78719152
18	23109185
18	23568899
18	78944368
18	25434737
18	22109762
18	52516998
18	24776674
18	31006998
18	22329149
18	77343825
18	48832653
18	76791920
18	79381167
18	55270641
18	65604266
18	73494552
18	32390023
18	58534713
18	27927030
18	25056379
18	42165166
18	631211
18	2381431
18	2572096
18	7625321
18	80162809
18	1832994
18	14515590
18	37302696
18	23114959
18	14528963
18	32675675
18	68025155
18	55244471
18	79207502
18	5050456
18	45564677
18	54937957
18	38468969
18	27262877
18	40766419
18	41656598
18	47288992
18	47288850
18	30446181
18	67916382
18	51878594
18	48371289
18	69379690
18	47108385
18	69296897
18	63433460
18	50183556
18	29085239
18	35406636
18	64431233
18	11808378
18	74388589
18	38522912
18	53338298
18	6819048
18	39354407
18	52349382
18	41904246
18	31182825
18	50585571
18	78526876
18	26660837
18	1771761
18	1758000
18	1821650
18	55385947
18	29838634
18	2629369
18	69493359
18	52318057
18	50315522
18	65532329
18	67553837
18	67711050
18	52259936
18	7760500
18	45123087
18	61629148
18	71484180
18	9709484
18	59111478
18	59124550
18	52620675
18	75803188
18	75828789
18	43900562
18	54057859
18	55794714
18	55794640
18	67530343
18	21184678
18	68261248
18	45717878
18	33812359
18	36539084
18	5014340
18	77748981
18	53378836
18	21557873
18	63781955
18	63710345
18	11045806
18	70939416
18	1472221
18	1921642
18	7156092
18	68436164
18	68116409
18	27411178
18	4211925
18	22669909
18	63706631
18	30072347
18	30046474
18	21870342
18	29301899
18	25460632
18	25483547
18	27547644
18	24477947
18	45488821
18	45464897
18	29186142
18	55973548
18	56039261
18	74868957
18	22208340
18	22208422
18	6437845
18	27268045
18	27118873
18	59605642
18	40708285
18	60559879
18	73798495
18	42692002
18	53295714
18	6921269
18	6790733
18	76032543
18	52365955
18	42496351
18	72605843
18	41864549
18	40421168
18	40420184
18	40411654
18	47311793
18	47216497
18	43440766
18	43464256
18	26790635
18	57018560
18	1762594
18	1751274
18	1845636
18	1842187
18	1877478
18	38761355
18	38695614
18	64874073
18	29923943
18	7898536
18	7826505
18	2758139
18	43425470
18	4050913
18	4056421
18	4025719
18	69529347
18	69522124
18	30469742
18	30541722
18	30409800
18	3246826
18	72217108
18	52352250
18	52361630
18	65625354
18	65584912
18	24204066
18	59429664
18	52165639
18	52213990
18	31687834
18	46506719
18	24742939
18	71340793
18	24880422
18	24810240
18	24782897
18	24870398
18	54622852
18	46497916
18	6287727
18	61689541
18	61590758
18	61627834
18	61650994
18	41056717
18	11387978
18	51393608
18	51340018
18	44326459
18	33467705
18	33471918
18	32456580
18	75807604
18	75804183
18	43814806
18	43860186
18	43929690
18	64011167
18	42319581
18	7105989
18	41042547
18	64668755
18	76620997
18	63704206
18	28335176
18	22234833
18	38750432
18	7089088
18	4970507
18	59561218
18	69861981
18	31189169
18	43729551
18	24795675
18	11541257
18	77727284
18	5209021
18	12951739
18	27400586
18	55810588
18	68743831
18	67561174
18	8869782
18	21075490
18	21249185
18	21288689
18	24758202
18	31751789
18	70339505
18	70273341
18	45633508
18	27046925
18	27068669
18	71984504
18	72039273
18	66252746
18	29622608
18	61131250
18	60921894
18	69291571
18	4951803
18	71703638
18	64715948
18	64732179
18	77829212
18	77902891
18	77841261
18	55919440
18	10948637
18	75962766
18	76029806
18	1464858
18	1964160
18	1063446
18	44472236
18	44522882
18	26869085
18	36491221
18	62445013
18	44124824
18	68479485
18	68379151
18	59142346
18	68036625
18	68084754
18	68136764
18	43277479
18	43180346
18	27371383
18	27376309
18	4237574
18	29276186
18	26251685
18	57542169
18	66222595
18	2963697
18	26530174
18	36156217
18	41207881
18	66653875
18	37540169
18	37401653
18	37498896
18	37551481
18	51109583
18	71581359
18	71585449
18	5250347
18	73436563
18	61551834
18	38652625
18	36111350
18	59516312
18	6915831
18	52910291
18	56888170
18	48757541
18	11176069
18	59240749
18	855263
18	37476035
18	36456333
18	4195364
18	68526607
18	80168314
18	24579905
18	61216179
18	61130928
18	1535956
18	61163177
18	43258288
18	39659114
18	45646786
18	54000034
18	10935311
18	55846903
18	47547686
18	66444901
18	26524353
18	57085083
18	74902232
18	74450023
18	74441552
18	73870407
18	73838276
18	72473770
18	47340478
18	78544708
18	32199242
18	43428220
18	79427165
18	1738360
18	70079063
18	46526021
18	8828574
18	24112322
18	11202172
18	28540773
18	78097219
18	4495320
18	27419720
18	1185290
18	9025908
18	39237978
18	74366548
18	45398640
18	60485401
18	2228201
18	6766274
18	31048038
18	53721557
18	31041329
18	65329246
18	78759774
18	34429708
18	63730844
18	64315594
18	76298184
18	47365998
18	31050938
18	1817361
18	30513690
18	22787922
18	2765107
18	33504790
18	67808760
18	42256091
18	24748208
18	79472709
18	4946563
18	4529974
18	46634213
18	27417646
18	4201153
18	79667088
18	39437628
18	23598881
18	77163772
18	39433807
18	24067920
18	55379346
18	31060637
18	58105003
18	55294371
18	7556210
18	62480179
18	56213791
18	26909098
18	5545821
18	58105311
18	49936287
18	3640742
18	59731543
18	26952372
18	26942053
18	3267810
18	53871367
18	51691103
18	77106558
18	6326320
18	6371040
18	13504041
18	77603017
18	77636538
18	59701214
18	23519619
18	23551965
18	76010020
18	76102815
18	76061198
18	56941561
18	57031990
18	56994863
18	56958998
18	4636935
18	79496062
18	55373990
18	64858536
18	64868508
18	3228233
18	3220452
18	3215232
18	28094895
18	3329115
18	3359239
18	37269279
18	37280895
18	37288773
18	24080310
18	45203498
18	31662329
18	31639209
18	26752512
18	77136742
18	77130251
18	77121500
18	24710747
18	24726735
18	24637791
18	24659412
18	24917398
18	24923344
18	24936902
18	25941299
18	3655393
18	26380526
18	26369454
18	26332492
18	51428088
18	26276344
18	24717487
18	39470720
18	10815700
18	10842936
18	10823630
18	28676842
18	46643734
18	46754763
18	46771888
18	13059327
18	23587336
18	13185735
18	23856770
18	13431472
18	24265682
18	24394901
18	24654548
18	21363123
18	13936688
18	14020463
18	25515855
18	14101472
18	25684651
18	25708796
18	21436028
18	1768511
18	26003991
18	26567162
18	2023008
18	26652633
18	26771090
18	26812413
18	21535170
18	26833913
18	338113
18	2221543
18	26874387
18	26934819
18	26948985
18	26954363
18	2309116
18	2375819
18	2416629
18	27053574
18	27125014
18	27277440
18	27438174
18	27633753
18	27640056
18	27657536
18	2890770
18	3374134
18	28584661
18	3791194
18	3799334
18	3839896
18	3861269
18	3921133
18	3940775
18	3961994
18	4002200
18	29071920
18	29164535
18	4450737
18	29622354
18	4609374
18	29885729
18	608018
18	30212104
18	5410750
18	5585174
18	5643772
18	5724191
18	47174332
18	6038126
18	6326455
18	6363281
18	6635801
18	47303411
18	7105839
18	7113487
18	849967
18	7448198
18	7541143
18	7628957
18	7678220
18	7828556
18	47430168
18	51165326
18	51299879
18	951148
18	8794094
18	8824511
18	1014559
18	8982734
18	9063839
18	52409378
18	9353811
18	1082022
18	52704587
18	9799257
18	9815102
18	47613733
18	9846036
18	10070201
18	53219052
18	14130973
18	53400334
18	53849506
18	47875125
18	35235719
18	31389045
18	38287457
18	46666934
18	51654319
18	30959935
18	21979472
18	31269252
18	31443322
18	22005646
18	22049278
18	32193208
18	32198424
18	22091639
18	32387370
18	32477818
18	32542310
18	22185778
18	34732048
18	35432897
18	35460911
18	35625933
18	35801384
18	22464615
18	22465491
18	22490628
18	36699856
18	22547697
18	37667855
18	37811204
18	38022422
18	38569885
18	38790294
18	38904645
18	39027402
18	39339073
18	12399482
18	13437180
18	3007946
18	14253538
18	40699856
18	3445828
18	40855454
18	41082494
18	10440594
18	10472894
18	41389063
18	41418756
18	41529927
18	10562578
18	41757053
18	10924342
18	11028131
18	42239566
18	42358545
18	11378848
18	11398925
18	11440536
18	1274310
18	11846946
18	12006699
18	12012468
18	42965157
18	42969417
18	12489939
18	43201213
18	43228960
18	43271021
18	43274004
18	43274556
18	43282282
18	43569852
18	23202082
18	43588526
18	43826554
18	43826646
18	43869022
18	44660445
18	44745921
18	44776250
18	44782004
18	44905535
18	45243549
18	45266341
18	45275419
18	45286585
18	45296969
18	45434011
18	23413368
18	46030450
18	77711305
18	51707498
18	4488698
18	76109152
18	57399877
18	70801348
18	32554061
18	50161500
18	50181059
18	74856028
18	74887581
18	74909646
18	75055313
18	75181178
18	75371902
18	75487372
18	75521962
18	75657167
18	75757864
18	75782039
18	75831363
18	75901311
18	75965379
18	76018258
18	76073545
18	76090256
18	76157881
18	76407611
18	76436412
18	76455207
18	76615127
18	77199324
18	66155457
18	68230510
18	69784286
18	62229732
18	58119127
18	59986835
18	60591597
18	60889128
18	61288269
18	61400281
18	61413821
18	61651504
18	61658404
18	61664796
18	61946045
18	62013323
18	62427455
18	62624902
18	63108606
18	63919819
18	64312992
18	64350002
18	64701910
18	64751208
18	64811146
18	65592893
18	65885806
18	66229028
18	67316547
18	67349174
18	67360421
18	67414666
18	67560394
18	67574143
18	67629808
18	67651162
18	67659207
18	67789743
18	67827292
18	68155969
18	68236608
18	68282792
18	68346581
18	68470657
18	68705998
18	68800426
18	69039081
18	69074209
18	69194905
18	69221625
18	69231708
18	69648071
18	70066246
18	70536987
18	70693941
18	70713005
18	71005719
18	71190430
18	71285661
18	71307627
18	71503673
18	71751258
18	71911085
18	72662570
18	72808804
18	73014153
18	73078389
18	36488015
18	36455550
18	73199672
18	73298626
18	73382635
18	73566756
18	73687938
18	73800192
18	73960335
18	74044071
18	74396721
18	56370230
18	56752465
18	6341662
18	23688236
18	23625602
18	45749345
18	80090098
18	65052950
18	3149098
18	65226634
18	48739528
18	23254343
18	23379598
18	24497013
18	24593180
18	24722071
18	5553098
18	5539739
18	69692124
18	23845027
18	24212686
18	24303398
18	24954876
18	63785486
18	63776849
18	63801546
18	63819483
18	25021259
18	25520853
18	75782149
18	25898506
18	25987789
18	26601304
18	71806983
18	68778830
18	70340385
18	70451146
18	23808039
18	65070482
18	25736759
18	76449325
18	71178606
18	66965230
18	71370731
18	71468533
18	54058099
18	70720782
18	71829516
18	75868243
18	71998994
18	76151759
18	72241435
18	72455866
18	72458637
18	76466183
18	4564544
18	1487817
18	5717272
18	5757787
18	6009235
18	6092336
18	6370903
18	6393828
18	6397478
18	6404554
18	6544261
18	6951061
18	10294092
18	27911938
18	27973462
18	28012563
18	28045253
18	28148729
18	359884
18	5415502
18	27885880
18	1640431
18	8201982
18	6007276
18	8813909
18	28174711
18	9292995
18	11492239
18	1801013
18	2166794
18	25597742
18	12534215
18	28057017
18	14090404
18	352577
18	722814
18	54239740
18	7862991
18	76520039
18	429355
18	36415625
18	8429652
18	8572794
18	1215305
18	11670037
18	2048608
18	55396488
18	55532793
18	55538707
18	12816548
18	13188491
18	26645013
18	13379783
18	60896130
18	26790152
18	65140400
18	65133168
18	65118476
18	14056605
18	14071523
18	26990683
18	14137658
18	38147663
18	38308300
18	61954534
18	40134406
18	62229088
18	35536214
18	3864912
18	76756969
18	37181742
18	49962648
18	50854156
18	51739700
18	22143688
18	33876727
18	35097669
18	36365808
18	28539801
18	40842346
18	26639012
18	52604913
18	37187261
18	26701022
18	26721285
18	57768840
18	39636151
18	26892027
18	59035713
18	41226896
18	14351151
18	46755184
18	46766261
18	30596745
18	27253567
18	62153075
18	43122818
18	40457620
18	21520756
18	43267943
18	43276432
18	30531422
18	72990154
18	49615873
18	66280720
18	66398933
18	72845352
18	31411098
18	40437614
18	56045923
18	61296514
18	51242851
18	51501695
18	51626071
18	35783627
18	36211050
18	45201918
18	73244682
18	67302217
18	32436954
18	33752496
18	52358580
18	63115978
18	37458520
18	48318129
18	73441418
18	33794130
18	52338901
18	57918831
18	73597136
18	52679431
18	58873825
18	40859066
18	57652212
18	73608849
18	58911721
18	59020838
18	67700130
18	69354764
18	59380689
18	39955669
18	60392893
18	73840023
18	69637493
18	44497940
18	65593804
18	65693067
18	73948865
18	72813983
18	72835818
18	47460849
18	45036978
18	24479404
18	24828603
18	25048919
18	25748780
18	25891852
18	25925210
18	26318807
18	26451181
18	49867621
18	22526950
18	22528193
18	50072202
18	68289458
18	68514626
18	50695737
18	9884506
18	74437279
18	66766511
18	51920056
18	33466418
18	30289418
18	52355191
18	61139464
18	34012174
18	52427477
18	74542844
18	45408123
18	69234778
18	52443191
18	73599972
18	52667587
18	73625792
18	57451760
18	59055712
18	14557429
18	2942086
18	5980360
18	13773758
18	13493555
18	13634203
18	13594103
18	6056848
18	3365870
18	3314312
18	5590927
18	5559691
18	26417303
18	26404849
18	27962798
18	25792350
18	25851754
18	25835407
18	36112001
18	23957998
18	24947012
18	13689592
18	13697315
18	11831762
18	24447660
18	24380053
18	25831199
18	25841729
18	37507494
18	13058319
18	37783323
18	51688971
18	35752831
18	49948127
18	56992624
18	66438623
18	49935823
18	49933715
18	49919037
18	49944456
18	52425406
18	58101763
18	3606274
18	13680933
18	64888498
18	64875082
18	11930946
18	55335982
18	55343883
18	55275596
18	2961051
18	49271427
18	69899351
18	74188803
18	79683046
18	23593245
18	23664073
18	23712458
18	23581170
18	23562376
18	23606934
18	59785802
18	59752241
18	31060037
18	77115050
18	77153783
18	77172208
18	77139855
18	78998016
18	36045407
18	36091734
18	35961126
18	56103335
18	34852718
18	69867948
18	69854798
18	57559879
18	36474810
18	36466685
18	24351881
18	31091249
18	31103275
18	74261636
18	69795290
18	69889410
18	2973485
18	3263821
18	3324560
18	3304631
18	3316178
18	31556500
18	31566955
18	39556317
18	39590975
18	59719071
18	59692151
18	59778626
18	59778956
18	3648579
18	3611839
18	3656488
18	46147598
18	24555060
18	24555825
18	22752325
18	26294860
18	9545871
18	47856234
18	47883776
18	47843486
18	56166888
18	56177933
18	56142783
18	56136132
18	70708358
18	26996858
18	63318646
18	6357139
18	23524924
18	53241798
18	76668213
18	3199086
18	29216593
18	14954304
18	6117638
18	29098655
18	61200599
18	37628864
18	40349324
18	70043158
18	53721133
18	50809957
18	58228523
18	25628837
18	74652837
18	67857969
18	46569740
18	28778791
18	61253613
18	8621432
18	14308621
18	43603056
18	7267672
18	29102295
18	29185688
18	29209121
18	53780685
18	2160387
18	42746900
18	6926855
18	69097978
18	50765215
18	49153529
18	25650582
18	25677222
18	43929821
18	14583729
18	56477672
18	15122503
18	59204985
18	68086037
18	28901167
18	15082790
18	70623618
18	38277474
18	40769344
18	72477119
18	58374424
18	40427300
18	40415291
18	75208148
18	75221232
18	75098417
18	39974341
18	46463233
18	40944295
18	9611499
18	51476309
18	25946203
18	52678034
18	36542447
18	41390833
18	5030290
18	25913397
18	78194881
18	11021542
18	39146343
18	68599989
18	44149005
18	43145430
18	4150108
18	77629177
18	1050811
18	10769839
18	71003521
18	5071786
18	48638516
18	2143154
18	12736557
18	12809341
18	7608913
18	11411400
18	22411469
18	6668641
18	23862657
18	533191
18	51595926
18	55251269
18	49832381
18	57958267
18	45109522
18	73415167
18	62393891
18	60020341
18	45901110
18	57660068
18	30685454
18	35963697
18	24590666
18	11752944
18	40429869
18	53577519
18	27922887
18	10302387
18	52685890
18	24625595
18	66754373
18	1098010
18	75979095
18	1078944
18	77576733
18	5724507
18	10808725
18	10729882
18	10777575
18	1265931
18	2090516
18	5888042
18	785430
18	2002664
18	2006122
18	2029279
18	2042444
18	2062846
18	2069950
18	4653557
18	12550748
18	5555732
18	5529008
18	22118508
18	13993455
18	13965957
18	27034228
18	7592890
18	7391210
18	7397775
18	29006462
18	34368187
18	30552611
18	28154972
18	40106475
18	6549668
18	6547132
18	6626373
18	42188781
18	41211070
18	24967240
18	24996061
18	24999727
18	1557275
18	1531119
18	1523227
18	1513488
18	33665907
18	31706838
18	31529679
18	37420124
18	51200506
18	21852469
18	35177238
18	37812109
18	37839233
18	65734583
18	57110871
18	71630621
18	71634825
18	71674059
18	72849971
18	55179494
18	77486189
18	64935569
18	73564334
18	73559188
18	73408114
18	57528449
18	59995947
18	57359981
18	61921954
18	61938567
18	68355521
18	75697671
18	75618285
18	75750899
18	60360824
18	60386818
18	60428327
18	71986080
18	57197115
18	38657714
18	59823092
18	66916324
18	30775082
18	30788070
18	30701286
18	30764318
18	40250353
18	49491450
18	73359044
18	73398546
18	73313295
18	73303620
18	73649337
18	73583915
18	73603791
18	49683955
18	78272305
18	65462437
18	56178686
18	56111739
18	77359080
18	58399813
18	41951174
18	59539473
18	24544454
18	6306122
18	63845940
18	39115119
18	70824250
18	2068871
18	25015586
18	37461933
18	65838829
18	1116419
18	40291420
18	68985609
18	5431001
18	10892655
18	50375967
18	30703445
18	56054359
18	25755361
18	23645569
18	40314113
18	9454480
18	46611277
18	66733383
18	61017738
18	4462824
18	29333467
18	59320215
18	75522500
18	75811820
18	40994456
18	48182639
18	1635747
18	28199578
18	53754820
18	31366141
18	7853694
18	50473645
18	59109588
18	22360232
18	9438259
18	942859
18	36389713
18	13120384
18	66344444
18	72829776
18	66928790
18	72767902
18	77097372
18	49567494
18	48312016
18	33785352
18	36485007
18	12006036
18	79413979
18	3746791
18	60519815
18	47459913
18	8353595
18	32045243
18	59738713
18	78632789
18	54816355
18	78619598
18	31971748
18	54860068
18	65630436
18	76080187
18	59479263
18	78736620
18	75574026
18	78650533
18	67670214
18	54818542
18	40149797
18	9857288
18	8358873
18	78718016
18	25617916
18	26545720
18	31438151
18	59906329
18	41297884
18	57058041
18	49888532
18	38532122
18	77369334
18	37462919
18	37463035
18	13190108
18	9508999
18	66217372
18	11237430
18	40487049
18	40467532
18	12792955
18	40029916
18	71059556
18	65759743
18	59937693
18	49194391
18	74263523
18	39304240
18	38517889
18	71269173
18	71483999
18	45603484
18	76651105
18	63697610
18	63698973
18	892309
18	5632289
18	7397013
18	66667666
18	42898684
18	31259021
18	40677418
18	1863547
18	46292936
18	52513306
18	74713899
18	50561279
18	22057954
18	21199784
18	30990582
18	63808327
18	47273144
18	62556868
18	2032308
18	35712395
18	79025505
18	60169647
18	69883176
18	77003697
18	30872612
18	69477656
18	29173774
18	79340844
18	5067480
18	57763510
18	10354652
18	10440918
18	10295287
18	10294909
18	10288145
18	10426038
18	10409934
18	10385100
18	10333502
18	68322425
18	43108939
18	59418312
18	57367128
18	58370256
18	22095901
18	23909922
18	47483346
18	7819374
18	48707696
18	7118956
18	36441065
18	884743
18	74374039
18	30741837
18	8183262
18	7304954
18	12762046
18	48231030
18	9807170
18	65953163
18	30643972
18	30558906
18	11761955
18	74471994
18	76310550
18	31305153
18	52835214
18	21403805
18	75446649
18	50635113
18	55355416
18	69480826
18	8518203
18	44923319
18	9348492
18	24096260
18	24869211
18	79825701
18	7054432
18	67469511
18	21073649
18	63996083
18	64054479
18	78161478
18	77827252
18	47558021
18	2460333
18	5912349
18	5971756
18	13812786
18	11553981
18	12731855
18	28125175
18	6581718
18	13199303
18	31516956
18	37408552
18	21875043
18	71088807
18	68869350
18	72870579
18	67057301
18	8519369
18	40293103
18	45002345
18	61381467
18	22478145
18	14105924
18	8645909
18	1574273
18	53803856
18	27126697
18	73910131
18	42618612
18	6867508
18	23251045
18	69817976
18	78589043
18	56310138
18	30509526
18	33854522
18	42235469
18	51718383
18	68814036
18	63252648
18	72798594
18	36653679
18	76529897
18	10765354
18	1485158
18	1488184
18	434403
18	13921537
18	66619529
18	37453062
18	77294929
18	48191825
18	1576815
18	64385950
18	72578505
18	29823534
18	21283660
18	54702172
18	31473762
18	4976161
18	51774558
18	5151206
18	64622278
18	75648556
18	37641667
18	4047094
18	24830279
18	1647405
18	6126367
18	52618720
18	51910712
18	70903878
18	29390901
18	3067280
18	904710
18	23535033
18	3595286
18	32210415
18	8361187
18	79698037
18	45369029
18	27247992
18	45366792
18	31154786
18	51422234
18	76039194
18	67727086
18	70406521
18	40712987
18	9806924
18	9804315
18	23479003
18	59158845
18	63639456
18	76868824
18	23646025
18	50284935
18	10626554
18	13336842
18	58497932
18	79943476
18	79934168
18	74508848
18	35290051
18	24139363
18	79713127
18	11466336
18	77013210
18	2921446
18	47848683
18	14084929
18	23946123
18	23951548
18	58316098
18	21742112
18	65862780
18	12884467
18	9783481
18	11506645
18	5955912
18	3075780
18	3075556
18	677621
18	49929553
18	34490481
18	52925451
18	35972462
18	72536831
18	62109333
18	9828451
18	8181790
18	56781547
18	23214031
18	70020624
18	79461207
18	22932397
18	26905723
18	65843940
18	68017223
18	5437968
18	5449747
18	5455064
18	60707360
18	60926956
18	32215138
18	64616966
18	48594569
18	48932953
18	48955700
18	23745798
18	24051280
18	26803955
18	26804576
18	505472
18	73819381
18	1487971
18	1585459
18	1681353
18	1858934
18	2485799
18	2751927
18	78626173
18	44475307
18	45404483
18	79630343
18	70406454
18	8910870
18	3499769
18	3494893
18	3482788
18	3480648
18	22050802
18	22285484
18	75990655
18	76636959
18	77891367
18	77558729
18	61187788
18	61079448
18	61085703
18	25570273
18	56731234
18	27218680
18	23556958
18	26626083
18	26614812
18	67703851
18	67654665
18	51359049
18	47172166
18	73067473
18	50125167
18	50185593
18	34532441
18	78991058
18	14908176
18	8387654
18	34524866
18	55264798
18	23533321
18	61469453
18	56060271
18	56251693
18	65965716
18	12782762
18	12800821
18	12741371
18	30568418
18	45401199
18	45443649
18	45383761
18	56000024
18	41181160
18	41171695
18	74838212
18	74903971
18	76338219
18	76316449
18	59568166
18	13479313
18	40806068
18	6868926
18	25691204
18	57799364
18	1408385
18	47060731
18	47163736
18	31142076
18	4588854
18	4509325
18	46100734
18	78488407
18	78630807
18	34604712
18	75291535
18	75214087
18	75311188
18	75301487
18	70371226
18	70393497
18	70395638
18	70409968
18	75635708
18	75642642
18	75644776
18	75674525
18	75620922
18	11010511
18	72108877
18	21394777
18	21430175
18	50790789
18	50809784
18	50800008
18	65995466
18	65982848
18	41530671
18	41555634
18	41481643
18	56080194
18	56034610
18	24288293
18	39384434
18	30787927
18	31659225
18	61219418
18	25675431
18	78482139
18	691173
18	712037
18	75927770
18	75843162
18	45453697
18	45463617
18	45504220
18	54097462
18	30544447
18	30600392
18	30598044
18	27719019
18	27729450
18	458662
18	463606
18	426016
18	43501367
18	36333535
18	11065707
18	11050415
18	74881162
18	74844080
18	65869582
18	65879315
18	24293927
18	24300313
18	75311377
18	31030266
18	10898728
18	10964324
18	10884847
18	10971987
18	36643603
18	36651307
18	55963110
18	77761036
18	56301965
18	71810932
18	56391808
18	11014090
18	11008837
18	10997119
18	57818282
18	57797291
18	77706340
18	50875968
18	3899729
18	47159308
18	47249526
18	2508672
18	2518261
18	2518724
18	15007418
18	79673717
18	47234292
18	47243946
18	913444
18	70937450
18	71078874
18	45201822
18	45206032
18	73952549
18	41505800
18	31577605
18	45522001
18	66008054
18	66003005
18	1811416
18	27704270
18	33102988
18	66081653
18	33203260
18	44028241
18	77275676
18	77298523
18	77376929
18	39608090
18	77765395
18	25645524
18	30589224
18	30535989
18	30595619
18	75905670
18	75984916
18	75976279
18	35014108
18	25601418
18	25586607
18	25608230
18	698312
18	25614533
18	24271316
18	31017329
18	31038583
18	31031022
18	78507149
18	4451032
18	4433136
18	4415794
18	14366258
18	12067534
18	23140920
18	24329690
18	21461874
18	4511960
18	21948726
18	23424686
18	901896
18	876095
18	422163
18	466810
18	4592823
18	21628890
18	21635033
18	21638955
18	661647
18	687270
18	12721269
18	12775264
18	12671194
18	12821594
18	12811746
18	703442
18	10448337
18	28651552
18	36299194
18	50836294
18	41198885
18	8629311
18	11870016
18	36222563
18	67847774
18	50820755
18	50839465
18	50783781
18	74673092
18	77329446
18	77316545
18	64115142
18	64083824
18	63339596
18	63297824
18	57385691
18	34576223
18	75650298
18	77674126
18	11403704
18	57786552
18	74023891
18	74013097
18	74007472
18	73989314
18	73959727
18	73949639
18	21613148
18	21598765
18	21627806
18	65391482
18	63299164
18	77336195
18	77208751
18	77257706
18	77246651
18	77299764
18	77300608
18	77360975
18	27736850
18	59551608
18	12040934
18	50064998
18	12633155
18	45552162
18	45565696
18	39653429
18	39614535
18	78817653
18	44651231
18	47756678
18	56128390
18	74862212
18	668650
18	75722373
18	3623189
18	1255183
18	13496939
18	827359
18	21968938
18	25275636
18	1402308
18	27088269
18	23471808
18	39059685
18	3279417
18	6097448
18	22129925
18	10129496
18	14598139
18	9732080
18	76856048
18	24336115
18	11113959
18	21106405
18	11605151
18	23452426
18	76197694
18	13370325
18	11719251
18	10107752
18	11063872
18	3009822
18	78038241
18	3065955
18	25803506
18	55469754
18	76322959
18	27937360
18	55397260
18	14993210
18	41797772
18	5479160
18	23360624
18	48981387
18	48999821
18	52182590
18	26211669
18	3202885
18	21229466
18	640076
18	21031282
18	20993884
18	21021187
18	21020594
18	21011142
18	74893669
18	9990164
18	9965182
18	9959638
18	30577423
18	64441444
18	31312543
18	9942078
18	9933878
18	5091944
18	5078654
18	5079329
18	5085156
18	9973665
18	21413663
18	21435870
18	21435670
18	21404928
18	21403157
18	55327991
18	9901120
18	50411224
18	30517525
18	9898383
18	5167442
18	5173797
18	5096937
18	55488998
18	58198381
18	58230488
18	44393569
18	78933158
18	78868060
18	51933444
18	78753505
18	78752308
18	78741662
18	78687145
18	47729951
18	25957401
18	62317589
18	78711389
18	78693854
18	78677601
18	78670365
18	78766018
18	30235644
18	30198565
18	30263238
18	51950685
18	54319600
18	62402235
18	50547702
18	50523851
18	50511280
18	55416634
18	55420401
18	55405601
18	55410564
18	26010239
18	78905175
18	64418565
18	64439381
18	64445556
18	21745521
18	21815995
18	21799460
18	21733147
18	30280231
18	30264158
18	44395679
18	66543511
18	50548888
18	50486782
18	50504535
18	78965624
18	78978993
18	78994350
18	35384085
18	62400892
18	22735380
18	22729269
18	22724121
18	22709614
18	22709809
18	22719150
18	22765995
18	22760609
18	48674681
18	21814080
18	21732805
18	21780615
18	21775961
18	21775546
18	21766741
18	21787898
18	55501012
18	55558897
18	50445854
18	21625180
18	78921541
18	69811341
18	62414860
18	56410856
18	23498752
18	1105248
18	40006452
18	68692384
18	68713228
18	30402234
18	30416632
18	30355965
18	59785871
18	59797173
18	59691215
18	59716336
18	1901533
18	1896279
18	1888238
18	30389144
18	59570246
18	57656713
18	57697598
18	745884
18	8620325
18	8636002
18	51379696
18	51424676
18	51420556
18	51383189
18	51384233
18	51610970
18	51764620
18	51740564
18	51751956
18	51680539
18	37086189
18	40879515
18	40718447
18	40727977
18	46688416
18	46618000
18	46590422
18	46577543
18	46642668
18	46644484
18	46651433
18	9558527
18	9464121
18	32619388
18	7809255
18	7176763
18	7140908
18	7127387
18	71392708
18	71380915
18	72099290
18	24632226
18	24630006
18	24627625
18	24687281
18	24694436
18	24701516
18	14037474
18	13605101
18	6365382
18	75560361
18	20960892
18	3709508
18	3701250
18	8701637
18	6348422
18	3832120
18	21603013
18	7917016
18	42451368
18	42368661
18	80193170
18	42362343
18	42356816
18	43445821
18	11909260
18	26270218
18	25354087
18	3642939
18	11447695
18	22221301
18	1616302
18	24259502
18	11676650
18	75669050
18	1944121
18	14795870
18	21421819
18	23207905
18	55586948
18	35541281
18	35490527
18	47920434
18	76168216
18	28775936
18	28742836
18	26198662
18	49033509
18	542910
18	78213295
18	578881
18	76117854
18	76089421
18	76067403
18	76074314
18	9523905
18	21112383
18	22598747
18	27205470
18	50332183
18	57737535
18	5152738
18	57708421
18	5160142
18	46670992
18	54276417
18	12831325
18	31524241
18	36139081
18	54884485
18	13882487
18	14090272
18	80045949
18	80136961
18	36199742
18	36730705
18	38655629
18	43270331
18	674320
18	45682394
18	2915221
18	23544946
18	57026920
18	57354494
18	10681714
18	21127889
18	12223146
18	13760291
18	45722256
18	56996339
18	55464257
18	61553161
18	26855854
18	21495847
18	3086067
18	13574207
18	48624604
18	79435885
18	79704170
18	79718577
18	49591849
18	12010647
18	63487760
18	45683135
18	45671808
18	3794467
18	10528546
18	49280210
18	77005161
18	55300969
18	50724684
18	31461771
18	31467004
18	76460070
18	21454595
18	74274423
18	8110807
18	10362362
18	13664223
18	69631634
18	58535536
18	31044008
18	2518698
18	61737950
18	3464652
18	76805357
18	75474272
18	74292901
18	74147887
18	49492840
18	2926404
18	44215428
18	68277708
18	49872179
18	54406646
18	46668987
18	346821
18	2937648
18	2891849
18	56731175
18	76623290
18	79547368
18	22871067
18	79331308
18	32688825
18	3760342
18	70234714
18	30856426
18	78951366
18	36598227
18	2339458
18	2467023
18	2387375
18	42638103
18	43111710
18	77668219
18	4427991
18	3817522
18	52407792
18	70213167
18	72102050
18	22881319
18	11974750
18	37334783
18	26839742
18	50619678
18	79003842
18	15071414
18	3592147
18	3505055
18	73732863
18	8571756
18	51291327
18	79570508
18	46752948
18	51752262
18	35443785
18	37356919
18	37317487
18	60061715
18	15245489
18	41826259
18	77027066
18	57511228
18	3753689
18	7167131
18	78982915
18	45492183
18	45433192
18	31076769
18	3873447
18	46411566
18	50655958
18	2452253
18	12899343
18	3848826
18	27816526
18	47966655
18	67126074
18	78020432
18	3463419
18	14352093
18	63266393
18	13999050
18	398147
18	2979830
18	67262303
18	35038929
18	14136062
18	11629701
18	36547271
18	67585403
18	3768254
18	14283102
18	79490638
18	47605710
18	14385837
18	26978562
18	76381366
18	10395222
18	27027232
18	6315089
18	3472616
18	7133687
18	67581284
18	9553181
18	24073874
18	24088100
18	65176867
18	58328489
18	58290755
18	26984130
18	48071279
18	76753980
18	52046182
18	79847884
18	14988114
18	57940626
18	21047239
18	14710843
18	78513215
18	6995740
18	67754083
18	67800625
18	67328018
18	10908650
18	29577035
18	25421750
18	72403305
18	69688800
18	40504561
18	43094576
18	52131785
18	25232544
18	1669426
18	3678632
18	43611354
18	75918889
18	70225755
18	51958728
18	43778734
18	9109486
18	58149097
18	42345931
18	45211271
18	22707480
18	3458688
18	42346613
18	9984481
18	11938805
18	6889974
18	6994505
18	40160493
18	34208063
18	38569448
18	22440495
18	22613622
18	25375580
18	55154402
18	67317090
18	71219017
18	53529517
18	53965023
18	64499925
18	40369738
18	67352289
18	42560380
18	75581540
18	26508223
18	4060983
18	62349000
18	22028342
18	72225454
18	10909139
18	58497305
18	76737718
18	5252281
18	7689334
18	22302440
18	40139553
18	27795661
18	77702434
18	48770307
18	37865677
18	15046175
18	78079663
18	3209129
18	3199900
18	66125836
18	280039
18	55083238
18	35823072
18	3467415
18	33016515
18	27057358
18	69695991
18	12540107
18	75934400
18	75547555
18	68903186
18	29572945
18	7048278
18	21126484
18	57682682
18	6455038
18	38953012
18	7689543
18	74310841
18	73308153
18	67081089
18	61141790
18	40149813
18	34482933
18	52756715
18	66375746
18	64562936
18	53657309
18	5022178
18	62623306
18	77636823
18	69591067
18	50735792
18	67204102
18	72295911
18	10242311
18	58487339
18	76644434
18	21444189
18	55100883
18	58471711
18	41143706
18	53156936
18	57864015
18	52060722
18	29203559
18	25132827
18	29282470
18	75291083
18	40741091
18	34404428
18	25263904
18	43588346
18	76720436
18	69721118
18	6942806
18	78044546
18	24277416
18	67455027
18	8227346
18	79511138
18	35355646
18	25250815
18	67093270
18	22613394
18	22189062
18	34082542
18	3039188
18	1178171
18	21978918
18	48874192
18	78242769
18	67793266
18	4069027
18	67685916
18	3046988
18	22380392
18	40550538
18	67191032
18	29603517
18	40196150
18	73406955
18	47293184
18	25141551
18	70937351
18	12100529
18	71178056
18	77909790
18	6440713
18	65856730
18	6969762
18	70423438
18	11569179
18	48046423
18	38804388
18	24110904
18	54690239
18	71882773
18	26925289
18	26462911
18	29526581
18	24464436
18	75956958
18	69518821
18	12588629
18	72710075
18	67103303
18	24980444
18	62347230
18	4821262
18	6446270
18	8582181
18	80127256
18	11163257
18	55113678
18	66354062
18	67371660
18	8340931
18	75823349
18	49959524
18	30256589
18	6759891
18	25142113
18	35281957
18	61813848
18	66304668
18	22690181
18	41033622
18	75370696
18	76658984
18	6672546
18	58943953
18	7184193
18	70330048
18	75575154
18	21662986
18	25062535
18	25171903
18	23159409
18	67231745
18	24195653
18	25258359
18	25311667
18	4327490
18	22168265
18	73943708
18	73357515
18	23839794
18	64503491
18	11982211
18	6649600
18	25176309
18	23154535
18	12656771
18	35891821
18	63445173
18	23239126
18	23134671
18	27864277
18	12445633
18	59530641
18	6455371
18	22370156
18	22400044
18	11307694
18	41143721
18	40386933
18	77918746
18	74747268
18	59760249
18	41116018
18	48793314
18	34138561
18	64506852
18	44470911
18	57915022
18	11315011
18	25341751
18	68912372
18	1777012
18	71660603
18	25195966
18	2404135
18	76766320
18	74626357
18	22625386
18	41144957
18	7192458
18	38451158
18	60057956
18	46526368
18	25122710
18	58073172
18	2184723
18	75427053
18	4341519
18	69596922
18	39417922
18	11168362
18	11616670
18	33265882
18	75539781
18	21933556
18	65474051
18	25092475
18	41149462
18	27701183
18	6615921
18	10951687
18	58056083
18	11317800
18	72945355
18	76998682
18	26713320
18	77045982
18	77046784
18	26706717
18	26775195
18	43431380
18	9860784
18	26588419
18	8750411
18	2084277
18	60169599
18	58116451
18	307134
18	65197717
18	2192946
18	13073642
18	42745306
18	7516846
18	22525019
18	2166642
18	2111077
18	34978180
18	60228805
18	7468621
18	59278854
18	57346635
18	10113322
18	10940213
18	11266120
18	11286965
18	11417598
18	12262403
18	13870773
18	2639565
18	2901009
18	3074787
18	3138555
18	3380117
18	4164167
18	4261884
18	479891
18	4752817
18	5424808
18	5664553
18	5671732
18	5832746
18	6497117
18	6720034
18	6900244
18	6928181
18	7249742
18	7417759
18	889904
18	10011640
18	10121730
18	10285093
18	10322133
18	10753489
18	10787467
18	11454809
18	11522204
18	11913468
18	11923486
18	1213559
18	12054719
18	12155453
18	12230172
18	12431507
18	139767
18	12893253
18	13178320
18	13207253
18	13281866
18	13313995
18	13467276
18	13884514
18	13952712
18	14035864
18	14055455
18	1699469
18	1937230
18	2476774
18	2548129
18	2840837
18	2854004
18	3247258
18	3438825
18	3717383
18	394141
18	3789544
18	3886118
18	3916561
18	3928785
18	4022527
18	4106917
18	4318407
18	4502178
18	485968
18	4793500
18	4909342
18	4981539
18	5352987
18	5473726
18	5475678
18	5615157
18	5622781
18	5657197
18	5812658
18	5930980
18	6531880
18	6556721
18	6653591
18	6680659
18	6693108
18	6858427
18	7040278
18	7109601
18	7148729
18	7351433
18	7585142
18	7600430
18	7717351
18	7771134
18	12525882
18	8281597
18	853849
18	8383864
18	8400499
18	8472941
18	8579819
18	8585338
18	8604388
18	8699990
18	8811866
18	8893909
18	8936109
18	8941449
18	8978831
18	932568
18	9420506
18	79363950
18	79873739
18	78228841
18	80118775
18	78124353
18	79322131
18	79576836
18	79608374
18	79773722
18	79813548
18	79868684
18	79879585
18	79970197
18	80096499
18	80187442
18	80199442
18	78520463
18	78539058
18	74684833
18	78113348
18	78810960
18	78833152
18	78859733
18	78901243
18	40153969
18	31109181
18	31646481
18	31761767
18	33733160
18	34006168
18	35242418
18	35770275
18	36519009
18	39347830
18	39807545
18	39848070
18	32503040
18	33611583
18	35252619
18	36217219
18	36536780
18	36582847
18	37298263
18	37351117
18	37873421
18	29665886
18	38878517
18	38886540
18	38942100
18	39509651
18	22101555
18	21061861
18	22259048
18	22557477
18	22984312
18	23164290
18	23405824
18	24233008
18	24898337
18	24907266
18	25113657
18	25465973
18	25507206
18	25591827
18	26966672
18	21599802
18	28326605
18	28505121
18	29029434
18	22066442
18	22074176
18	22099180
18	22206891
18	22229506
18	22241607
18	22254958
18	22268900
18	22328534
18	22367700
18	22423703
18	22566777
18	22578610
18	23147647
18	21157563
18	23311063
18	23324442
18	23430874
18	23780776
18	24209383
18	24606645
18	24770733
18	24803353
18	24889526
18	25027759
18	25042481
18	25321587
18	25459550
18	25715147
18	25830090
18	25830387
18	25938044
18	25951267
18	25998562
18	21487518
18	26650226
18	26667486
18	26818212
18	27334364
18	27796509
18	27860294
18	28291084
18	28448904
18	55162304
18	55748146
18	55789712
18	56261205
18	57137001
18	54862787
18	54961692
18	55115907
18	55444691
18	22502867
18	12445408
18	66517076
18	58213871
18	42918919
18	12855441
18	10555123
18	74660630
18	43405557
18	28918712
18	10019181
18	12481378
18	58164465
18	74688384
18	12505090
18	643814
18	77656645
18	13109556
18	594262
18	42895086
18	37390664
18	43904270
18	45620185
18	46544002
18	42982317
18	43117375
18	45039413
18	45083417
18	45569278
18	45587456
18	45684682
18	45689160
18	46403991
18	46704221
18	46706892
18	77228356
18	77800202
18	77846738
18	77856281
18	76772778
18	77103899
18	76757183
18	77589113
18	76561256
18	76583650
18	75243147
18	75355780
18	75377518
18	75387736
18	75679899
18	76046148
18	76218313
18	76231703
18	76572771
18	76580361
18	76639424
18	76668686
18	75262352
18	75283582
18	75305187
18	75344761
18	75533658
18	75566592
18	69693219
18	73799815
18	73903626
18	66877081
18	67247715
18	67301472
18	67970750
18	68484188
18	68522453
18	69142972
18	69244032
18	69327853
18	70420104
18	70658460
18	71033102
18	71116827
18	71144773
18	71879337
18	71948881
18	71972794
18	72407088
18	72386807
18	72569694
18	72667768
18	72769244
18	72817261
18	73080163
18	73715620
18	73830758
18	73830860
18	73958338
18	74461189
18	60516698
18	68647047
18	34975189
18	26685155
18	9910251
18	9863665
18	49846704
18	49633547
18	49650941
18	50226682
18	50753472
18	48076850
18	48095841
18	54247471
18	48267546
18	48524493
18	48739803
18	48927093
18	47521299
18	47507636
18	49650541
18	49954956
18	49977209
18	49980247
18	50744301
18	51537737
18	51546431
18	51569585
18	47931707
18	51708681
18	51991550
18	52654334
18	52800703
18	52897687
18	48079370
18	48108783
18	48216466
18	47579195
18	48381299
18	48476387
18	57444252
18	59122766
18	61363629
18	62180202
18	63015643
18	57925034
18	63593276
18	64241590
18	64242805
18	64303876
18	58127007
18	58407267
18	58482882
18	58612753
18	58629878
18	58794414
18	58942774
18	59015970
18	59042890
18	57500153
18	59135318
18	59150195
18	59210819
18	59787829
18	59982649
18	57744685
18	61736953
18	57781150
18	62495558
18	57882829
18	63135698
18	63240694
18	64108773
18	64135070
18	64514749
18	65529601
18	2259283
18	22499276
18	63025793
18	26620164
18	78996673
18	78987412
18	14702025
18	14578028
18	14569900
18	47346122
18	63286830
18	63250600
18	63225129
18	63145982
18	63139639
18	49333154
18	22640329
18	68447508
18	24519685
18	55787138
18	58426767
18	59464716
18	38474197
18	3569836
18	12422890
18	10482793
18	61599697
18	10910942
18	10979950
18	26862762
18	26784713
18	78302939
18	39703869
18	34983373
18	79731280
18	297805
18	7533568
18	42082553
18	46830786
18	624631
18	66640961
18	49322963
18	49836038
18	79589075
18	35057975
18	582838
18	11524452
18	40985580
18	54253069
18	79121798
18	2101957
18	7488135
18	26688528
18	57518785
18	66528373
18	62901195
18	28067324
18	68228851
18	2200876
18	10056187
18	22545887
18	60494452
18	74695906
18	8741582
18	37349136
18	26758515
18	7564525
18	7038463
18	67812634
18	12456560
18	60562270
18	58115711
18	28073983
18	79755138
18	77686384
18	62945303
18	6999378
18	26694855
18	24514866
18	60547055
18	58125855
18	12388303
18	31787522
18	7516348
18	68400228
18	26630767
18	10187081
18	11562632
18	35064562
18	26740362
18	7573512
18	59300469
18	24509280
18	11532533
18	74640719
18	45733344
18	35158096
18	77269205
18	60183122
18	35121576
18	4275455
18	2122220
18	9961704
18	74707766
18	2148967
18	57494402
18	68273660
18	304139
18	26778992
18	76886987
18	563815
18	28903165
18	26599892
18	79553459
18	10535916
18	10549438
18	74740746
18	74666345
18	74773119
18	7024346
18	12474506
18	49279737
18	34967655
18	5986417
18	79766471
18	7441462
18	76894899
18	14172164
18	24505900
18	40980293
18	35081453
18	1883686
18	11572432
18	551688
18	10465316
18	2075914
18	80081794
18	78972221
18	4304557
18	5918325
18	58107771
18	10511305
18	12502515
18	24531551
18	67839533
18	567127
18	49781620
18	615394
18	59300007
18	76915143
18	8799296
18	5942644
18	78975786
18	5990969
18	65415362
18	12462604
18	6923292
18	10121182
18	11487402
18	2104792
18	36260911
18	65439933
18	8066416
18	2138186
18	45858191
18	36261038
18	36249114
18	3585158
18	62994308
18	57477200
18	5971040
18	54218564
18	79741317
18	10542480
18	26608447
18	10026090
18	49259688
18	58139097
18	5983731
18	56598616
18	8672634
18	68576943
18	4326811
18	13142416
18	13151880
18	10640780
18	4310590
18	13094802
18	57505062
18	603871
18	250047
18	79053958
18	5954021
18	12498879
18	7458217
18	61542871
18	2075769
18	2152090
18	8679824
18	60479538
18	35188820
18	24415472
18	6011809
18	3580193
18	5337439
18	55597946
18	32311641
18	43292268
18	78354242
18	44194278
18	77073533
18	6940523
18	75133360
18	78399959
18	60503650
18	75141004
18	6930902
18	8384850
18	354439
18	80111138
18	55593501
18	27548823
18	60517323
18	68826170
18	24408285
18	8131183
18	43365995
18	9849012
18	50898084
18	68261994
18	8713090
18	9997435
18	11887658
18	4366070
18	76328791
18	11879343
18	8892908
18	34982438
18	71521655
18	67816957
18	6940287
18	76999370
18	78322352
18	68205866
18	49878828
18	54270606
18	7723488
18	57537244
18	2282085
18	8340625
18	42902438
18	5148002
18	79713086
18	59498640
18	59470810
18	10677995
18	237570
18	7697055
18	6992272
18	65261665
18	2953800
18	60589418
18	61507002
18	8792478
18	3528494
18	62503368
18	8725018
18	4285070
18	50959597
18	8798376
18	42951468
18	10090069
18	78356277
18	43373168
18	62616714
18	63623023
18	65081673
18	78306845
18	556501
18	42744859
18	67794796
18	9693641
18	72583437
18	2168672
18	3683212
18	32310079
18	8836490
18	24423766
18	6985632
18	59484766
18	9869014
18	44873082
18	362199
18	2932191
18	55580920
18	10567477
18	78362871
18	78368804
18	11961190
18	44880471
18	286971
18	75151747
18	322522
18	316558
18	9676412
18	12962871
18	65180894
18	77655792
18	37322384
18	11946740
18	79835228
18	60230966
18	42144311
18	8331827
18	35046682
18	8858297
18	2968754
18	50888556
18	56535922
18	8458192
18	3503653
18	2292492
18	8830082
18	24431417
18	3519410
18	7751791
18	8835871
18	26899598
18	26881054
18	8374773
18	2280477
18	3466813
18	55513315
18	79761740
18	6033404
18	2297888
18	35068326
18	72574102
18	8408433
18	5937733
18	10054688
18	5959149
18	8418408
18	31794220
18	9625752
18	42615088
18	10581307
18	12032985
18	67839236
18	59474321
18	4242200
18	12382466
18	14550023
18	22094017
18	76815197
18	72340598
18	57093600
18	58660260
18	55544800
18	77078180
18	59244483
18	59474885
18	44848759
18	355944
18	4383437
18	10042026
18	68261396
18	62859669
18	79576478
18	56576323
18	10473729
18	8356974
18	6001129
18	42608779
18	2281934
18	42843181
18	8413519
18	79401411
18	71493068
18	79640047
18	60532768
18	78411683
18	2189068
18	68989744
18	10161578
18	10455683
18	10501470
18	10791750
18	10795043
18	11127493
18	1125056
18	11659502
18	11770429
18	12280923
18	12984145
18	13849326
18	14372351
18	1548548
18	1731153
18	1948681
18	1969450
18	2351160
18	3031811
18	3057215
18	3101004
18	3104691
18	3108046
18	3141691
18	3254797
18	3294787
18	4040429
18	4191087
18	4749983
18	4780621
18	4797074
18	5497895
18	5803820
18	5843070
18	5896377
18	6333933
18	6690638
18	6781017
18	7275561
18	7382674
18	750937
18	7503518
18	7607128
18	794272
18	8237065
18	8275859
18	840239
18	8529383
18	8563624
18	9029582
18	9456057
18	9576123
18	9775375
18	9919968
18	78012884
18	79180235
18	79186129
18	78158499
18	78174789
18	79900397
18	78245598
18	78779807
18	78826071
18	78882967
18	31415530
18	33443600
18	33460135
18	33628489
18	21077450
18	36623830
18	37436254
18	37554492
18	38045148
18	40298565
18	23103129
18	45143564
18	46019389
18	46330031
18	23539327
18	47532543
18	47886967
18	48238609
18	48310862
18	48361621
18	48742724
18	48972709
18	23758312
18	49345662
18	50136124
18	50382186
18	50614989
18	50833360
18	51398332
18	23988403
18	51603752
18	51818314
18	52437781
18	52589516
18	53051336
18	53220821
18	53660173
18	21298497
18	24821943
18	24887271
18	25066771
18	25127717
18	25477748
18	25893744
18	26257810
18	26311930
18	26491974
18	27382164
18	27684377
18	28080414
18	29134027
18	30339523
18	21908005
18	30818781
18	25968868
18	75186950
18	3589670
18	72553687
18	56522302
18	264012
18	37319415
18	55653795
18	65400418
18	37328617
18	10086758
18	10491284
18	55565247
18	55552048
18	37328001
18	75775133
18	75881351
18	76192403
18	76225587
18	76779719
18	8821303
18	77756749
18	77862736
18	77882592
18	77938845
18	75395190
18	42858702
18	67275758
18	67477616
18	67639192
18	67761446
18	67989925
18	68220050
18	70967796
18	71383921
18	71686954
18	72820984
18	73399782
18	57094451
18	57188916
18	57981037
18	65278856
18	58171930
18	59164754
18	59656558
18	60995190
18	61704863
18	62359938
18	63068216
18	63173375
18	7024999
18	63497836
18	26813999
18	64173153
18	44904403
18	12847137
18	59279359
18	79048140
18	7031315
18	8462680
18	6977045
18	10100139
18	71449164
18	55546656
18	43372665
18	65311995
18	68238881
18	2966842
18	26824536
18	32258555
18	26735229
18	2990702
18	11953188
18	4385048
18	46740873
18	35164163
18	54249017
18	67857539
18	10604365
18	68266311
18	4339053
18	2164641
18	32321412
18	56532604
18	79002163
18	41729225
18	50335486
18	55857038
18	49827954
18	61995108
18	27999349
18	68292110
18	63991208
18	8392721
18	36797462
18	32266951
18	5988746
18	11994599
18	67893775
18	42932170
18	11885577
18	10670602
18	79690637
18	12001420
18	76343633
18	2154926
18	220658
18	78395578
18	44192599
18	79725167
18	4391893
18	8866530
18	9701785
18	6308209
18	9648132
18	10687719
18	68778039
18	3002438
18	76369729
18	2869918
18	11968118
18	530318
18	8303372
18	32217995
18	34938826
18	9629318
18	11992266
18	26022182
18	8346344
18	36675340
18	68192151
18	10663097
18	71447931
18	68565793
18	69216724
18	8144271
18	76424316
18	8855941
18	8807351
18	76409435
18	6980458
18	6999695
18	72535273
18	43451332
18	62930521
18	52300229
18	37697885
18	78501025
18	32776684
18	21297490
18	61579183
18	24736881
18	41298151
18	75359128
18	342424
18	59072943
18	28215250
18	33652585
18	57652240
18	6607254
18	8355050
18	59034635
18	25300108
18	78426733
18	66364518
18	26503665
18	716739
18	73288138
18	25498116
18	48325706
18	6021273
18	45691427
18	13326750
18	57022388
18	38196334
18	48053297
18	11499840
18	70267143
18	14182251
18	10705746
18	24857224
18	38358411
18	5155398
18	1804119
18	30397848
18	79467476
18	71149732
18	63493365
18	26561412
18	49648309
18	3234811
18	74632553
18	7294454
18	30367626
18	79124533
18	23619089
18	25668959
18	2377089
18	72681118
18	55453354
18	23887653
18	76548077
18	9482935
18	12976561
18	50140979
18	77453039
18	75304029
18	74735466
18	13541606
18	69132900
18	5021645
18	25206514
18	1231239
18	50588386
18	2188399
18	3942535
18	9729897
18	77438547
18	1648913
18	2276243
18	2504946
18	58882777
18	60387872
18	1675017
18	2243990
18	61983484
18	8482653
18	59038384
18	39293288
18	23354978
18	2152516
18	9446100
18	7622516
18	61284456
18	72452384
18	72482498
18	73674191
18	9057542
18	79140411
18	13068110
18	78057704
18	4112361
18	76185874
18	36598520
18	39154788
18	69613249
18	62543828
18	77948980
18	3094289
18	32118230
18	76260221
18	43979177
18	4824082
18	48924606
18	73674175
18	12274836
18	26485787
18	76356628
18	9792368
18	8207447
18	29778504
18	64741951
18	994945
18	12994469
18	71215324
18	54012121
18	2745679
18	14962126
18	74930439
18	75769622
18	28361497
18	75015495
18	32072864
18	63388546
18	26282075
18	13554096
18	27347470
18	75117256
18	13515631
18	77219507
18	48125886
18	11989374
18	48448238
18	2483515
18	4571090
18	30037261
18	44739741
18	30468328
18	43259341
18	1850819
18	55438474
18	3636289
18	3784627
18	76601600
18	25347793
18	76095005
18	77212643
18	50798089
18	68233019
18	23753554
18	78595084
18	21077798
18	76523735
18	6687258
18	45963898
18	40415557
18	74009173
18	9500988
18	12350506
18	67763602
18	42525692
18	75167168
18	40276332
18	22360182
18	9539546
18	7578784
18	51767632
18	71115317
18	64287611
18	25404472
18	59070505
18	24343361
18	7510155
18	66316916
18	4557098
18	57155302
18	1514628
18	39725002
18	76395195
18	72171595
18	11183983
18	77584058
18	23927593
18	873544
18	61276793
18	63232095
18	3478586
18	58769811
18	63346402
18	13047869
18	78773765
18	13271320
18	43937509
18	3214670
18	1662986
18	51289136
18	78907529
18	70548217
18	1972345
18	34456431
18	67906298
18	2361996
18	9727995
18	23091603
18	21757024
18	21653470
18	23575360
18	21248408
18	27189107
18	44608318
18	57455493
18	38461161
18	63518519
18	58287989
18	23763390
18	773091
18	61896820
18	44754200
18	981800
18	75702957
18	79621710
18	11000275
18	11032029
18	8006999
18	55939288
18	53567505
18	23269017
18	27094821
18	74806926
18	55476342
18	23216540
18	79009285
18	2593663
18	64502823
18	26221553
18	49754570
18	80156655
18	74233466
18	29583680
18	57239503
18	30050147
18	10752047
18	7614811
18	53112905
18	8511588
18	69731972
18	79561874
18	73638478
18	9596426
18	6574509
18	53091989
18	52188754
18	12877061
18	13829696
18	13000976
18	61477235
18	1785870
18	12201375
18	62866583
18	68457261
18	935308
18	74173068
18	26535808
18	9538445
18	21346075
18	10694412
18	47410458
18	8006865
18	61255806
18	57741643
18	7890130
18	78060472
18	77032235
18	6487466
18	63255618
18	20969476
18	1579478
18	21356647
18	72832863
18	25369462
18	6471940
18	22558143
18	10798843
18	11039858
18	24526812
18	12011479
18	77696553
18	22138302
18	42478917
18	7369574
18	3053111
18	70885360
18	26457275
18	77712371
18	39230981
18	525734
18	21718699
18	3171226
18	11041333
18	36985428
18	39321608
18	7301172
18	38754012
18	8972286
18	21161140
18	13004732
18	3405417
18	23500710
18	10856642
18	7925968
18	25329330
18	2177880
18	77981195
18	76712382
18	24570688
18	79819773
18	11731732
18	68357416
18	25238903
18	72994684
18	64373756
18	6913535
18	76850295
18	53587109
18	23685001
18	25931813
18	13865076
18	64782403
18	10795053
18	72672310
18	60443650
18	11272255
18	37994070
18	70253633
18	3053275
18	72328934
18	61586994
18	642678
18	11367099
18	78261488
18	78147694
18	78204953
18	67199632
18	6520096
18	8505195
18	65768024
18	49753551
18	31592513
18	45640910
18	13944256
18	9737531
18	69882370
18	28348700
18	26584856
18	67636384
18	71558026
18	80074824
18	968020
18	9951307
18	26475443
18	21895594
18	40365709
18	22162907
18	58716960
18	44697224
18	8311813
18	64673745
18	50699439
18	15091371
18	58560588
18	23078339
18	77302041
18	22655241
18	8218125
18	24019123
18	12549851
18	12406840
18	48935416
18	69715601
18	11853420
18	5215597
18	24052884
18	14027617
18	77227149
18	59325275
18	7044694
18	32977021
18	33959775
18	41882050
18	4545834
18	51402653
18	25851826
18	74260915
18	39235526
18	42217011
18	79408100
18	3965251
18	22932060
18	79369563
18	47344209
18	8763631
18	78460467
18	21157703
18	64633533
18	39788254
18	41488274
18	13015247
18	44090161
18	54661584
18	1224886
18	78089629
18	21378764
18	61538474
18	14015002
18	5773585
18	77511822
18	67341996
18	24321951
18	30396268
18	69663975
18	42518609
18	59240408
18	52844550
18	23175726
18	79841336
18	2638725
18	8759434
18	23694894
18	22198966
18	57919591
18	7685334
18	54584942
18	51998136
18	27935177
18	58505051
18	1957007
18	37894368
18	30454512
18	71664237
18	23718785
18	31679977
18	40953734
18	67095985
18	24437059
18	37947166
18	49992047
18	9876211
18	76731670
18	7070643
18	73500517
18	46536945
18	67349910
18	847250
18	79414646
18	57074442
18	45178101
18	25409270
18	78743998
18	76204980
18	24358257
18	8545825
18	73671317
18	21712556
18	29502004
18	24036014
18	62658035
18	77066559
18	26423683
18	77402229
18	8319921
18	77835093
18	38530215
18	45379042
18	49751387
18	24659476
18	75862448
18	59461724
18	32789625
18	76691410
18	67737696
18	58090315
18	47912674
18	20980024
18	49634583
18	76874402
18	36449208
18	67318239
18	34060504
18	74646663
18	46375738
18	57575932
18	72245574
18	56019075
18	77396759
18	41154621
18	53970382
18	21146251
18	66302354
18	63274725
18	24815883
18	53002512
18	36129254
18	61451900
18	26534842
18	59445872
18	58500114
18	2635509
18	38440287
18	59721907
18	49635258
18	71571219
18	25920509
18	59965069
18	25816286
18	72321901
18	76179705
18	44309244
18	8549460
18	78129700
18	40095902
18	27358232
18	78777879
18	48429410
18	64496367
18	7360319
18	59509684
18	22936411
18	21741286
18	30341970
18	21502650
18	77192881
18	69744021
18	67568294
18	2468860
18	57895232
18	33747332
18	27296965
18	57281851
18	58192622
18	21333203
18	48036727
18	29992069
18	57011778
18	24552530
18	26573502
18	4119869
18	28183631
18	51923343
18	12090689
18	78841345
18	52116850
18	72765109
18	551899
18	23612930
18	70376080
18	65762670
18	20976544
18	36358097
18	2594550
18	77281542
18	30000938
18	3808533
18	49630412
18	69783022
18	35594384
18	25226084
18	6540395
18	22042265
18	59702661
18	68489148
18	12113318
18	67029987
18	52874280
18	58022395
18	70464302
18	31444774
18	11395658
18	67665443
18	3081212
18	77434706
18	4081692
18	46163115
18	5284711
18	75662562
18	29427443
18	967482
18	41385560
18	59555252
18	76006055
18	5926217
18	75467532
18	66474930
18	62012903
18	68381285
18	3347815
18	64873332
18	79645731
18	13840148
18	65850686
18	22214332
18	39388916
18	61938206
18	75940480
18	7981020
18	75076670
18	5973729
18	78583158
18	49001695
18	59702949
18	3273155
18	10758025
18	75377905
18	75327627
18	4129575
18	75438025
18	80142946
18	25391998
18	79478226
18	75971975
18	44717891
18	4400387
18	62802703
18	24615034
18	74487485
18	79599494
18	40080773
18	10226554
18	58603765
18	57834046
18	37580180
18	47468805
18	49673142
18	49642949
18	22189179
18	77970972
18	48648745
18	76238306
18	12327671
18	52991406
18	71224482
18	12287461
18	57193309
18	67155973
18	12315621
18	14512361
18	53018501
18	69642219
18	4812320
18	38805750
18	4099242
18	66819247
18	3275782
18	72338256
18	5797667
18	46626989
18	1069105
18	22411356
18	58691257
18	11125074
18	6522757
18	74573994
18	6726844
18	25363272
18	50675093
18	9428422
18	3327543
18	50581638
18	11058064
18	51346262
18	59210257
18	57306571
18	54154874
18	67623477
18	22517946
18	56029905
18	27061148
18	3372823
18	21959429
18	60045185
18	2534878
18	2533131
18	2527969
18	3256114
18	55738151
18	14903484
18	14915440
18	14914855
18	14931711
18	14929468
18	14970119
18	14940294
18	14949002
18	11862698
18	75172515
18	1020819
18	1008338
18	70004058
18	51220861
18	67343225
18	79261380
18	3425213
18	66419523
18	10374579
18	61643003
18	69480842
18	2212610
18	48250514
18	4079845
18	22155708
18	73494295
18	30054317
18	5723343
18	9665353
18	8926787
18	61527527
18	11596077
18	48098606
18	23461261
18	3933426
18	77453292
18	73929599
18	8517849
18	62361422
18	1599088
18	56637448
18	28531036
18	49691751
18	21013720
18	64544671
18	24118576
18	22310635
18	60397118
18	11423537
18	67692592
18	8531735
18	70276717
18	23096836
18	69476925
18	79312608
18	63098869
18	79960079
18	45774487
18	13291881
18	26681957
18	23639055
18	11082819
18	22677941
18	13295142
18	44586165
18	15303933
18	22209524
18	29752174
18	68184970
18	58912903
18	61372507
18	6559077
18	78098655
18	8792046
18	50547777
18	71403379
18	64830386
18	74679238
18	43595136
18	13615555
18	62588134
18	25762933
18	3909336
18	67870115
18	72528500
18	58503397
18	35424474
18	71206322
18	27343568
18	23298099
18	22159540
18	24386451
18	40777831
18	55822135
18	25076912
18	44778172
18	77412822
18	11897715
18	1997527
18	21900056
18	22607457
18	78341382
18	4610921
18	14550376
18	8268084
18	78287493
18	48132996
18	5948904
18	3033814
18	4979951
18	73653306
18	76697077
18	9495235
18	10737781
18	25124321
18	49556736
18	12642077
18	73236500
18	78281134
18	51953900
18	74142775
18	42701257
18	24914361
18	67444388
18	69821318
18	30446986
18	65946635
18	28477758
18	33690855
18	64730464
18	23775212
18	58829514
18	12436007
18	64270266
18	65522219
18	36315795
18	30486386
18	79032814
18	7002681
18	64818495
18	4812753
18	11785175
18	76607690
18	58314478
18	21754181
18	61907603
18	8495192
18	73845553
18	76158925
18	2332260
18	24930493
18	66802336
18	77435612
18	64184416
18	64671989
18	48515384
18	78322033
18	11688980
18	14110917
18	3809273
18	7238621
18	12174895
18	33988535
18	44046926
18	67152774
18	58713466
18	78223084
18	41212710
18	48200125
18	77644984
18	73583081
18	28093174
18	14065006
18	4210788
18	23320039
18	58683300
18	59389534
18	44033978
18	77204358
18	4125199
18	65876643
18	21989493
18	8715992
18	40883763
18	71150475
18	68469416
18	58161380
18	1716145
18	5836383
18	2605754
18	49745664
18	60467767
18	7082527
18	28161089
18	76779997
18	21998394
18	47372780
18	14044123
18	27182438
18	42286548
18	30327990
18	12630680
18	78787653
18	11512552
18	36678166
18	10062586
18	4441785
18	5243541
18	10078074
18	7990782
18	3575443
18	11472698
18	75398506
18	42888918
18	23290196
18	7990590
18	2143706
18	40871461
18	28277710
18	24781603
18	72182527
18	50327050
18	43596215
18	21263789
18	4964475
18	3129133
18	50342844
18	1505830
18	9217539
18	53313732
18	24672311
18	64331324
18	21826640
18	69399313
18	64588458
18	49968023
18	64468677
18	22943673
18	52723851
18	25797335
18	36189443
18	72043496
18	1706002
18	42495991
18	13458291
18	73976572
18	5204071
18	75593622
18	25544729
18	72198829
18	49607458
18	12910933
18	51273937
18	48375333
18	55288444
18	78463981
18	46636795
18	74667655
18	73849723
18	5174232
18	73381576
18	25007219
18	12974074
18	71614274
18	75628667
18	6371312
18	21548141
18	50755429
18	59480566
18	71545733
18	958055
18	72679085
18	73015734
18	34770761
18	31339816
18	2200233
18	73788312
18	1931565
18	59005366
18	9332666
18	6569596
18	75889936
18	27448908
18	75351700
18	10096506
18	31723059
18	73344500
18	9684726
18	72112806
18	74778984
18	67015942
18	48616257
18	30808690
18	71186562
18	48134407
18	72362187
18	866137
18	72906291
18	66190868
18	1126593
18	35733435
18	76271966
18	3150037
18	3192684
18	23793331
18	51927087
18	11288106
18	65308739
18	44047832
18	21823475
18	70549443
18	68912167
18	30353583
18	32165819
18	51516980
18	73422547
18	22333101
18	60328704
18	63106605
18	9693657
18	77035468
18	4405706
18	23317350
18	8991195
18	58800829
18	6587542
18	72836776
18	70609800
18	2738261
18	37699959
18	72098691
18	9299540
18	55864501
18	76266603
18	26540374
18	10024150
18	43938763
18	58566799
18	9515858
18	7257073
18	39696851
18	13184796
18	78571151
18	1865219
18	13425237
18	38705223
18	72959586
18	10589467
18	67186917
18	37896984
18	2590765
18	10700975
18	4846270
18	12367443
18	75062717
18	69345292
18	73234214
18	23129159
18	12603433
18	21272609
18	23724815
18	5852697
18	11591369
18	70475478
18	52386701
18	73037239
18	765919
18	76580329
18	31454136
18	72174069
18	57848981
18	32530341
18	1446051
18	7215277
18	220341
18	78335227
18	65305595
18	50637594
18	28132643
18	62425703
18	42602923
18	59466324
18	45523306
18	2437988
18	20989005
18	22302220
18	59281246
18	3747636
18	2761340
18	22293778
18	22021756
18	13626102
18	24789457
18	1594581
18	36968336
18	38239034
18	13714294
18	77108924
18	22570789
18	45581144
18	31226000
18	76175516
18	72111901
18	63015882
18	40121059
18	71493532
18	77503155
18	26518072
18	46213522
18	1567185
18	14589716
18	8734997
18	10674818
18	48576557
18	63516278
18	60438471
18	76594752
18	11987930
18	3485359
18	2425173
18	65781020
18	2521211
18	57880413
18	13600498
18	77952627
18	2419069
18	2397960
18	13735817
18	9409512
18	13225201
18	70759445
18	60278171
18	23652266
18	59530055
18	7959014
18	1670018
18	74208186
18	75889851
18	47186129
18	13389228
18	54997767
18	4761809
18	24555864
18	45759256
18	74532118
18	13996752
18	48847796
18	75987663
18	1735367
18	31004808
18	26580233
18	51296370
18	40339843
18	44953165
18	36271510
18	5904874
18	35611738
18	75949270
18	3987409
18	42834979
18	4597256
18	5485197
18	75836363
18	21324273
18	13264437
18	33314518
18	8791459
18	66272757
18	79432983
18	14146360
18	56768553
18	1686884
18	2907480
18	2878615
18	62541886
18	66297314
18	42580459
18	11683432
18	25962256
18	6961492
18	27718970
18	27322876
18	57341675
18	59113556
18	29652046
18	26913045
18	33807039
18	52966902
18	23677223
18	63474966
18	12021510
18	63726906
18	48591453
18	59398950
18	50665189
18	55572071
18	5570019
18	11377693
18	69501331
18	71184168
18	13535303
18	65829587
18	22054846
18	22877485
18	4032543
18	29650627
18	52682253
18	4538224
18	77619641
18	67188181
18	28230582
18	68480189
18	7433521
18	46738585
18	5735620
18	47836350
18	30041080
18	24883533
18	39859618
18	22350728
18	40928076
18	12189035
18	27493350
18	34939308
18	68813511
18	27957648
18	25861195
18	49605346
18	21338829
18	71170055
18	43045701
18	52843941
18	73543261
18	268917
18	76568093
18	24473170
18	72999247
18	13400715
18	73594557
18	11696065
18	52321038
18	11152127
18	79506154
18	21314569
18	25844753
18	13523317
18	1614491
18	67284976
18	52123877
18	10518728
18	23373756
18	32948918
18	9493902
18	27459248
18	23829100
18	74788082
18	43273034
18	51278145
18	907520
18	5246399
18	62965802
18	10074301
18	22331727
18	64649565
18	48295169
18	48616491
18	10716269
18	74045625
18	49833417
18	45718683
18	77344328
18	24562481
18	48263223
18	24012605
18	51368633
18	73617402
18	73045802
18	1161666
18	49692574
18	78696503
18	14000395
18	24462699
18	74077201
18	44864508
18	3449312
18	59667360
18	69799645
18	7317928
18	72855790
18	22075529
18	7270603
18	24326496
18	69204482
18	76619353
18	77234131
18	38421494
18	38421609
18	12750500
18	35378441
18	38522982
18	59624593
18	80027419
18	78644587
18	1826416
18	55315227
18	7824429
18	53603119
18	50214856
18	50227099
18	61564558
18	8471459
18	65323304
18	76121458
18	48549725
18	77573190
18	51559358
18	53686996
18	1872420
18	46318465
18	37364701
18	52250939
18	77020516
18	9744356
18	64148952
18	61252942
18	78140657
18	70804970
18	1110334
18	38480223
18	22148683
18	37717093
18	73770477
18	11244107
18	11479941
18	11712840
18	12694380
18	13617048
18	14735484
18	2312882
18	2443819
18	393753
18	457853
18	5218471
18	5766950
18	5928435
18	7392514
18	7871280
18	8326916
18	8483954
18	9760945
18	80067314
18	80130825
18	21936874
18	31064875
18	31566859
18	33700158
18	33826186
18	38449401
18	40254666
18	40257127
18	41700414
18	44213865
18	44315612
18	45890799
18	46913131
18	47501044
18	49076732
18	21215875
18	51147986
18	24837354
18	25725751
18	26918250
18	27313859
18	27774492
18	30193940
18	30672959
18	6376974
18	75856276
18	24600030
18	76554234
18	74874671
18	75419521
18	67315102
18	68185637
18	68372795
18	70989002
18	71730181
18	74370099
18	57616004
18	58448593
18	59107081
18	59375805
18	59926836
18	62210815
18	38425547
18	67409343
18	78874943
18	22313663
18	68042758
18	27453089
18	80103778
18	54389079
18	54509151
18	3087945
18	13881280
18	8297074
18	7377383
18	22423441
18	22567964
18	25035938
18	37511488
18	46712635
18	41567593
18	51059974
18	57106112
18	77452213
18	73404078
18	62447204
18	77167436
18	73957617
18	49693609
18	28063433
18	45654939
18	55050333
18	38436386
18	63311780
18	38297218
18	36485978
18	2960448
18	3327803
18	24539865
18	71824481
18	56717458
18	79528806
18	1624598
18	48332077
18	48554950
18	24025653
18	2489226
18	30108689
18	7524277
18	50141665
18	45161067
18	50377971
18	34851441
18	64770183
18	4977697
18	31211026
18	44547229
18	6104756
18	63892477
18	1692821
18	3839680
18	47593969
18	27634367
18	24169651
18	24613694
18	56337695
18	73334602
18	73991015
18	62044077
18	27013579
18	41660090
18	4159349
18	12710624
18	1741652
18	32693641
18	48165344
18	46380236
18	51494333
18	75821619
18	68001558
18	57994065
18	59177212
18	22616147
18	7222640
18	74826468
18	77060935
18	40710985
18	32808345
18	35185182
18	12585866
18	4809234
18	14758541
18	76558344
18	76515138
18	76990908
18	64189830
18	1967344
18	69394789
18	32429319
18	31682464
18	1411307
18	22163565
18	14735685
18	21575550
18	64045623
18	40780516
18	31971891
18	30529835
18	21573533
18	14805377
18	23418728
18	7877054
18	41848087
18	31325254
18	42319012
18	70975862
18	38298314
18	41841313
18	58664431
18	38116132
18	39318495
18	10703499
18	75423428
18	78218593
18	5877870
18	3718526
18	11255070
18	68583998
18	62129920
18	26653477
18	12296345
18	54873189
18	30603509
18	65959347
18	46060748
18	10226162
18	8802777
18	52138102
18	11667990
18	47409375
18	23339610
18	10841166
18	3624047
18	23084466
18	61859390
18	38551129
18	11666216
18	70214356
18	8254004
18	79147989
18	71045652
18	38398452
18	68162202
18	7547609
18	29282445
18	47628863
18	52160971
18	76132959
18	46545004
18	30548020
18	33874180
18	57312165
18	43416840
18	8327184
18	73808222
18	39356146
18	61239285
18	9006279
18	65991969
18	59092844
18	24459908
18	76749127
18	74975351
18	70473593
18	12253276
18	54982409
18	71123048
18	30501940
18	34890327
18	4316883
18	21315967
18	3547525
18	10035439
18	77188958
18	13994803
18	27443673
18	38925354
18	9148166
18	13232009
18	9991727
18	25243184
18	76631199
18	21866613
18	24242418
18	21529626
18	22997367
18	21705317
18	48914119
18	77499158
18	69560040
18	72021351
18	78584891
18	27072538
18	57035447
18	12241446
18	14341955
18	21733405
18	9181548
18	21560476
18	10567349
18	2389999
18	21582805
18	38795294
18	58799301
18	66687761
18	60463181
18	79922312
18	38140745
18	29452364
18	52723203
18	12083315
18	61090219
18	72722262
18	22328739
18	23822998
18	61928739
18	77596284
18	21038814
18	30477205
18	1775178
18	76951576
18	79132444
18	22805804
18	61848531
18	331827
18	5866948
18	51640784
18	13910445
18	58339922
18	21520893
18	21688035
18	11120756
18	52807831
18	58293039
18	6406649
18	3875929
18	27979778
18	14773231
18	48105018
18	49640324
18	22265799
18	46319536
18	77374519
18	21615122
18	6662651
18	53069355
18	71638624
18	68858672
18	59088901
18	60093534
18	79305954
18	50822821
18	77483344
18	24368175
18	74233097
18	3958843
18	13358207
18	67353312
18	64370410
18	24089830
18	23802224
18	30267956
18	35771860
18	9553794
18	71654057
18	1712284
18	75709236
18	3060046
18	11777969
18	5190555
18	21826269
18	24361509
18	7774832
18	6557467
18	55526193
18	45344130
18	21002272
18	78388723
18	75621727
18	7950742
18	51762564
18	59194000
18	78320113
18	71119544
18	68429812
18	69621750
18	62612231
18	69082913
18	4718609
18	76798002
18	14782998
18	51772045
18	4200307
18	69561643
18	69368931
18	22991465
18	78003389
18	68950261
18	21209340
18	21481264
18	11482031
18	21514017
18	69341583
18	4919075
18	55918821
18	77865263
18	78376708
18	22056894
18	35499733
18	48808029
18	56389346
18	10005489
18	5730187
18	4299152
18	38159817
18	225964
18	26028245
18	61212429
18	52286047
18	35754803
18	78187803
18	37404615
18	7478997
18	27151953
18	1065923
18	9749882
18	26850565
18	9604500
18	22964944
18	29788820
18	22429728
18	2873085
18	28378916
18	77145362
18	79614884
18	5751942
18	76588401
18	77383418
18	21792569
18	33600786
18	11711220
18	47375727
18	11739636
18	57180220
18	4521604
18	52827370
18	32174786
18	3162392
18	23262999
18	24750524
18	77200326
18	25634220
18	2847421
18	31153611
18	64252789
18	23921512
18	77915742
18	4092468
18	25107353
18	32148057
18	709202
18	72706853
18	21093001
18	30675087
18	50115031
18	52403094
18	10949095
18	29955603
18	14389377
18	26673046
18	60295748
18	1397222
18	76704130
18	70457946
18	48355116
18	13317298
18	22084137
18	7706349
18	77594774
18	22971001
18	73354333
18	27895008
18	6759763
18	25910212
18	73317665
18	2050683
18	52208404
18	65774424
18	7427518
18	4673080
18	57773375
18	11089214
18	29466446
18	31293440
18	22092298
18	22511106
18	25454666
18	1561254
18	6907854
18	77564902
18	14076973
18	79387472
18	21631766
18	3388781
18	2316799
18	21591034
18	13217575
18	3154548
18	11441244
18	76862443
18	41765167
18	49605411
18	5490943
18	3290202
18	8537718
18	22329970
18	40232694
18	78894038
18	2502417
18	8622034
18	40257022
18	10663329
18	22799592
18	24109430
18	10156792
18	8436852
18	12879870
18	73573628
18	68628899
18	14978678
18	59053858
18	59195933
18	61724064
18	52970736
18	72288388
18	13749732
18	78566716
18	13828445
18	68093716
18	20977302
18	32084453
18	21167700
18	45883069
18	22456355
18	21468548
18	24934155
18	73427777
18	57292869
18	64914561
18	33515793
18	73716543
18	73510041
18	5647489
18	26443808
18	27838836
18	4714169
18	8999235
18	6547398
18	70916986
18	71665166
18	78181932
18	41984912
18	2036218
18	25427263
18	79628928
18	5216096
18	47518188
18	61881742
18	58120271
18	4417464
18	78877140
18	15102422
18	53714401
18	22164093
18	25816383
18	25072853
18	61992095
18	76654249
18	1504207
18	78943797
18	24133349
18	67206898
18	78847535
18	49542663
18	58158260
18	13387627
18	27164063
18	38443040
18	12132248
18	57084557
18	13007347
18	77492354
18	52740926
18	79153453
18	21882079
18	11472103
18	8783363
18	816857
18	60053166
18	22813517
18	64527364
18	6836781
18	47710457
18	30543944
18	13567189
18	24063479
18	1988408
18	10275938
18	23870461
18	55102406
18	41268151
18	387970
18	25307095
18	77180424
18	21606154
18	62637801
18	6691692
18	13926265
18	36577670
18	12870039
18	59433536
18	12606464
18	53946644
18	3462015
18	21275697
18	55308058
18	78436214
18	45766384
18	35565783
18	13891603
18	4182758
18	71474289
18	48685581
18	25159816
18	61652049
18	24182714
18	5229654
18	493505
18	76001073
18	10349792
18	53096534
18	22779278
18	24247841
18	72347915
18	42675314
18	22633020
18	72337366
18	52026960
18	11726075
18	13363536
18	69635496
18	76718515
18	5821073
18	45666191
18	23973336
18	9456984
18	22320363
18	21569028
18	25018984
18	418106
18	486678
18	78577612
18	9720740
18	58347238
18	48683142
18	47624612
18	30622906
18	13302672
18	78090424
18	34499568
18	79191730
18	68137783
18	4009380
18	51625596
18	14115908
18	21977131
18	4110657
18	25213105
18	64389290
18	811461
18	3411765
18	12640495
18	77213430
18	69525981
18	51654227
18	78236545
18	21276023
18	12700850
18	23850198
18	73110831
18	31496754
18	22448226
18	78494851
18	21956581
18	73311584
18	24220335
18	75715483
18	46399736
18	79395184
18	52149040
18	70392703
18	72033513
18	67183253
18	10832853
18	27702760
18	72290812
18	52182625
18	31952562
18	75502936
18	13255157
18	77622365
18	75686162
18	50817305
18	71646150
18	6480845
18	11431946
18	6466866
18	40754021
18	72396056
18	25052963
18	3059509
18	74983478
18	11901889
18	75620584
18	69701120
18	76743649
18	60544631
18	33843008
18	14051107
18	48073063
18	54717359
18	12653674
18	51821907
18	61620627
18	71977828
18	25974811
18	46317144
18	75072761
18	10919332
18	66756072
18	22659208
18	24584620
18	78902714
18	46523358
18	4354518
18	4728340
18	8968918
18	74793852
18	8593687
18	58688636
18	12618423
18	68550194
18	24007358
18	78661267
18	21621884
18	73701344
18	61806180
18	12331502
18	5479583
18	22413951
18	7211757
18	78104528
18	73248777
18	48010323
18	53813466
18	32511614
18	45928834
18	28117548
18	79160205
18	23631890
18	3004983
18	38044301
18	77459373
18	46458480
18	74463196
18	6402127
18	13958484
18	68161709
18	59882534
18	1961966
18	14483028
18	63912143
18	55458133
18	5740705
18	33953129
18	72640866
18	52722389
18	53612586
18	649311
18	12675079
18	27388768
18	38852664
18	73314237
18	25656570
18	63521073
18	3918823
18	60108063
18	36546852
18	47940236
18	4800714
18	80124944
18	55024882
18	22166856
18	21654523
18	12566888
18	4345970
18	27619161
18	22334897
18	71999868
18	6008208
18	29721309
18	78611768
18	77522612
18	24151467
18	71275327
18	29339428
18	21859474
18	78098133
18	43667565
18	14495616
18	25850765
18	21828989
18	79927553
18	52659099
18	70692446
