22	33548968
22	25083177
22	31101940
22	17441007
22	25265257
22	17559840
22	50700325
22	44796780
22	30950766
22	17580221
22	39280739
22	17115076
22	17114856
22	21013301
22	41087320
22	33413443
22	17452529
22	17056640
22	17153821
22	44987350
22	40895726
22	44689404
22	45025361
22	20434787
22	19912552
22	17241646
22	41576028
22	37324227
22	29695156
22	30437385
22	33853446
22	42657807
22	30990226
22	33864750
22	46276091
22	50036514
22	49003712
22	31869917
22	43727622
22	25934403
22	38936618
22	41969069
22	19890991
22	36855435
22	42440331
22	32567997
22	27350157
22	31596390
22	31600639
22	19184493
22	33810052
22	48140856
22	44033882
22	20183728
22	17717459
22	45425835
22	40576543
22	45839797
22	16962491
22	34806161
22	44996489
22	48673108
22	33620007
22	34427837
22	17610336
22	19996688
22	19110187
22	17149596
22	44375883
22	37255012
22	23885759
22	19792245
22	19832054
22	44569484
22	34455117
22	39715618
22	33810613
22	25379643
22	26052231
22	19720822
22	20952112
22	38735722
22	17257431
22	17932103
22	50723631
22	17437072
22	30424562
22	45315973
22	17115339
22	18069014
22	19014231
22	39517277
22	19097689
22	22958713
22	25236299
22	29096270
22	29949803
22	33613015
22	35876590
22	44153064
22	45711034
22	45769221
22	47998997
22	49287979
22	21788749
22	41255030
22	25213605
22	17058654
22	29300448
22	38684073
22	35607006
22	19451642
22	19208992
22	38673505
22	32862301
22	29828152
22	25099082
22	17177451
22	17198422
22	17201275
22	17201404
22	30395838
22	20653198
22	39600259
22	50259089
22	33496604
22	49437779
22	17184523
22	50036428
22	17638084
22	19050221
22	19623159
22	30268931
22	37383673
22	49518757
22	19261064
22	21667716
22	35511833
22	42271467
22	49206126
22	17435682
22	19153801
22	16606766
22	20092080
22	30222900
22	30294009
22	30599369
22	30892782
22	33075551
22	33128060
22	21604583
22	36110325
22	36122954
22	21921269
22	37386898
22	38218926
22	40147604
22	42358868
22	42381615
22	24533803
22	24756682
22	24862860
22	24985078
22	27709853
22	29603320
22	30171741
22	43524231
22	45587117
22	44983420
22	44344526
22	44344647
22	45062910
22	47359575
22	47768676
22	47875017
22	48420424
22	48550369
22	46580660
22	46842502
22	46111049
22	49186648
22	49691562
22	39533941
22	50032087
22	17192275
22	17961968
22	38417170
22	17116407
22	48822666
22	27341063
22	34857989
22	45193609
22	20992196
22	17175941
22	44171974
22	37774019
22	17179666
22	17180288
22	39980379
22	20173901
22	16669786
22	38568872
22	38562255
22	38143413
22	38133133
22	38120361
22	36985633
22	25878982
22	48291264
22	41873528
22	22330982
22	45775625
22	36282430
22	50219995
22	25472274
22	20038428
22	17157428
22	40335130
22	47009165
22	44116244
22	49703685
22	31090008
22	31926428
22	47554135
22	40031893
22	24748945
22	16986183
22	16985601
22	23343385
22	16926676
22	19852890
22	43477053
22	37898931
22	34081478
22	38430794
22	35315550
22	48292312
22	25384150
22	16970295
22	43309672
22	49452210
22	45336447
22	31232379
22	31285164
22	42299142
22	44859163
22	45856047
22	37876729
22	17647443
22	37832559
22	16988668
22	43209648
22	22128243
22	16906569
22	38475516
22	20122154
22	26257648
22	49269644
22	19849182
22	46038206
22	21636534
22	48790193
22	31739826
22	36933634
22	38847704
22	17321369
22	26233712
22	37784480
22	19440988
22	19448769
22	16839018
22	45245384
22	17430275
22	17195700
22	43028277
22	39665506
22	37639069
22	30576422
22	44297638
22	21816813
22	44511601
22	41177921
22	38810439
22	41855754
22	27490775
22	44624468
22	30210575
22	17420560
22	45432666
22	33598132
22	49458666
22	17009000
22	34450361
22	37184587
22	34053789
22	44105755
22	23870639
22	40108560
22	16949003
22	38723736
22	48323568
22	31083248
22	24122215
22	47521215
22	37632935
22	43423431
22	20801951
22	38947468
22	44026758
22	37113047
22	16949150
22	37826105
22	38481456
22	29702165
22	21661283
22	47627548
22	19228313
22	21096808
22	21097948
22	18991892
22	30749541
22	29471595
22	19859464
22	47088420
22	29696492
22	45606306
22	16915538
22	44645897
22	19324838
22	19331099
22	19340415
22	19352112
22	31077062
22	21014684
22	15863719
22	16967926
22	16957378
22	16994764
22	31352140
22	17400253
22	16986933
22	43197583
22	19979226
22	16990699
22	21625295
22	40652937
22	39358968
22	32165601
22	39952497
22	17067270
22	24347577
22	29982513
22	16404017
22	47319357
22	19760031
22	30655718
22	39381139
22	40646087
22	17440610
22	34829796
22	42121279
22	40792566
22	17149120
22	34296447
22	48476369
22	17060783
22	22219245
22	40120895
22	43514732
22	40474695
22	17303712
22	17315031
22	33521214
22	29319208
22	27620110
22	35582553
22	23600312
22	33307170
22	17111920
22	24553338
22	41617783
22	42397557
22	17433836
22	41913240
22	21615669
22	50415197
22	46057061
22	32368894
22	47909678
22	42725420
22	46302664
22	45698878
22	46204210
22	23274246
22	31671172
22	25093495
22	23628841
22	23267758
22	21891637
22	17903507
22	41448563
22	41126139
22	37171450
22	31044717
22	39687484
22	50602001
22	44696335
22	19433436
22	16958357
22	44817233
22	20292195
22	50099472
22	48560504
22	49513632
22	25212329
22	50403566
22	29994665
22	17307686
22	34686442
22	17117519
22	41115794
22	39623768
22	43222613
22	35045902
22	31566090
22	24547326
22	48906884
22	39172990
22	50440498
22	16545205
22	48442095
22	31760004
22	48691374
22	17346668
22	43518516
22	17246235
22	29432762
22	31043664
22	46074781
22	31038717
22	29189092
22	35047646
22	41387655
22	42391037
22	35328293
22	17065423
22	38293131
22	23620217
22	44268442
22	27482658
22	17876443
22	34987836
22	48672269
22	44976840
22	34164387
22	46584345
22	43880664
22	31198331
22	19802785
22	29803937
22	29106740
22	41782437
22	39285431
22	24115842
22	46129714
22	30454408
22	21038654
22	31631463
22	39179216
22	25730048
22	37700690
22	17440287
22	19980457
22	17425818
22	46687873
22	49055083
22	17404668
22	43667058
22	17431395
22	49795022
22	21062225
22	42774486
22	49179247
22	20428723
22	43832432
22	41035486
22	29609017
22	27544933
22	47385597
22	32543733
22	36666969
22	26069300
22	41181960
22	43638469
22	37317772
22	21446155
22	36757245
22	46161262
22	17497992
22	17526251
22	17542071
22	17562676
22	17594954
22	47514518
22	48699259
22	48722786
22	48741766
22	32054375
22	44070670
22	42680803
22	42684022
22	42696845
22	32524661
22	32529183
22	47545159
22	47547776
22	32769478
22	16600817
22	27577303
22	50484684
22	49330881
22	29451733
22	17099504
22	30592395
22	16409410
22	48939819
22	40819668
22	39096684
22	49263123
22	40127088
22	23064885
22	21642781
22	35554601
22	17435927
22	17110121
22	17133802
22	27296093
22	17148171
22	37362296
22	24089962
22	41361625
22	27423289
22	47969374
22	17435748
22	20651905
22	33995412
22	50484115
22	44391503
22	32792550
22	43816958
22	32795387
22	27175677
22	25831141
22	47588203
22	50673376
22	36150374
22	17135261
22	17231771
22	42074313
22	20932653
22	42700260
22	48759505
22	19572105
22	48719369
22	19635863
22	48732615
22	30283693
22	19613051
22	45157329
22	29898794
22	48942549
22	33842843
22	39207379
22	34117788
22	34192379
22	48405854
22	47447199
22	48778951
22	32585346
22	47509573
22	47593642
22	47579688
22	48134953
22	48156346
22	44500345
22	29296507
22	31357863
22	31720397
22	29760619
22	29773447
22	23581238
22	23768857
22	24723317
22	36220089
22	21562901
22	23305822
22	50619495
22	50609505
22	50586195
22	50565675
22	47367408
22	47370907
22	47051541
22	47026414
22	48755491
22	45013255
22	45017231
22	45025655
22	45032725
22	45042210
22	45057777
22	47674865
22	47678312
22	47694109
22	47740273
22	47758265
22	48680752
22	48706855
22	48719627
22	29129138
22	29171443
22	29194234
22	29207622
22	29214149
22	29220276
22	29225488
22	44734548
22	44740480
22	38897767
22	28906918
22	28908265
22	28925020
22	39588868
22	36155110
22	36161502
22	36175868
22	36180602
22	45155190
22	45171031
22	25160610
22	41403102
22	41409745
22	38167464
22	40616434
22	40622161
22	40685557
22	25360707
22	25413993
22	41862045
22	42067810
22	35345827
22	17096176
22	17096397
22	35353407
22	35421604
22	35422405
22	48529114
22	48521425
22	48198840
22	48235872
22	48257458
22	48278798
22	48278964
22	48288009
22	48314507
22	48326571
22	48329302
22	37440784
22	37435058
22	37426178
22	37420899
22	44454560
22	44449527
22	25752110
22	25763322
22	25765422
22	25768029
22	44126953
22	32999866
22	33005370
22	33026521
22	27628218
22	27634683
22	27652985
22	27664189
22	27694376
22	27732870
22	26513784
22	26520756
22	28216657
22	28228331
22	35126849
22	35132213
22	35148782
22	20606902
22	35192851
22	49522166
22	19479939
22	19480991
22	19518601
22	29069689
22	29071233
22	29072468
22	26104451
22	26107978
22	26177379
22	27255754
22	27272409
22	45651516
22	45666586
22	45673229
22	45678378
22	42256710
22	42281907
22	42286551
22	27127902
22	27131145
22	50497895
22	43098725
22	33312873
22	32832084
22	43449809
22	35684459
22	44022090
22	32774115
22	32789611
22	49116440
22	49128412
22	49134701
22	48093254
22	48028113
22	44282525
22	44281767
22	44280207
22	44261855
22	44260701
22	32539186
22	46163368
22	46157126
22	46145351
22	46136901
22	44502310
22	28142004
22	46698493
22	46706825
22	49545661
22	49547144
22	49553257
22	49566581
22	44379850
22	44388967
22	44408312
22	44411593
22	44413785
22	44428519
22	44432197
22	45793310
22	45801001
22	45812075
22	45825411
22	45833839
22	45859124
22	45870451
22	46948313
22	46949514
22	46962471
22	46967517
22	46984710
22	36260977
22	36359453
22	30802050
22	30799788
22	30773774
22	30764552
22	30738403
22	30727305
22	30712237
22	41195766
22	32178287
22	32183572
22	26840476
22	26844330
22	26847271
22	26849174
22	26849522
22	26862609
22	45368994
22	45380333
22	45386766
22	45398486
22	47246350
22	47261885
22	47267276
22	44841806
22	44944605
22	45528800
22	45540241
22	49435469
22	49445015
22	39640593
22	39646279
22	39653405
22	44648801
22	44650265
22	44652373
22	44661946
22	27402694
22	27407448
22	27408058
22	42592111
22	42619710
22	42625548
22	43551223
22	26270280
22	34896519
22	34761389
22	34771453
22	34775080
22	33106181
22	33127123
22	33131419
22	33198473
22	32866948
22	32886984
22	32895756
22	39298220
22	39314239
22	39336166
22	39342420
22	39349634
22	43621583
22	43627815
22	43648506
22	43654274
22	43678303
22	50006055
22	50013778
22	50018362
22	50024802
22	50046464
22	50077766
22	39882389
22	39911383
22	39924357
22	39937125
22	39958977
22	39966942
22	43823228
22	43839053
22	43845095
22	43850860
22	43856945
22	43863195
22	43870259
22	45723553
22	45756000
22	45762255
22	50124711
22	31735624
22	40785582
22	40806132
22	40812399
22	40876139
22	38393931
22	38411139
22	38421100
22	38509441
22	25270018
22	44569860
22	44579333
22	44584958
22	35328666
22	35337661
22	49765424
22	49789514
22	49817647
22	49834093
22	43186316
22	43191950
22	43218999
22	43228299
22	43254723
22	40485789
22	44164993
22	44168417
22	44174100
22	44180252
22	44199682
22	44202049
22	44203651
22	44217642
22	44227944
22	44232188
22	39091660
22	39103758
22	39156998
22	39164661
22	41208553
22	41271723
22	41276267
22	41814981
22	46823409
22	24793088
22	24796465
22	24806721
22	24829912
22	24846625
22	24850145
22	24856543
22	24901371
22	24901788
22	24904691
22	24912305
22	24917479
22	49730446
22	37947136
22	37968545
22	37975032
22	40301577
22	40308048
22	40330758
22	40888832
22	36453868
22	36465665
22	36547497
22	46424970
22	29279412
22	29296498
22	31714177
22	29728380
22	29733167
22	29747217
22	29754560
22	23494632
22	24512384
22	24512861
22	21108064
22	23254843
22	50580150
22	46875851
22	30446527
22	25535405
22	32211070
22	19827686
22	19420074
22	27485924
22	22908567
22	36121950
22	26810326
22	17055126
22	34225671
22	34070893
22	27263386
22	49235291
22	37522665
22	39017360
22	33908085
22	35714418
22	16965267
22	27074801
22	31529087
22	44836012
22	49123000
22	25193825
22	50249919
22	43383861
22	48637395
22	44365104
22	19689684
22	20084214
22	47175560
22	20253637
22	20882435
22	41836287
22	36569237
22	38579506
22	39269196
22	46925224
22	44117593
22	41145020
22	27707261
22	27319248
22	20094329
22	20220302
22	16858514
22	20554706
22	16837260
22	29484784
22	16861590
22	16837792
22	20565468
22	20834444
22	16860016
22	20463521
22	20809039
22	20768124
22	20898781
22	20569741
22	20813499
22	16858113
22	20581444
22	16833463
22	24587296
22	25046402
22	25174365
22	25573539
22	17591090
22	17618322
22	17640270
22	17643536
22	26240246
22	16738735
22	16828991
22	16912349
22	16916176
22	16935329
22	16954144
22	16956284
22	16969648
22	17057299
22	17060968
22	17061760
22	17243277
22	17254764
22	17266305
22	26529987
22	17380740
22	17395663
22	17412006
22	17437447
22	17440717
22	26653155
22	26658215
22	22081907
22	19957810
22	26895281
22	22102265
22	18910250
22	19136439
22	27134222
22	27146882
22	19565856
22	19687469
22	19876070
22	16615974
22	27528945
22	27645916
22	28441916
22	28605392
22	28904318
22	29247305
22	29256169
22	22345751
22	29289420
22	29454772
22	29767121
22	29945929
22	30591973
22	30682470
22	31559922
22	31057219
22	31639792
22	31659457
22	31708215
22	31339360
22	31840163
22	31859816
22	31555822
22	32287086
22	32324417
22	43577349
22	32614445
22	43644638
22	32717389
22	44008604
22	44013296
22	44042962
22	44090406
22	44107052
22	44221682
22	33072019
22	33135420
22	33172589
22	33588343
22	33729830
22	33811065
22	44957533
22	45148995
22	45639641
22	45850007
22	46119836
22	47095091
22	47573171
22	21715051
22	23109049
22	47882245
22	47928916
22	48046118
22	48114379
22	38536570
22	38540715
22	38586026
22	48439932
22	38632178
22	38638781
22	48521218
22	48536386
22	48548030
22	48950902
22	49056296
22	38917419
22	38969771
22	39120563
22	49432732
22	39304753
22	49560368
22	39485135
22	49861864
22	40115176
22	40252194
22	40265547
22	40360640
22	40410094
22	40434174
22	40446462
22	40480044
22	40509068
22	40514812
22	40640325
22	40924473
22	41460037
22	41571569
22	41740764
22	41886008
22	42179629
22	42192893
22	42292718
22	42415070
22	42415095
22	42901532
22	42999949
22	43118368
22	43203223
22	43320965
22	23898117
22	24103393
22	24290070
22	24448980
22	48930537
22	49047854
22	49417009
22	17411026
22	20651135
22	30877478
22	47441069
22	26223193
22	40315616
22	40734158
22	16834212
22	41527640
22	28242366
22	40182339
22	17494632
22	40722121
22	17513100
22	17515556
22	17518422
22	16715410
22	41103818
22	16747906
22	17553499
22	17556691
22	29141136
22	29428534
22	29445653
22	29325172
22	29379034
22	29395245
22	16825214
22	16829851
22	16845778
22	20128039
22	20140031
22	20180772
22	43711789
22	23613578
22	23794355
22	23857332
22	45839625
22	30309718
22	30356352
22	20488075
22	16961264
22	20468593
22	17372137
22	30465928
22	17473478
22	18066875
22	20575495
22	19869819
22	32324770
22	31821176
22	32485594
22	32951591
22	33400670
22	20774288
22	20797367
22	20818210
22	20839316
22	16969357
22	16994516
22	17013211
22	20857920
22	20864051
22	17199629
22	17257210
22	33748511
22	17329163
22	17406910
22	17417220
22	20904004
22	33861145
22	17733445
22	19470889
22	20053079
22	34451308
22	20958141
22	20970019
22	20977267
22	20980970
22	20985462
22	20997892
22	20999039
22	49504133
22	24072436
22	41515521
22	27774178
22	16740605
22	42798267
22	18921128
22	21574627
22	17739497
22	17741389
22	17752539
22	18969616
22	17420162
22	17408461
22	17424282
22	17408916
22	16914099
22	46736153
22	17925939
22	34018627
22	38748742
22	25065073
22	35527058
22	41343366
22	36709135
22	24819338
22	27427407
22	48802932
22	40747015
22	28710745
22	27698847
22	23518925
22	22452457
22	29306664
22	47239541
22	44906782
22	48494371
22	41933980
22	26362409
22	38426295
22	38436507
22	38449782
22	38453673
22	27289583
22	18910826
22	19762002
22	17679213
22	48243659
22	47494365
22	46931996
22	41770482
22	27526798
22	41288422
22	19655722
22	20009306
22	19982979
22	16920944
22	38319217
22	29232752
22	35212219
22	23461535
22	48448939
22	48449227
22	26722218
22	44658681
22	25407863
22	41676814
22	44550641
22	23399918
22	18924606
22	18908951
22	34004264
22	31602626
22	24713060
22	43297727
22	30669080
22	32728647
22	35016843
22	43315176
22	22943068
22	19990124
22	45053392
22	48228997
22	27760800
22	44361191
22	20518568
22	45469174
22	17855590
22	47345140
22	33690430
22	37155270
22	26644030
22	31118491
22	44803178
22	17535878
22	29422865
22	17231252
22	43461434
22	34137646
22	30511181
22	41301334
22	31518711
22	41426789
22	41415616
22	44427565
22	34285173
22	36990016
22	27972485
22	45036826
22	40753861
22	22207584
22	31273281
22	17350923
22	19174422
22	17350760
22	16848711
22	17076254
22	18137134
22	18983711
22	20389246
22	34402131
22	26190829
22	44092916
22	22408319
22	29904532
22	41157255
22	28276418
22	17241134
22	45340604
22	49035104
22	47873762
22	19109924
22	43133511
22	23745132
22	24036692
22	30263577
22	29329904
22	43181042
22	35421560
22	44862062
22	40019136
22	44401807
22	45718364
22	26625437
22	45600230
22	43887560
22	45535382
22	29359899
22	19465752
22	30406455
22	30579526
22	16808228
22	16808098
22	17598390
22	36872513
22	45200368
22	38754538
22	43137509
22	43040163
22	43964127
22	43977699
22	23816386
22	22195678
22	19450415
22	19508444
22	19183443
22	20002119
22	19997984
22	19233883
22	19222159
22	19471634
22	19784045
22	20087052
22	31262295
22	20990595
22	31096496
22	29516979
22	16845542
22	21069644
22	17891248
22	36932709
22	32446361
22	36516677
22	38113432
22	50085451
22	50266232
22	43052111
22	41499405
22	41533171
22	38078689
22	43484626
22	35726883
22	40774059
22	46661294
22	20032245
22	29617820
22	35256248
22	39551063
22	38175556
22	26184509
22	41560547
22	44972651
22	48624725
22	19159928
22	16613859
22	32516290
22	46866492
22	37447202
22	36155868
22	45401347
22	24978536
22	35235597
22	31459489
22	22176688
22	29840599
22	33187472
22	19395036
22	31249773
22	27659505
22	20664837
22	33347355
22	45426029
22	38996291
22	39022608
22	24972576
22	50136931
22	41188347
22	23226876
22	37240311
22	26942856
22	26985383
22	37855679
22	25884495
22	19577872
22	19551004
22	19741568
22	17430813
22	17173037
22	17851136
22	37097138
22	27330986
22	32228616
22	32228881
22	27360478
22	25059120
22	41225710
22	47292253
22	43773546
22	25254681
22	29524830
22	17338458
22	17431799
22	17431907
22	19106652
22	17011643
22	16822706
22	38650322
22	34621856
22	39792795
22	39799012
22	25562985
22	27517426
22	34078571
22	33895762
22	33172574
22	26953639
22	34524396
22	48935341
22	26393883
22	33817369
22	47368220
22	42326512
22	36558581
22	17203629
22	17188261
22	39512414
22	31141136
22	18121782
22	18126361
22	45194980
22	37089684
22	37562261
22	37569873
22	38126880
22	34885922
22	50460881
22	23880523
22	24096098
22	19059164
22	19070633
22	19195073
22	19770705
22	45516496
22	19201264
22	45540384
22	32538239
22	37242249
22	36308995
22	42585502
22	37303336
22	19883308
22	30944638
22	30964606
22	17207512
22	17086809
22	17100948
22	17101171
22	17105581
22	17106790
22	17122450
22	29651743
22	21669861
22	18157533
22	38823927
22	33849413
22	23220704
22	45307194
22	45309360
22	45181350
22	21568615
22	21802500
22	23102896
22	23806086
22	24129744
22	24149093
22	24243101
22	29370977
22	30557308
22	33327306
22	33405393
22	33420236
22	33436162
22	33508768
22	33533366
22	33580012
22	33677772
22	33706817
22	33710867
22	33717603
22	33735167
22	33763549
22	33823952
22	36616906
22	45142561
22	36704215
22	37281363
22	38084652
22	38181112
22	38235762
22	38437261
22	38444216
22	41481768
22	41487790
22	41509274
22	42986092
22	44025545
22	44031732
22	44134540
22	17768116
22	35390189
22	44847891
22	37311921
22	38468455
22	25872496
22	41868265
22	41981874
22	43304007
22	19797208
22	20536972
22	29521224
22	45413743
22	41219372
22	31420453
22	19148090
22	23574974
22	20319470
22	36476703
22	29243203
22	41349351
22	19040084
22	19374619
22	45514272
22	20401237
22	24142073
22	26527941
22	26528346
22	26563893
22	26621336
22	29385456
22	31105847
22	32852915
22	33545177
22	33702356
22	33737910
22	36590045
22	36664307
22	36689397
22	36805773
22	37137994
22	37146722
22	42929435
22	44059593
22	17567525
22	37232105
22	26793573
22	37809887
22	37815947
22	30376697
22	17138478
22	17141377
22	37110836
22	37111210
22	37128579
22	29053489
22	25113063
22	50058990
22	50066017
22	50071829
22	37157579
22	41168704
22	24813786
22	37181832
22	50180309
22	31439745
22	37185445
22	49867256
22	37198880
22	37206091
22	23764261
22	30418738
22	29268434
22	47497304
22	49325713
22	31945683
22	25870972
22	25924048
22	19764306
22	29341834
22	30622659
22	17104551
22	17143182
22	35412715
22	48931813
22	49281890
22	49312299
22	20696264
22	21886556
22	23412391
22	23671101
22	23682243
22	23865775
22	25910055
22	26227308
22	50429584
22	46511719
22	47108068
22	47455186
22	47630699
22	27191039
22	27364835
22	44547521
22	44552217
22	44577859
22	45736304
22	45798708
22	16805059
22	16955956
22	21985092
22	33760557
22	33723880
22	33739021
22	33741280
22	16985043
22	16995031
22	21960091
22	17054558
22	21948390
22	21912237
22	21941747
22	21937845
22	21936031
22	33690508
22	33702431
22	17174498
22	17531249
22	17613612
22	17648312
22	43888974
22	18163747
22	33652948
22	30853346
22	31062217
22	31733564
22	33051960
22	33831283
22	35075341
22	35428831
22	36122992
22	36893827
22	37245201
22	37252642
22	37600773
22	37924377
22	38276479
22	38710996
22	38904931
22	39085182
22	39556093
22	39593211
22	40277995
22	42321584
22	42409889
22	42665488
22	43435076
22	32987434
22	32949685
22	32883250
22	32839530
22	34027180
22	34040806
22	34100702
22	27002549
22	17429117
22	17430032
22	17416521
22	18987832
22	20023207
22	20024763
22	19714537
22	17467130
22	17407829
22	17430953
22	19095022
22	29669978
22	29715569
22	29720703
22	30570426
22	16696580
22	29628274
22	29707487
22	20011969
22	20029922
22	20017181
22	17686906
22	17699103
22	20191406
22	17051853
22	17054630
22	17057192
22	18132107
22	21027357
22	46679040
22	17837292
22	21105931
22	18173728
22	18890274
22	36489112
22	17848352
22	36700056
22	21678702
22	45287094
22	49303013
22	49248414
22	37952557
22	45284592
22	50523425
22	19089536
22	30431464
22	40589150
22	16652546
22	50706886
22	41640734
22	42674416
22	30333518
22	20452074
22	42907848
22	24418435
22	23114989
22	41421794
22	37475508
22	48641422
22	40154117
22	40177756
22	16733362
22	16721712
22	16722213
22	17051559
22	17046173
22	17045080
22	17044694
22	17057829
22	17055580
22	17423794
22	20115591
22	17283996
22	16823495
22	30287791
22	17066270
22	42142219
22	17231856
22	45705374
22	16958684
22	17185773
22	43007012
22	40038162
22	18084107
22	44065195
22	36971981
22	49285305
22	49316267
22	49345285
22	49283117
22	49198665
22	17122190
22	24823081
22	25850257
22	17655779
22	38613623
22	19305698
22	44639714
22	24302367
22	19248966
22	19604779
22	24380483
22	16973188
22	31426990
22	42135201
22	23481898
22	46691986
22	43747818
22	40672204
22	18901977
22	19020595
22	19315766
22	24962023
22	40222567
22	19514446
22	49000700
22	17431493
22	20876992
22	24894520
22	25797857
22	48313754
22	48414307
22	45303423
22	30849443
22	40942419
22	23811772
22	17430479
22	43937814
22	44039070
22	33139390
22	19446692
22	20306102
22	20318421
22	39895135
22	40009927
22	39986245
22	39999080
22	37936980
22	37941060
22	37982079
22	46252012
22	19286257
22	43018324
22	50519091
22	17179756
22	24568160
22	44913773
22	43320318
22	37148205
22	37137028
22	20707983
22	19905891
22	46816594
22	23786251
22	47642551
22	23059592
22	30689761
22	30733539
22	19488561
22	17219660
22	39404045
22	17184397
22	17107762
22	38343486
22	17142326
22	21631812
22	23800299
22	43672046
22	37349012
22	17412769
22	31185787
22	29591211
22	38006304
22	17625200
22	41355484
22	23239585
22	23829714
22	19863626
22	17160795
22	39422749
22	40365878
22	39398429
22	30122593
22	24232795
22	17137783
22	42309248
22	24313452
22	17122555
22	39876530
22	39409984
22	39052331
22	38989505
22	29854337
22	18950854
22	37468068
22	18118648
22	35072546
22	20457387
22	20411699
22	20892571
22	17342371
22	20399325
22	20592987
22	35070492
22	20396846
22	18098371
22	18113683
22	35062229
22	20390911
22	18091949
22	17209519
22	18125860
22	18126279
22	20379377
22	29810302
22	29932081
22	29944149
22	17831625
22	47669396
22	41231069
22	39081386
22	20167669
22	17601267
22	19131188
22	19235605
22	19387977
22	20405382
22	20997831
22	26433948
22	31124352
22	31946989
22	38352499
22	43600408
22	43735906
22	50198764
22	40245976
22	26668531
22	19292118
22	24430704
22	37487820
22	37607063
22	44728966
22	17182227
22	17182350
22	29232817
22	18031762
22	17145775
22	17152779
22	19884486
22	19892817
22	20018517
22	20824435
22	21673835
22	23069838
22	23291655
22	24182018
22	24498888
22	26336178
22	26336242
22	26436137
22	32597764
22	32625661
22	37750426
22	39617211
22	40346985
22	44795624
22	45290209
22	45585567
22	45586950
22	45807476
22	21649119
22	20064779
22	18993278
22	17045165
22	30790322
22	31683317
22	21761209
22	44245172
22	45502117
22	49531280
22	50108237
22	37504755
22	46326359
22	41213686
22	22327407
22	27764086
22	27764419
22	33830604
22	33830672
22	17119607
22	24068426
22	36761196
22	30667432
22	43992937
22	43993512
22	46483790
22	44860739
22	20134319
22	21070125
22	17955719
22	19029150
22	25772591
22	18087409
22	18857119
22	17811445
22	17221968
22	49401852
22	25834673
22	17806438
22	22916061
22	18022035
22	22923946
22	38060591
22	34127499
22	36272838
22	18957340
22	20044804
22	47717041
22	21090775
22	17943533
22	16871207
22	16539448
22	16444933
22	20737352
22	46027058
22	44190127
22	30008664
22	30011375
22	30036414
22	30042458
22	22026345
22	38704641
22	17084099
22	17569616
22	19751915
22	19774814
22	19752993
22	19765420
22	19767646
22	19768771
22	19771592
22	18909715
22	17087900
22	17096596
22	42895354
22	17098146
22	17108122
22	17101272
22	17101673
22	17091399
22	47840491
22	40636859
22	38824903
22	37102979
22	17098605
22	17088065
22	31279199
22	33241101
22	17097118
22	17106545
22	22182456
22	17106222
22	26535415
22	17098318
22	17102438
22	21675982
22	18907714
22	22010807
22	17606137
22	34943006
22	37744345
22	22165674
22	26243002
22	26888059
22	18908190
22	18003251
22	46154203
22	46176847
22	46185261
22	46226991
22	46220649
22	47548520
22	17240705
22	17381513
22	26668324
22	30564425
22	17794548
22	21085357
22	21004233
22	24056912
22	17991525
22	17946928
22	49175604
22	37403148
22	20063943
22	30339919
22	32736904
22	32348058
22	38423452
22	22401351
22	38885631
22	38959104
22	17979652
22	38164738
22	16461056
22	20226112
22	48277142
22	46767323
22	48305211
22	20057888
22	33344874
22	40088934
22	27253743
22	33567804
22	27025669
22	27517571
22	42366018
22	20065043
22	46974164
22	17786028
22	46976434
22	17968199
22	46984564
22	24236435
22	30809347
22	40468778
22	33113010
22	48649916
22	42167302
22	20072240
22	21656629
22	47044773
22	29465851
22	29539269
22	47034374
22	26910867
22	48250476
22	18913491
22	48310762
22	41849759
22	49257881
22	21468485
22	17222768
22	17222841
22	17301923
22	24887635
22	23698505
22	18050569
22	29570094
22	17112164
22	49876922
22	18056787
22	21452112
22	17360178
22	38201371
22	37732001
22	18077804
22	49179065
22	25128949
22	18044023
22	16397274
22	23097331
22	22936414
22	19962712
22	42778407
22	43395035
22	35404928
22	19941283
22	19960814
22	18114735
22	21444618
22	29438777
22	22940714
22	29557816
22	29158195
22	47177245
22	34363251
22	39628652
22	39917352
22	43826559
22	44199711
22	20613163
22	43166823
22	25436275
22	17389445
22	17434944
22	16797872
22	16993922
22	17084017
22	17135327
22	17135620
22	17231721
22	17407638
22	17439492
22	17908295
22	17910798
22	18072368
22	19162067
22	19544855
22	19703979
22	19734243
22	19734465
22	19777659
22	20148856
22	16743048
22	16933495
22	16952320
22	16966101
22	16986521
22	16986584
22	16986794
22	17012902
22	17081023
22	17115288
22	17128935
22	17237229
22	17246758
22	17280535
22	17300665
22	17304493
22	17309841
22	17346794
22	30315635
22	30585521
22	30590185
22	30870843
22	31291327
22	31931808
22	21585900
22	33936206
22	33999182
22	34141461
22	35582568
22	36313494
22	36498606
22	36801486
22	22045518
22	37675036
22	37738159
22	38462288
22	39133128
22	39473204
22	39702839
22	42792303
22	23189844
22	24084550
22	25212581
22	25958689
22	26555623
22	26771385
22	27069666
22	27094766
22	27706629
22	27706896
22	29250286
22	29273704
22	30135102
22	30327283
22	30447508
22	31302180
22	31480480
22	31533668
22	31974073
22	32582241
22	21610472
22	21619030
22	33265778
22	33502498
22	33890693
22	21732084
22	34581915
22	34939692
22	34988783
22	35031435
22	35076280
22	20492354
22	21860283
22	35529383
22	35718216
22	35900061
22	36617647
22	36856876
22	36880042
22	36912743
22	36920346
22	36961128
22	37271595
22	37326260
22	37342580
22	37355658
22	37365773
22	37365954
22	37493861
22	37574859
22	22071082
22	22078699
22	37768099
22	37796445
22	37820751
22	37848209
22	38104473
22	38195183
22	38546921
22	38620177
22	38717129
22	38770034
22	38794819
22	38976422
22	39045198
22	39204646
22	39374592
22	39439582
22	39506470
22	39695542
22	40322096
22	40326741
22	22355161
22	41019640
22	41042706
22	41065832
22	41123358
22	41330049
22	41539908
22	41966556
22	42480598
22	42600143
22	42914646
22	23214613
22	23387511
22	23415777
22	23427599
22	23474241
22	23487274
22	23510307
22	23525737
22	23879108
22	23912675
22	23925933
22	24354544
22	24562049
22	25180856
22	20844488
22	25738196
22	25766808
22	25784203
22	25784229
22	25787884
22	20910065
22	20946020
22	26326547
22	26585075
22	26609000
22	26615456
22	26615496
22	26650721
22	26669718
22	26674786
22	26790358
22	26795979
22	27075453
22	27112896
22	27497015
22	27574168
22	27579490
22	21104336
22	28987208
22	29014244
22	30116489
22	30300110
22	30304618
22	43908539
22	43911655
22	43945418
22	44012361
22	45069148
22	45638047
22	44373655
22	44376542
22	44889190
22	44919352
22	45297947
22	47424918
22	48364313
22	46442257
22	46533795
22	47161995
22	47229494
22	47305961
22	47339669
22	47410446
22	47610081
22	47806806
22	47826296
22	47830004
22	47878283
22	48370979
22	48432411
22	48443003
22	46517877
22	46546172
22	46553125
22	46855229
22	49404362
22	49467384
22	48957301
22	49008237
22	49020251
22	49020447
22	49034313
22	49404161
22	49405170
22	49536806
22	48970311
22	49706244
22	49734620
22	50430496
22	50453986
22	50491152
22	50174773
22	25514912
22	27335509
22	33756912
22	48655346
22	48760426
22	48664133
22	48704076
22	27194716
22	27231355
22	43110629
22	43119748
22	43120127
22	43124077
22	43129646
22	20300916
22	31069130
22	48941188
22	17009900
22	27244786
22	20670592
22	20644903
22	27349664
22	27225190
22	27217169
22	39291479
22	25542058
22	27333587
22	27179580
22	20602619
22	20596277
22	17411511
22	17411619
22	17426100
22	17437370
22	17450888
22	17458593
22	17586019
22	17623944
22	17758081
22	17871562
22	18025411
22	18133143
22	16576248
22	19371259
22	19427341
22	19457531
22	19484379
22	19531055
22	19539137
22	19562820
22	19598313
22	19606913
22	19779528
22	16659224
22	16848465
22	16957074
22	17008656
22	17012630
22	17122911
22	17133121
22	17139240
22	17142518
22	17142947
22	16374956
22	17196809
22	17220640
22	17232873
22	17237716
22	17239146
22	17285547
22	17336037
22	17357919
22	17367207
22	17377016
22	17377882
22	17380094
22	17386309
22	17396677
22	17403331
22	17412507
22	17415131
22	17424866
22	17431593
22	17433041
22	17439964
22	17464393
22	17467164
22	17632626
22	17692558
22	17746421
22	17763609
22	17888592
22	17914354
22	18140341
22	18143870
22	18146261
22	18979858
22	16579744
22	19086157
22	16592176
22	19161238
22	19273713
22	19346638
22	19381200
22	19383063
22	16621700
22	19413062
22	19463663
22	19492172
22	19556429
22	19578209
22	19651860
22	19671576
22	19787520
22	19787764
22	19815256
22	20027493
22	16746571
22	16799932
22	16823317
22	16830990
22	16917303
22	16928923
22	16931792
22	16934682
22	16941099
22	16945511
22	16946774
22	16953194
22	16953363
22	16953631
22	16964612
22	16966024
22	16973955
22	16974055
22	16991181
22	17007305
22	17009587
22	17011273
22	17038689
22	16374108
22	17064969
22	17073766
22	17081242
22	17081360
22	17092051
22	17096465
22	17128705
22	17130166
22	17130289
22	17130625
22	17137237
22	17143880
22	17164249
22	17166972
22	17168884
22	17173178
22	17180818
22	17187601
22	17217190
22	17217283
22	17218409
22	17218752
22	17224140
22	17224732
22	17224918
22	17243060
22	17243159
22	17247633
22	17265638
22	17268206
22	17270278
22	17279460
22	17281400
22	17284615
22	17285225
22	17303055
22	17312263
22	17313079
22	17352639
22	17353765
22	17358651
22	30390959
22	30459687
22	30531988
22	30605835
22	30615919
22	30722408
22	30909221
22	31222972
22	31237689
22	31434365
22	31545046
22	31571789
22	32486134
22	25447917
22	33228859
22	33833117
22	34015725
22	34534224
22	34652151
22	34920292
22	34951371
22	34962354
22	35011692
22	35018027
22	35349531
22	35579745
22	20498197
22	35902393
22	37265247
22	37338411
22	37506919
22	22065525
22	37706339
22	22081861
22	38138500
22	38224050
22	38299401
22	38329136
22	20524358
22	38698614
22	39038902
22	22229859
22	39329275
22	22246500
22	39435273
22	39527683
22	39576064
22	39774629
22	40563916
22	41011161
22	41018430
22	41135215
22	41366866
22	41774021
22	41962036
22	41974987
22	42351841
22	42889303
22	42962731
22	43259421
22	43265074
22	43404818
22	23073819
22	23087037
22	23092140
22	23133575
22	23155487
22	23182895
22	23250864
22	23324287
22	23438888
22	23691279
22	23842663
22	20721249
22	24202489
22	24207250
22	24296305
22	24306906
22	24319081
22	20751767
22	24406596
22	24596299
22	20784954
22	24706748
22	24717363
22	24762359
22	24945236
22	25001773
22	25141073
22	25201875
22	20849173
22	25351333
22	25528477
22	25549859
22	25555772
22	25992740
22	26000681
22	26076680
22	26264794
22	26448024
22	26713512
22	26776042
22	26783421
22	26837909
22	26891360
22	26935243
22	26972256
22	27229759
22	27385609
22	27466847
22	27540910
22	27571691
22	27702031
22	27704221
22	28361962
22	28871577
22	29002471
22	29102130
22	29117741
22	29498221
22	29792095
22	30165753
22	30344664
22	30350605
22	30369260
22	30538829
22	30674506
22	30831914
22	30860079
22	30860726
22	30865120
22	30883549
22	30984025
22	30996728
22	31014370
22	31050935
22	31111063
22	31130825
22	31147274
22	31151131
22	31171037
22	31295757
22	31308586
22	31445105
22	31452958
22	31465964
22	31473906
22	31695591
22	31726047
22	32294253
22	21560363
22	32539439
22	32543490
22	21580324
22	32707982
22	32774391
22	32863077
22	33102984
22	33454182
22	33528303
22	33539364
22	33566963
22	33790927
22	33826758
22	33873606
22	33973707
22	34180679
22	34192759
22	21747227
22	34318171
22	34415848
22	34430597
22	34447900
22	34642322
22	34815182
22	34847661
22	34901320
22	34902515
22	34941206
22	35033949
22	35047302
22	35122846
22	35143724
22	35432307
22	21866526
22	35566539
22	35582779
22	35645603
22	35678549
22	21878915
22	36131919
22	36495811
22	36624094
22	21978846
22	36800636
22	36832234
22	36846433
22	36879862
22	36900087
22	36979627
22	36986209
22	37011486
22	37028950
22	22017491
22	37186165
22	37193765
22	37216574
22	37289855
22	37296897
22	37462059
22	37683232
22	37711955
22	37779470
22	22092163
22	22113495
22	38404455
22	22163433
22	38607490
22	38623848
22	22177186
22	38730015
22	38767851
22	38776057
22	38780120
22	38839827
22	38910779
22	38932713
22	38937335
22	39032914
22	39139203
22	22225921
22	22229175
22	39312352
22	39319257
22	22242663
22	39362536
22	39368819
22	39416404
22	39445695
22	39452254
22	39539834
22	39545149
22	39582663
22	39786421
22	40235613
22	40284696
22	40292913
22	22340303
22	40379264
22	22346700
22	40421661
22	40767104
22	40779259
22	40824752
22	40852076
22	40936368
22	40949345
22	40964404
22	40996654
22	41003430
22	41070225
22	41074638
22	41117171
22	41174741
22	41317832
22	41324693
22	41391946
22	41435263
22	41441399
22	41466284
22	41671043
22	41681733
22	41728261
22	41763405
22	41787697
22	41808781
22	41899296
22	41940168
22	42094288
22	42213142
22	42452348
22	42459271
22	42461279
22	42630786
22	42653008
22	42752253
22	42763084
22	42785797
22	42837327
22	42882142
22	42939484
22	42970290
22	42979695
22	43013200
22	43046593
22	43059426
22	43104206
22	43143645
22	43218595
22	43244722
22	43277794
22	43359821
22	43401021
22	43411257
22	43416825
22	20611838
22	23138775
22	23160934
22	23176859
22	20628589
22	23196511
22	23202490
22	23245154
22	23287365
22	23312249
22	23371130
22	23378082
22	23562244
22	23676334
22	23756956
22	23796114
22	23905123
22	23906525
22	24023069
22	24039506
22	24045997
22	24078755
22	24324416
22	24387550
22	24465915
22	24486219
22	24519317
22	24590505
22	24683958
22	24694801
22	24733997
22	24734981
22	24768921
22	24777602
22	24802434
22	24895109
22	24938902
22	24949570
22	24968740
22	25083512
22	25104529
22	25120337
22	25208510
22	25216734
22	25331025
22	25494966
22	25508290
22	20870293
22	25805205
22	25843983
22	25854143
22	25909021
22	20917174
22	20938913
22	20940126
22	26342259
22	26748144
22	26775675
22	26831491
22	26878780
22	26945450
22	26965502
22	27068439
22	27093348
22	21054729
22	27397680
22	27399484
22	27467733
22	27480978
22	27525830
22	27570694
22	27572247
22	27584915
22	27626231
22	27700965
22	27738159
22	27975497
22	27975553
22	28141127
22	28605801
22	28713048
22	28786512
22	28807976
22	28854517
22	28890192
22	28918648
22	28982720
22	28994061
22	29440937
22	29443179
22	29503735
22	29543694
22	29583070
22	29634950
22	29639005
22	29816377
22	29834283
22	29877175
22	29956043
22	29961812
22	20440197
22	29976218
22	29988583
22	30017888
22	30142888
22	30156706
22	30236083
22	43702851
22	43801172
22	43929975
22	43951370
22	44039672
22	43607798
22	43530484
22	43716965
22	43718981
22	43741873
22	43760556
22	43767513
22	43780148
22	43807865
22	43815018
22	43876570
22	43882872
22	43564048
22	44002644
22	44058858
22	44111314
22	44149485
22	44250225
22	44455941
22	45468578
22	45683335
22	44532072
22	44534585
22	44561354
22	44598588
22	44669986
22	44348435
22	44384586
22	44827880
22	44836003
22	44852403
22	45199840
22	45405237
22	45442275
22	45490884
22	45496553
22	45522815
22	45547012
22	45563457
22	45729934
22	45786876
22	44518474
22	44526528
22	44348200
22	44719652
22	44719699
22	44750545
22	44873639
22	44881822
22	44905577
22	44935937
22	44937302
22	44941449
22	44963549
22	45012296
22	45084824
22	45128028
22	45135959
22	45206526
22	45226803
22	47114025
22	47149336
22	46211481
22	47527882
22	47591949
22	47947640
22	47956237
22	48104570
22	48211202
22	48425257
22	48496502
22	48564597
22	46490626
22	46782714
22	47120340
22	47137815
22	47143096
22	47163806
22	47270455
22	47316086
22	47322927
22	47330971
22	47393211
22	47475487
22	47505813
22	47541906
22	47650140
22	47650865
22	47717463
22	47757762
22	47792504
22	47798614
22	47821073
22	47825870
22	47844331
22	47892644
22	47902876
22	47911295
22	47912155
22	47918714
22	47931621
22	47938370
22	47989475
22	48008878
22	48061323
22	48098941
22	48347437
22	48349488
22	48354633
22	48445293
22	48499527
22	46467422
22	46492021
22	46591190
22	46596937
22	46728930
22	46760806
22	46889590
22	46908031
22	46917186
22	46934432
22	46939312
22	47041670
22	47081428
22	49038319
22	48920493
22	49163230
22	49275850
22	49279742
22	49468266
22	49486066
22	48984548
22	49040192
22	49050804
22	49190797
22	49199634
22	48938967
22	49331828
22	49359859
22	49363688
22	49366490
22	49391995
22	49392026
22	49401861
22	49683714
22	49683883
22	48977019
22	49692757
22	50539833
22	50542389
22	50447791
22	50157413
22	50213410
22	50240142
22	50237533
22	48631634
22	48632756
22	48767192
22	48678489
22	48684646
22	48684963
22	48781131
22	48808156
22	48658690
22	25443209
22	20629961
22	26319427
22	26352944
22	20779331
22	17372864
22	17381590
22	17381706
22	17416004
22	17419355
22	17420089
22	17425547
22	17425903
22	17439284
22	17653146
22	17681029
22	17780001
22	17800481
22	17822018
22	17826170
22	17867748
22	18089665
22	18151211
22	19046019
22	19333529
22	19388778
22	19589577
22	19613438
22	19691544
22	19710073
22	16926459
22	16929900
22	16931916
22	16944695
22	16962097
22	16964820
22	16970820
22	16988136
22	17064464
22	17079572
22	17121949
22	17189334
22	17195010
22	17301122
22	17364008
22	17370881
22	17378818
22	17437191
22	17577481
22	17602880
22	17619861
22	17710941
22	17788994
22	17817474
22	17825835
22	17882306
22	18062868
22	18964032
22	18999454
22	19005615
22	19055786
22	19063122
22	19069063
22	19312180
22	19407880
22	19505008
22	19594423
22	19595438
22	19626261
22	19628818
22	19647354
22	19681365
22	19698372
22	19736532
22	19757958
22	19805189
22	19821911
22	20233241
22	20295705
22	16822493
22	16823567
22	16929238
22	16932664
22	16952998
22	16956086
22	16960634
22	16990842
22	16991046
22	17010042
22	17093451
22	17153160
22	17162835
22	17224060
22	17226929
22	17228938
22	17233197
22	17278659
22	17288296
22	17309703
22	17312122
22	17312316
22	17317910
22	17333921
22	17350551
22	30650600
22	30938400
22	31689080
22	31833663
22	31927525
22	21592363
22	33515212
22	33901499
22	34152453
22	35706653
22	36064165
22	36206733
22	36713608
22	37236898
22	37397613
22	37555444
22	37585722
22	38019714
22	38042042
22	39193347
22	39393081
22	39467132
22	39604308
22	39610621
22	40064947
22	40102170
22	40341162
22	40453058
22	40492132
22	40665712
22	40701441
22	40760815
22	22395853
22	41335492
22	41454461
22	41592141
22	41893462
22	42636736
22	43062012
22	43074520
22	43150727
22	43275377
22	22946201
22	22952556
22	23014571
22	23366646
22	23501252
22	24212361
22	24412741
22	24491532
22	24813757
22	24867273
22	24924847
22	25012222
22	25087954
22	25357810
22	25419137
22	25455068
22	25479606
22	26035884
22	26312160
22	26917802
22	27137309
22	27422805
22	21096403
22	28318224
22	29006551
22	29281175
22	29848730
22	29937991
22	30386100
22	30398961
22	30413353
22	30551030
22	30718358
22	30915609
22	30977721
22	31227456
22	21457702
22	31511932
22	31522997
22	31583740
22	31622633
22	31907794
22	32169049
22	32260035
22	32366950
22	32390230
22	32415965
22	32457961
22	32463715
22	32572107
22	21598462
22	33044150
22	33132724
22	33232600
22	33292200
22	33301048
22	33333777
22	33334589
22	33684003
22	33696100
22	33750381
22	21694573
22	33867337
22	34073303
22	34150514
22	21741631
22	34258159
22	34302389
22	34436641
22	34484378
22	34807641
22	34935052
22	35039988
22	35044090
22	21849741
22	35637294
22	21906101
22	36081979
22	21926720
22	36230678
22	36236050
22	36367438
22	20504516
22	21967131
22	36855335
22	37261499
22	37281449
22	37393066
22	37411264
22	37452981
22	37524090
22	37532179
22	37626615
22	37866972
22	37931750
22	38025550
22	38149612
22	38160253
22	38242065
22	38251400
22	38305388
22	22151947
22	38494404
22	38570482
22	38678447
22	22183804
22	22184348
22	38853675
22	38982647
22	39011394
22	39151957
22	39198735
22	39221697
22	39387271
22	39569885
22	39741595
22	40079322
22	40133411
22	40171577
22	40258210
22	40392616
22	40428005
22	40525676
22	40583160
22	40608380
22	40679105
22	40708220
22	40728464
22	40798499
22	40836116
22	40905501
22	40955789
22	40972809
22	40984188
22	41028049
22	41687762
22	41716031
22	41880087
22	41906460
22	41947087
22	42108675
22	42475109
22	22580334
22	42690426
22	43034071
22	43266782
22	43335668
22	43462636
22	22986645
22	22997033
22	23029966
22	23043338
22	23144491
22	23358452
22	23410918
22	23468007
22	20662249
22	23635028
22	23650864
22	23705470
22	23750410
22	23922208
22	24163092
22	24176777
22	24328848
22	24335238
22	24393664
22	20757011
22	24472144
22	24687487
22	24739715
22	24781341
22	24873551
22	25069175
22	25211292
22	25373258
22	25401412
22	25460264
22	25820193
22	25831800
22	25950142
22	26040750
22	20921571
22	26236031
22	26726517
22	26763869
22	26817236
22	26909217
22	26924130
22	26980627
22	27014786
22	27152133
22	21042239
22	27266436
22	27445730
22	27456222
22	27502832
22	27525000
22	27539408
22	21079022
22	27708064
22	20422553
22	28760460
22	28769778
22	28837274
22	29058489
22	29312827
22	29510712
22	29784922
22	29820993
22	29870904
22	30194037
22	30202527
22	30232007
22	43946294
22	43996851
22	43959350
22	44004818
22	43614634
22	45410429
22	45450591
22	45488606
22	44461566
22	45618799
22	44611588
22	44708486
22	44896612
22	44909256
22	45127510
22	45183541
22	45252965
22	45269782
22	45346879
22	45356256
22	45434867
22	45540647
22	45553411
22	45577008
22	45692592
22	45742641
22	44486088
22	44604826
22	44611468
22	44630624
22	44784988
22	44943320
22	45035915
22	45047239
22	45117287
22	45258963
22	45264213
22	47469015
22	47563954
22	47636696
22	47750988
22	47818327
22	47963191
22	46282718
22	48275290
22	48388445
22	48487269
22	48510483
22	46432308
22	46900925
22	47169663
22	47288055
22	47352781
22	47407032
22	47418128
22	46237885
22	47614407
22	47657606
22	47695320
22	47725470
22	47729502
22	46269773
22	47883228
22	47975667
22	48052959
22	48082341
22	48189107
22	46308346
22	48299054
22	48330343
22	48502069
22	48513270
22	26405009
22	46391537
22	46123483
22	46418774
22	46540883
22	46560559
22	46712772
22	46849062
22	46862452
22	47006455
22	47013329
22	47018345
22	47020403
22	47068965
22	48898393
22	49711352
22	48913418
22	49065952
22	49077935
22	48919223
22	49136319
22	49229284
22	49255782
22	49414918
22	49511329
22	49723543
22	49824491
22	49838208
22	50650785
22	50712922
22	50589773
22	50467679
22	50512278
22	50076844
22	50205748
22	15613138
22	48632920
22	48803741
22	26288252
22	26404443
22	26398136
22	20197934
22	20208068
22	26309565
22	20559929
22	20714371
22	37196464
22	20655309
22	16974501
22	17090957
22	17366052
22	30216960
22	30525384
22	31701789
22	32785363
22	36205011
22	37911902
22	38035910
22	38595388
22	38891531
22	41493398
22	20530623
22	23658907
22	26108873
22	26317998
22	27252311
22	27424000
22	27704761
22	44186384
22	44339620
22	46025962
22	46477114
22	20619099
22	26354264
22	20635770
22	19037868
22	33782518
22	26269133
22	26378614
22	26373342
22	33775392
22	20201554
22	26285674
22	26338175
22	25501012
22	26358439
22	33776601
22	43371073
22	25858281
22	25882460
22	33604244
22	28493747
22	43364181
22	48750487
22	43163131
22	20267637
22	20245745
22	20240028
22	49355399
22	21700991
22	19216701
22	19210439
22	19179896
22	19168604
22	31333191
22	24832122
22	25167925
22	26257246
22	33436749
22	36262488
22	44402766
22	32287391
22	46945862
22	25771118
22	35199727
22	37668643
22	33798758
22	38801934
22	39930170
22	45513015
22	43684599
22	46526714
22	39903154
22	31243523
22	43890651
22	35521499
22	37644835
22	45818471
22	47372143
22	25110812
22	49390502
22	35531414
22	30181782
22	30472431
22	31345081
22	43349191
22	33395388
22	41752463
22	35328822
22	24955412
22	32892889
22	27679882
22	32838944
22	29347790
22	29715313
22	49287847
22	47852971
22	20111359
22	45321978
22	17503330
22	27566757
22	27566556
22	34650700
22	25077167
22	21073090
22	41471373
22	29047721
22	32772430
22	26658235
22	33930410
22	45393016
22	34945988
22	19401424
22	44355809
22	37277740
22	30518486
22	37594651
22	34993738
22	27500360
22	30921857
22	24426695
22	25991333
22	29366107
22	32318227
22	20069620
22	39992304
22	49172726
22	19837629
22	39314659
22	42707678
22	24266430
22	41829014
22	47880951
22	43237455
22	17180901
22	41162432
22	20386488
22	39888282
22	22095661
22	48207483
22	44309059
22	17414803
22	38212380
22	37538524
22	42761037
22	48816918
22	31587774
22	31778212
22	19476575
22	45112365
22	40458726
22	25568913
22	23080578
22	16962241
22	17140814
22	16974279
22	42521148
22	44970615
22	32382267
22	34308198
22	42757140
22	49318856
22	24812431
22	33881446
22	31192108
22	45004266
22	41842023
22	39855426
22	19267616
22	38350364
22	17185949
22	23596017
22	24829613
22	27518093
22	36468433
22	28403448
22	40198698
22	48813548
22	47862933
22	30695646
22	16918698
22	40696087
22	17351252
22	16915722
22	23281097
22	49621679
22	26012694
22	50186737
22	49254937
22	25086487
22	49300084
22	17116878
22	50382332
22	38232300
22	17181903
22	43971538
22	29458970
22	23208369
22	44140245
22	45782303
22	38049588
22	17175030
22	17243773
22	38072625
22	31488419
22	44823307
22	45087702
22	33870277
22	49172304
22	41080333
22	33077580
22	21796693
22	49363781
22	28985007
22	46296006
22	47273546
22	49205471
22	26932824
22	45475587
22	41994205
22	46399626
22	26700035
22	46089093
22	32477509
22	40160647
22	49394536
22	48338349
22	32143388
22	40044214
22	39728941
22	16813361
22	16866458
22	41244293
22	29683224
22	32240102
22	40058065
22	41612027
22	19633459
22	29930113
22	24842762
22	35732884
22	22074462
22	35610998
22	20542639
22	32463632
22	46062243
22	37905773
22	16917618
22	47116253
22	49097060
22	40083444
22	27972278
22	48427545
22	16917910
22	25423177
22	31568057
22	38942726
22	22194431
22	20214431
22	50227431
22	20974834
22	49182359
22	32413011
22	46735691
22	35372064
22	22059381
22	36283012
22	42446541
22	19207542
22	41822852
22	23545531
22	16922501
22	26678722
22	31872414
22	32791956
22	27517051
22	33855556
22	24879426
22	38833588
22	29676770
22	26255800
22	36721010
22	19360676
22	49197921
22	31215563
22	17400180
22	17401067
22	19144812
22	16914720
22	29917263
22	30502422
22	17229045
22	17228870
22	17221156
22	17304410
22	17118954
22	17114025
22	16801041
22	20748685
22	20418308
22	20506644
22	27165538
22	27048675
22	27110964
22	27111169
22	45237492
22	31962601
22	32211087
22	27220303
22	45492066
22	41800463
22	38760592
22	34655143
22	42173292
22	32377279
22	43114213
22	39459878
22	37513008
22	35586625
22	30816654
22	42923152
22	49688479
22	38062674
22	40209677
22	39114990
22	39185272
22	44094016
22	44084517
22	44131834
22	43958231
22	41381096
22	42716469
22	27498575
22	27459018
22	27458733
22	49013832
22	26078693
22	31539361
22	47133514
22	47170288
22	50472446
22	31616648
22	48719868
22	48038895
22	47946992
22	28734024
22	47781315
22	47899668
22	47835608
22	23357082
22	23779191
22	23850692
22	23891985
22	24219538
22	24341900
22	24728744
22	22372004
22	46896592
22	36629227
22	32814019
22	32041353
22	32071664
22	36812105
22	37253106
22	37229379
22	37249190
22	49312688
22	34919378
22	48433978
22	48420623
22	44835817
22	41722245
22	41693619
22	37719549
22	39428445
22	42332162
22	48473993
22	44765860
22	45571646
22	40849019
22	25881181
22	26466187
22	43286693
22	19951573
22	19469240
22	30611932
22	17138402
22	17138826
22	20587163
22	20639180
22	27038873
22	27039124
22	33427423
22	25509955
22	42156247
22	42161470
22	32396455
22	37500742
22	30827469
22	34842777
22	44146993
22	48038245
22	27542021
22	21972239
22	33762785
22	32720449
22	32563364
22	33165760
22	35401340
22	41699460
22	44728415
22	36114584
22	45632616
22	19747639
22	17841535
22	16951592
22	44304707
22	48824892
22	31550305
22	44218483
22	29690155
22	32709241
22	23120996
22	23127731
22	19191855
22	19358477
22	19592662
22	19918279
22	20964145
22	19114538
22	19435727
22	16968717
22	16960413
22	16924283
22	18930235
22	38872780
22	38817484
22	27169996
22	27039615
22	27089383
22	40404067
22	39478785
22	24996337
22	50159116
22	50192544
22	43080426
22	37613234
22	49856029
22	49847562
22	46742762
22	47862544
22	33554551
22	27578858
22	21707924
22	22061134
22	50504994
22	50626390
22	33577429
22	36816492
22	49275671
22	43174062
22	48432054
22	37689468
22	42276118
22	45839225
22	47435027
22	44367872
22	44394996
22	40272070
22	45592691
22	43895419
22	43826487
22	44691028
22	28094921
22	27294416
22	46697949
22	27037216
22	27305356
22	44159072
22	39126935
22	27418353
22	46789518
22	46775559
22	46685819
22	44440369
22	43467417
22	43165669
22	41605179
22	40689965
22	36143706
22	29200513
22	19254838
22	19120585
22	19125964
22	46795802
22	19241213
22	27650614
22	42561282
22	33801815
22	19100402
22	31163269
22	40859159
22	43413152
22	44717538
22	40882322
22	23731453
22	21728499
22	31134744
22	19775776
22	21722116
22	40463000
22	20624690
22	29533250
22	44438412
22	17951518
22	22929074
22	25219743
22	26033219
22	24399854
22	33444555
22	16918321
22	27521109
22	16746513
22	17219394
22	31746396
22	48991961
22	34377737
22	25147486
22	16986028
22	32841125
22	49474282
22	27139269
22	46263683
22	48664404
22	44558565
22	19365837
22	25900380
22	42746942
22	32635190
22	36951918
22	24029959
22	40203627
22	37547292
22	37228196
22	48501121
22	50244149
22	45578877
22	20259807
22	46573655
22	42000367
22	41055181
22	45602905
22	46459425
22	17247942
22	26284706
22	27085060
22	17985728
22	16954041
22	41201373
22	19641214
22	44438514
22	41770412
22	38644597
22	21755307
22	37755509
22	25396732
22	23350551
22	32163848
22	17172477
22	47483361
22	44659243
22	30641383
22	33451090
22	37514388
22	49351718
22	38188697
22	39710977
22	32475455
22	37861092
22	36523296
22	44101037
22	38661959
22	27527674
22	24220908
22	46044393
22	41552163
22	40550804
22	50730617
22	31414243
22	43511411
22	29411219
22	45842189
22	17177826
22	40714307
22	47969523
22	30479530
22	37838805
22	47707627
22	38861392
22	22230413
22	40239717
22	17288797
22	19921903
22	43087236
22	21837296
22	41237117
22	17973957
22	20481153
22	48664412
22	49174529
22	19899274
22	43327025
22	50387907
22	24505218
22	38055073
22	23169443
22	30457095
22	50375646
22	48654623
22	33375686
22	48713181
22	30860380
22	32219017
22	36967080
22	37374026
22	33712188
22	30028612
22	39974134
22	24226502
22	41628633
22	23715298
22	25826280
22	17371469
22	36331506
22	45622214
22	24437764
22	50422895
22	15387331
22	17774130
22	42646712
22	42643223
22	43983958
22	27322656
22	37129691
22	27729752
22	49341314
22	49329794
22	20273291
22	20260868
22	37066896
22	49336148
22	21691314
22	21684910
22	30662128
22	47058768
22	38312601
22	44713147
22	20446548
22	46450984
22	16820327
22	16820953
22	47922488
22	37761798
22	23053506
22	46588409
22	23022202
22	44538792
22	44538659
22	44758951
22	36973107
22	39146287
22	44792744
22	47781367
22	31156716
22	36104851
22	39235542
22	17108677
22	17108319
22	44676021
22	41653206
22	40685223
22	25951878
22	19442949
22	20549123
22	30970689
22	19974432
22	16923715
22	20247294
22	17112795
22	38879400
22	36864432
22	48276490
22	36448572
22	50118307
22	35503337
22	47401692
22	49088721
22	49151728
22	25801838
22	31625190
22	49884187
22	47624050
22	23512673
22	33167892
22	49213620
22	49237970
22	44395463
22	49775557
22	25992153
22	17011562
22	32385435
22	35556556
22	30743331
22	27883606
22	36593280
22	27498714
22	43544485
22	24575107
22	19081129
22	19081242
22	43917969
22	30242237
22	17436386
22	16931009
22	17178262
22	17318639
22	30628947
22	33497615
22	36362213
22	38926259
22	43156772
22	23008706
22	24786657
22	27321173
22	28101832
22	29978292
22	44600592
22	27265048
22	43972861
22	47804798
22	48819291
22	37222597
22	19945172
22	19968169
22	19943884
22	49193317
22	39635689
22	17048924
22	17375611
22	17380689
22	17387375
22	18937443
22	19437434
22	16631452
22	19933855
22	20159010
22	20227260
22	16819011
22	16931326
22	16986336
22	16990925
22	17067547
22	17117065
22	17314518
22	17432977
22	17435815
22	17508930
22	17547645
22	17611977
22	17937289
22	16586115
22	19665459
22	27562004
22	19790843
22	19924542
22	20077753
22	20088335
22	20100016
22	20105254
22	20155314
22	16916985
22	16923165
22	16994301
22	17063944
22	17066899
22	17113582
22	17116671
22	17117420
22	17152947
22	17173466
22	17224197
22	17354008
22	30250137
22	30257173
22	30705659
22	31211198
22	31267080
22	32468892
22	32744668
22	33067236
22	33352376
22	34809849
22	21782109
22	21808704
22	21843214
22	37233898
22	37356657
22	21991587
22	37917545
22	38690245
22	39003433
22	22180477
22	39561735
22	41545475
22	41587934
22	22424680
22	42186124
22	42726714
22	23589658
22	23709844
22	23915592
22	24360897
22	24479566
22	24581318
22	25224175
22	26104992
22	26549322
22	20926659
22	26987177
22	27702146
22	29564779
22	29623737
22	30321927
22	30485664
22	30495872
22	30712630
22	30757175
22	30771718
22	30892148
22	30933895
22	31015418
22	31036403
22	31501809
22	31772272
22	32121444
22	32411782
22	32891786
22	33012534
22	33034749
22	20383613
22	33317700
22	34662865
22	35137133
22	21832804
22	21897848
22	37211941
22	37225911
22	21954408
22	37332450
22	37725145
22	37851480
22	38257569
22	38335202
22	39228100
22	39722455
22	39861986
22	40141591
22	40188958
22	40385158
22	40415879
22	40503246
22	40518945
22	40629930
22	40659433
22	40866099
22	40899417
22	40929786
22	40978676
22	41111396
22	41281313
22	41308139
22	41371482
22	41397086
22	41565827
22	41634505
22	42080449
22	42338209
22	42734392
22	42739725
22	42777916
22	42956700
22	43125944
22	43334294
22	43354698
22	43389162
22	43429652
22	43471420
22	23150049
22	23330997
22	23365833
22	23381534
22	23404892
22	23421782
22	23528855
22	23607368
22	23823760
22	24109631
22	24169431
22	24555328
22	24931992
22	25125216
22	25244661
22	25246239
22	25920524
22	25984423
22	26238101
22	26540003
22	26561808
22	26708742
22	26966185
22	27044329
22	27593816
22	27654441
22	28008179
22	28640477
22	29006844
22	29024494
22	29657950
22	29778139
22	29969853
22	30201821
22	43686574
22	43526619
22	43791807
22	43797746
22	43660361
22	44183856
22	44246843
22	44289099
22	44771982
22	44829417
22	45350216
22	45627759
22	45864330
22	44590529
22	44673530
22	44752468
22	44778832
22	44908626
22	44924751
22	45154619
22	45223008
22	47127057
22	47782386
22	48028928
22	48162049
22	48183154
22	46399244
22	46523644
22	46079585
22	47101892
22	47252483
22	47378679
22	47603022
22	47701342
22	47899600
22	47969547
22	47985627
22	48083349
22	48200621
22	48217310
22	48223649
22	48323646
22	48455467
22	48462411
22	48467302
22	48479887
22	48544832
22	46290218
22	46502557
22	46553395
22	46084722
22	46094472
22	46914661
22	46955942
22	49378680
22	49381276
22	49632666
22	49026812
22	48899333
22	49139264
22	49143860
22	49201280
22	49228031
22	49370691
22	49398203
22	49479939
22	49493857
22	49626165
22	50633733
22	50656498
22	50667128
22	50685077
22	50679152
22	48796351
22	48649958
22	48669304
22	17397906
22	17429240
22	17440768
22	17523866
22	17704450
22	17897958
22	18103990
22	19142202
22	19930708
22	20003266
22	16846267
22	17311850
22	17333334
22	17357792
22	17373773
22	17673832
22	17862604
22	18015721
22	18919892
22	19426183
22	19499077
22	19729153
22	16820602
22	16933750
22	16955872
22	17010206
22	17043147
22	17055501
22	17261478
22	17261625
22	17280821
22	17305422
22	17319582
22	30489541
22	30927797
22	31647625
22	32490190
22	33918217
22	37481404
22	38529888
22	39675225
22	39735436
22	40399276
22	40842938
22	43113662
22	43456042
22	23557777
22	23861612
22	25754617
22	25984066
22	26947929
22	27161068
22	27383161
22	28224596
22	28523212
22	30150256
22	30635146
22	30779949
22	30784103
22	30902681
22	31577242
22	31678115
22	32636795
22	33071071
22	34199466
22	34470115
22	36588260
22	21915655
22	36942244
22	36954840
22	37658255
22	38110681
22	38261626
22	38279732
22	38516103
22	38656562
22	39681331
22	39867993
22	39943643
22	40025484
22	40050585
22	40529215
22	40535227
22	40556181
22	40869816
22	40990219
22	41128936
22	41150372
22	41265854
22	41622448
22	41665186
22	20474351
22	42433928
22	42608614
22	23260891
22	23299431
22	23641888
22	24285587
22	24443880
22	25153019
22	25388886
22	25839627
22	25854268
22	26854232
22	26941265
22	27169569
22	27243035
22	27471606
22	21033452
22	29284354
22	29550249
22	29865230
22	30159227
22	44018446
22	44046049
22	44052458
22	44811658
22	45111021
22	44682616
22	45216670
22	47787242
22	48105877
22	46245701
22	46258138
22	48379324
22	46991268
22	47279533
22	47782356
22	47847025
22	47889139
22	48075535
22	48295341
22	48396713
22	46051217
22	46411337
22	46719928
22	46891177
22	46117075
22	46998242
22	49103746
22	49783380
22	49068709
22	48962941
22	48964612
22	50396611
22	50595264
22	48643542
22	48741935
22	48748783
22	48831366
22	48663270
22	41746302
22	26953271
22	49759715
22	36530880
22	19583671
22	37378861
22	24541002
22	17116572
22	45103028
22	46834451
22	17118280
22	45418656
22	30176747
22	18037816
22	48370238
22	38100247
22	27319799
22	29334636
22	49809714
22	19658511
22	16928378
22	44493506
22	19323289
22	22043822
22	39813170
22	47462377
22	17728439
22	43787910
22	49220499
22	42945181
22	32712550
22	20512371
22	25482647
22	30027755
22	43243132
