21	40635577
21	37728270
21	38429043
21	14897167
21	30091400
21	36743630
21	35558879
21	40184487
21	14611857
21	35780949
21	37118795
21	43390876
21	30394669
21	44162662
21	15094289
21	30807797
21	43056985
21	42672704
21	38931753
21	38335210
21	34466609
21	33662347
21	31629832
21	43324660
21	18273952
21	30738449
21	46629323
21	38452250
21	20845295
21	38271744
21	45295630
21	29947244
21	19303466
21	34891702
21	34452968
21	19450743
21	30623789
21	14286933
21	39126183
21	16968742
21	35721742
21	38375582
21	25756782
21	22961707
21	38657437
21	41603844
21	41153080
21	21371483
21	35164800
21	37862516
21	38163485
21	36804315
21	27057609
21	27101201
21	19475749
21	35629906
21	46472893
21	21971963
21	35268247
21	24180899
21	21339211
21	28590055
21	37995843
21	41102273
21	16059577
21	31298119
21	25743474
21	27277340
21	35538367
21	35557233
21	22170124
21	26071334
21	36267391
21	43692779
21	25852732
21	29639558
21	31866639
21	38480473
21	18328193
21	36810829
21	31780463
21	30088567
21	37007021
21	14339451
21	40441358
21	31888456
21	20802786
21	42741117
21	20534579
21	41250859
21	28122827
21	31787124
21	37132200
21	22198989
21	44428093
21	14858414
21	15139181
21	16840257
21	20963191
21	24474011
21	25763251
21	26943963
21	30370277
21	31810731
21	35301275
21	42618903
21	28872555
21	45514912
21	45258977
21	44771259
21	24019327
21	31998810
21	20294685
21	44291319
21	42350174
21	39005629
21	31466222
21	32010138
21	32454436
21	38063772
21	15531658
21	39649825
21	40891577
21	43750404
21	44707634
21	43718237
21	42854987
21	30245787
21	23266064
21	23664854
21	24130814
21	25376845
21	28051108
21	28743577
21	30935124
21	32038318
21	32408156
21	32829063
21	14953249
21	33991458
21	34103730
21	34620019
21	34624518
21	35056135
21	35297149
21	35385240
21	36881595
21	37013380
21	39706440
21	40359546
21	40557887
21	16688973
21	18154732
21	19677688
21	21317024
21	21516727
21	21758730
21	45035130
21	45594743
21	43838166
21	33857589
21	20864803
21	42106320
21	41865404
21	46454355
21	44683002
21	35799352
21	36517982
21	33238182
21	44801252
21	28607629
21	29331759
21	32710545
21	14285390
21	14300055
21	14308498
21	14309042
21	14717697
21	21768203
21	16443009
21	16443064
21	15285751
21	27284881
21	18827652
21	19143092
21	38098664
21	31900850
21	41701923
21	40910265
21	45959441
21	39077732
21	39583158
21	16744789
21	21616125
21	37308642
21	34199921
21	33634768
21	31547288
21	32897743
21	15249540
21	38977980
21	37260189
21	18754557
21	36868670
21	34467665
21	46356467
21	33386785
21	42606033
21	45972236
21	38446915
21	14122460
21	30254444
21	37073579
21	35705964
21	16988849
21	43567198
21	36737665
21	37383581
21	31652418
21	33021637
21	41977326
21	37344291
21	36310377
21	42361709
21	43737789
21	30966246
21	27360143
21	34709150
21	26096423
21	32401692
21	32393251
21	17169191
21	45885691
21	45878601
21	44599279
21	32010179
21	29348215
21	22887536
21	30189404
21	28247396
21	41684976
21	40220217
21	30763920
21	33551839
21	30205787
21	45550471
21	30515340
21	39710584
21	14799226
21	44949339
21	41182115
21	43047581
21	36224976
21	19878123
21	42364361
21	35564957
21	31387934
21	42634258
21	41809223
21	28253590
21	25725147
21	35444054
21	31973054
21	44466421
21	34225444
21	30416382
21	34475399
21	14713214
21	23391531
21	14779972
21	31923801
21	46546591
21	34080087
21	37264723
21	46622601
21	32292202
21	37569131
21	41319311
21	33193154
21	32146927
21	34469442
21	34031616
21	46113312
21	37211238
21	20491873
21	35682626
21	32052219
21	26042573
21	32720758
21	35786812
21	30165158
21	15954381
21	16428192
21	14773134
21	24542583
21	38784643
21	38797215
21	38803903
21	39890312
21	41275894
21	36843623
21	32162357
21	18763898
21	40697142
21	31672306
21	24239778
21	16955871
21	31992308
21	30685555
21	42249500
21	37121369
21	20731541
21	34609129
21	21492337
21	17586363
21	37055255
21	28644530
21	28663553
21	29325352
21	42142789
21	27063812
21	31499564
21	36961988
21	40451429
21	41508967
21	40424829
21	36346289
21	31466957
21	37586924
21	19938321
21	27691746
21	28650913
21	28779712
21	41636765
21	32199947
21	41519531
21	33920895
21	46348188
21	26141519
21	17940057
21	22600004
21	34741805
21	33165143
21	15173805
21	39678399
21	14325236
21	30994706
21	35641323
21	41747246
21	23348331
21	14999292
21	31936989
21	33344483
21	21145779
21	14091369
21	33266106
21	27697831
21	17985473
21	37930965
21	20325296
21	38127056
21	26711203
21	32739277
21	20248598
21	42436483
21	35150696
21	45403004
21	29671065
21	25236932
21	24469148
21	38911090
21	33556790
21	27704030
21	41021279
21	41779969
21	20366261
21	33942421
21	45379998
21	41979806
21	42029827
21	24138279
21	31950507
21	45316779
21	13579426
21	37558769
21	32772611
21	17814297
21	30947407
21	28601238
21	19220081
21	14160005
21	24139131
21	33897660
21	31611874
21	44475876
21	14730332
21	13315250
21	14012310
21	15363718
21	15444786
21	21377821
21	40465366
21	39838565
21	14057683
21	37145303
21	41695096
21	13507682
21	17177871
21	20294334
21	32286497
21	42119813
21	45143905
21	36887569
21	27472174
21	40684977
21	45358857
21	30800686
21	43172765
21	23176826
21	34363867
21	42885341
21	19176610
21	42833569
21	41774299
21	36853295
21	19657886
21	31327268
21	42605776
21	41753099
21	45347113
21	41108171
21	46311485
21	37419829
21	16844600
21	14873878
21	19343964
21	16667566
21	32971387
21	32313925
21	32473462
21	40714198
21	14359221
21	32607870
21	43852496
21	26334004
21	36858661
21	30878633
21	32789184
21	41113881
21	43350089
21	36719342
21	40890237
21	16934501
21	30222835
21	35355365
21	27063575
21	27619734
21	42125379
21	29127927
21	30237149
21	38022548
21	44624708
21	25813256
21	34996329
21	40885239
21	32106374
21	31472667
21	43204181
21	26961704
21	38948904
21	28471686
21	25148434
21	42864303
21	42925259
21	27630563
21	36677612
21	43588075
21	32696272
21	20531164
21	19775034
21	45322215
21	22914215
21	16432817
21	16444475
21	14666228
21	20619519
21	20346879
21	23357641
21	23463695
21	26636027
21	21300477
21	27451746
21	27393944
21	23314079
21	19454882
21	17660561
21	23396438
21	25841980
21	30652747
21	37682669
21	37751209
21	19821890
21	19736770
21	22575256
21	31363156
21	27770487
21	27812209
21	36751624
21	22916400
21	16389721
21	16390008
21	27288918
21	27304989
21	27570603
21	23224949
21	23236891
21	29826974
21	40562935
21	18001025
21	39998891
21	14467876
21	28421609
21	33185797
21	38694317
21	27242552
21	26399758
21	26371242
21	20220906
21	19501717
21	19499412
21	19388767
21	19319337
21	18111820
21	17419400
21	17638945
21	26984508
21	22476268
21	17201098
21	17260353
21	26619453
21	23179287
21	30665712
21	42043640
21	26939253
21	23686961
21	23652839
21	16295226
21	19753046
21	39596533
21	23266975
21	23289986
21	41026332
21	18832685
21	41241417
21	26314327
21	36111076
21	20671418
21	18061872
21	40206448
21	14569387
21	15101837
21	18924531
21	45492472
21	45675076
21	33894091
21	34584956
21	30953268
21	29529659
21	27289693
21	42136225
21	36638352
21	14817833
21	28295714
21	31071890
21	36964896
21	38422958
21	40326395
21	40776910
21	42110561
21	25757449
21	31138651
21	36185744
21	18306443
21	44441029
21	18030904
21	17996684
21	21527397
21	44227763
21	21346371
21	37706997
21	24097774
21	43464372
21	26933328
21	26954622
21	26909921
21	26900909
21	35520483
21	39972562
21	27149180
21	27822792
21	16374000
21	42987031
21	30632027
21	45850541
21	26750028
21	27211995
21	27308947
21	28227045
21	28417662
21	28507639
21	28785829
21	29153097
21	29465844
21	29573317
21	29753643
21	29822699
21	30121838
21	30152391
21	30180634
21	30376993
21	30678698
21	30769946
21	30959999
21	30987925
21	31678472
21	32682177
21	32736696
21	33968629
21	34280000
21	34501826
21	34654143
21	34823377
21	35473375
21	35741941
21	36042750
21	38027861
21	38257496
21	38399233
21	38619222
21	24119543
21	24104755
21	38985555
21	39483028
21	30889322
21	31426264
21	39793322
21	39939291
21	24117296
21	24463551
21	23458246
21	24641171
21	24659206
21	24731722
21	41394581
21	25356828
21	25461967
21	41561007
21	25630065
21	25768892
21	26468474
21	14499728
21	21111461
21	21407129
21	22158276
21	22357870
21	23376302
21	43452574
21	43573894
21	43600084
21	43670062
21	44088680
21	45101543
21	45232161
21	45706746
21	23783980
21	30561407
21	30616796
21	42336715
21	26893973
21	44559015
21	43008237
21	44876080
21	44726465
21	37665334
21	41586431
21	27354208
21	27388340
21	16384552
21	41215505
21	42580751
21	42878294
21	35688830
21	37513203
21	38595152
21	20482166
21	14482965
21	16386564
21	17214984
21	34978650
21	38009915
21	13345210
21	14960602
21	15694200
21	15741715
21	14914128
21	38499296
21	35659100
21	35646155
21	39476248
21	18135702
21	28376656
21	18553869
21	20480384
21	21751769
21	21760586
21	21678478
21	21690367
21	15440893
21	28357188
21	28340638
21	21886423
21	18497269
21	26591314
21	33780393
21	33939439
21	24810522
21	18585511
21	27428146
21	18922984
21	19025379
21	21604224
21	39576934
21	41865721
21	29732820
21	25260459
21	18359087
21	41898747
21	35087401
21	36339787
21	38422872
21	32599122
21	32615199
21	34092715
21	24069583
21	21877721
21	18124111
21	30567200
21	21602671
21	20450415
21	20472059
21	20439975
21	20442312
21	37620845
21	42357563
21	42242686
21	33350087
21	33431070
21	27186054
21	31665557
21	14982650
21	27828744
21	27367234
21	21286574
21	44639827
21	44778026
21	27315331
21	26462001
21	20364697
21	19410477
21	26604181
21	26549873
21	19696842
21	23200564
21	22650608
21	40418033
21	40418093
21	40316840
21	35438861
21	40531065
21	40650543
21	14758112
21	14521957
21	14853155
21	35027879
21	14686860
21	19795970
21	26384921
21	26321228
21	35603891
21	35500865
21	38532140
21	38925612
21	38997741
21	40076126
21	40914677
21	41293753
21	45580925
21	45330275
21	37594220
21	32059682
21	34194407
21	34593637
21	25610668
21	25635648
21	32490936
21	32532881
21	32913648
21	37875762
21	19744226
21	30258592
21	20536241
21	41866904
21	42913546
21	41533447
21	16292355
21	19696741
21	16402736
21	36396833
21	24222662
21	24219039
21	24189256
21	24040400
21	24055429
21	22592144
21	30107534
21	30196386
21	41281194
21	14063043
21	17964944
21	17958983
21	17990372
21	17978065
21	17948886
21	19432563
21	23047540
21	23115860
21	20189370
21	21090787
21	21686807
21	46139080
21	23027717
21	46575530
21	39820276
21	20419603
21	30638389
21	30578797
21	30604149
21	21475956
21	40473474
21	29212989
21	17401987
21	29157912
21	38558782
21	41282570
21	36500149
21	44434503
21	14676745
21	43752979
21	23446970
21	37095316
21	23437124
21	23438339
21	31155932
21	35135734
21	41144265
21	33308811
21	17961329
21	21482817
21	29634323
21	39494160
21	34209852
21	43752747
21	41044220
21	32904438
21	14270355
21	25962708
21	32931677
21	22422873
21	38831045
21	36786880
21	36645821
21	21508930
21	32212028
21	44283777
21	32526607
21	29364301
21	44580521
21	44103535
21	44109038
21	25142335
21	25289204
21	25660433
21	28538908
21	28389286
21	32768850
21	40707201
21	16781563
21	19617635
21	44245447
21	45410958
21	34649599
21	23366809
21	43087910
21	17234409
21	17213038
21	31982451
21	38045070
21	20370610
21	20304662
21	26402551
21	14122679
21	16636130
21	30006615
21	31795002
21	32087662
21	33982222
21	39882530
21	44176049
21	33908879
21	33774273
21	24097349
21	23148979
21	31762040
21	31774508
21	39447759
21	15339182
21	25971924
21	25696585
21	32166186
21	16190949
21	18268241
21	37255221
21	42752699
21	43300266
21	33075201
21	18109036
21	18129539
21	17495822
21	15566760
21	35222811
21	15567343
21	28758222
21	38053958
21	34783715
21	32991217
21	31266233
21	46560657
21	34306726
21	36231355
21	36277937
21	38822292
21	43929871
21	44238087
21	44261270
21	44338022
21	44330463
21	46122306
21	26090411
21	25998081
21	41469683
21	44087312
21	37241186
21	33247140
21	33888177
21	46398384
21	36744739
21	36759547
21	36767961
21	36930469
21	23826254
21	23838900
21	23766554
21	23855030
21	44289270
21	45900976
21	35155502
21	46461396
21	17436605
21	17442250
21	17428010
21	35838113
21	35277286
21	21783539
21	20397381
21	28280001
21	41056842
21	37248896
21	41515397
21	28085034
21	28135498
21	26350962
21	43055570
21	26967805
21	42665845
21	39998577
21	38930032
21	40046281
21	29957399
21	29759415
21	29778842
21	14453963
21	17080987
21	17013933
21	28892637
21	28091342
21	28260187
21	18290335
21	25915612
21	14840848
21	38879266
21	40971233
21	40919752
21	45957382
21	45693763
21	32796263
21	25116924
21	37251168
21	37355505
21	37595728
21	38144758
21	33516633
21	21964332
21	23968674
21	19913884
21	38519181
21	20517528
21	16137156
21	14165623
21	18747309
21	42849544
21	24270920
21	36208509
21	38770930
21	46094305
21	27373497
21	25948923
21	23243724
21	19406982
21	35940423
21	35831389
21	40203231
21	39781885
21	15021126
21	14959202
21	15306003
21	14341223
21	18999111
21	14867616
21	19053745
21	19692305
21	41032091
21	41072193
21	45372187
21	32880163
21	29543953
21	37226275
21	37964630
21	24061504
21	34006710
21	26601402
21	26731325
21	41500824
21	42906207
21	35949269
21	41355781
21	26493101
21	26453782
21	26428575
21	26429344
21	26477027
21	26356115
21	26361267
21	26364673
21	26378857
21	26392236
21	36469742
21	36460323
21	42102239
21	42102540
21	42111443
21	42112871
21	42119937
21	42127678
21	42137626
21	42018565
21	42028688
21	42033901
21	42039063
21	42052058
21	42057990
21	42072220
21	42072594
21	42089589
21	35423414
21	35481219
21	39879457
21	40527264
21	40644088
21	40165450
21	15071597
21	28220685
21	16998393
21	28878293
21	15990923
21	28068781
21	15794352
21	15637977
21	40760876
21	44690629
21	31967028
21	34291684
21	34775307
21	25571293
21	31876981
21	32410578
21	30824116
21	37811230
21	38254499
21	38316185
21	19223092
21	16652325
21	16675274
21	24520434
21	23564311
21	38550796
21	38563376
21	18742253
21	18742325
21	26342944
21	26755361
21	27452752
21	30423989
21	36126057
21	21305454
21	42188546
21	23027983
21	26500650
21	35728742
21	40461957
21	15050282
21	28501166
21	21663060
21	26027225
21	37841635
21	23728030
21	23732628
21	21151816
21	27066232
21	26511433
21	26515176
21	26525080
21	26526879
21	26539676
21	26547613
21	26557539
21	26574783
21	26587423
21	38299554
21	25876078
21	30319253
21	35041442
21	41885992
21	45282591
21	45456169
21	45477179
21	37517426
21	41798647
21	41801666
21	42312718
21	33253108
21	44420722
21	39655820
21	36164110
21	36247942
21	15774009
21	35243737
21	35253552
21	35408735
21	35610454
21	35652547
21	35825179
21	36149545
21	15616171
21	34990282
21	35070737
21	35081540
21	35176351
21	35188482
21	39031670
21	39051545
21	39093252
21	35396974
21	35856168
21	29059409
21	28946144
21	16930998
21	31354846
21	34830143
21	33821091
21	37166817
21	19572783
21	33828977
21	28898777
21	28986090
21	36713442
21	29725863
21	32735268
21	19697886
21	33792445
21	21916352
21	43644719
21	20351703
21	31272286
21	19858989
21	41647085
21	34467101
21	35116823
21	34551935
21	44872469
21	35204304
21	18102297
21	15037568
21	28904780
21	19827218
21	40740208
21	15869915
21	28993001
21	36476941
21	35983661
21	36176461
21	36478170
21	36636941
21	39882176
21	29878304
21	37061219
21	36724920
21	46254361
21	33260011
21	24685932
21	17064791
21	36731329
21	31198346
21	44704141
21	29155678
21	30493472
21	34545782
21	32322966
21	42380966
21	34562178
21	18495186
21	33683942
21	36694278
21	31464147
21	41243366
21	36184710
21	42343617
21	42344143
21	42352838
21	14862474
21	33335834
21	30537132
21	38405298
21	41789132
21	42262576
21	31501935
21	39893986
21	21859512
21	42321487
21	14279748
21	42442356
21	17963314
21	42238334
21	21863284
21	33814439
21	28439760
21	28975668
21	29713558
21	29930154
21	18119346
21	41667612
21	38076541
21	46641299
21	14923033
21	44295503
21	44754070
21	17791486
21	17795162
21	18052633
21	31193476
21	24811410
21	26624106
21	28557655
21	28859513
21	29593888
21	33804666
21	33864163
21	34578400
21	34812642
21	34843984
21	34860374
21	42697315
21	42704322
21	42755585
21	42761798
21	43791051
21	41847151
21	41907008
21	44089769
21	46194746
21	46566088
21	42653214
21	42532968
21	42538805
21	42539967
21	41449338
21	42547016
21	42561129
21	45469752
21	31128409
21	31500791
21	31509375
21	33404389
21	33914974
21	34873605
21	42725025
21	26831349
21	26887604
21	26850773
21	43428190
21	43439806
21	43433979
21	45300095
21	20638877
21	20640088
21	39186495
21	37150186
21	37480426
21	17659079
21	24714073
21	24714377
21	22517324
21	33361336
21	44321476
21	46235113
21	41486054
21	39869484
21	39919046
21	39919498
21	29303995
21	34591796
21	34597602
21	34885728
21	21428704
21	21438447
21	21392241
21	21399733
21	21325577
21	21356487
21	44546850
21	26955176
21	27022377
21	27026863
21	21496543
21	21503299
21	21463571
21	21514939
21	43011504
21	43002186
21	44865646
21	44715290
21	44721872
21	44878954
21	44891898
21	44827025
21	44725826
21	44731386
21	44732954
21	27224574
21	27162110
21	21549788
21	21591844
21	27271549
21	16340876
21	16293268
21	27349528
21	27291023
21	27446241
21	27407148
21	27298315
21	27307995
21	27321685
21	27325994
21	41653781
21	14119239
21	15838519
21	16402983
21	20375856
21	21311632
21	24645615
21	25146373
21	25788268
21	26201665
21	27636710
21	31080613
21	31603008
21	32152539
21	32557585
21	32853365
21	32935889
21	33144456
21	33796690
21	34850263
21	36706253
21	36990685
21	37811860
21	37953531
21	40570605
21	41209602
21	41286546
21	27469081
21	27561088
21	27594508
21	27596828
21	27513596
21	27497600
21	17756389
21	17782100
21	17839600
21	17848481
21	27805318
21	27818297
21	27835286
21	22898879
21	22993156
21	29170307
21	30204888
21	44106018
21	24300180
21	18023896
21	21365112
21	24056422
21	37757784
21	28865689
21	28532310
21	28842550
21	28881929
21	28888059
21	14926536
21	35379214
21	13915563
21	21862014
21	45940847
21	13339843
21	13934115
21	14017400
21	14040078
21	14042232
21	14101832
21	14129201
21	14141692
21	14153705
21	14181208
21	14187133
21	14227642
21	14239217
21	14244451
21	14273209
21	14273739
21	14290970
21	14296063
21	14298703
21	14310012
21	14319749
21	14323881
21	14332596
21	14333233
21	14337696
21	14348082
21	14353547
21	14367787
21	14369099
21	14371065
21	14375182
21	14393581
21	14402408
21	14412177
21	14415417
21	14416052
21	14458774
21	14473240
21	14479779
21	14489134
21	14512154
21	14518553
21	14523257
21	14527076
21	14530657
21	14536930
21	14549195
21	14549309
21	14580860
21	14582339
21	14605283
21	14612661
21	14654279
21	14670555
21	14679344
21	14700538
21	14739209
21	14743691
21	14749101
21	14753826
21	14763575
21	14765257
21	14765768
21	14773440
21	14817660
21	14877783
21	14891119
21	14915856
21	14957500
21	14981210
21	14988736
21	14989990
21	14995932
21	15015582
21	15069983
21	15088438
21	15138432
21	15185976
21	15194030
21	15204463
21	15214798
21	15220864
21	15256714
21	15266226
21	15274459
21	15292458
21	15346387
21	15367049
21	15373204
21	15412387
21	15486279
21	15493627
21	15497568
21	15542586
21	15547750
21	15550374
21	15628735
21	15631906
21	15660404
21	16159669
21	16175566
21	16257417
21	16285464
21	16303354
21	16435609
21	16446716
21	16453940
21	16505474
21	16561877
21	16571160
21	16622967
21	16636510
21	16642730
21	16710527
21	16718929
21	16770016
21	16815089
21	16839333
21	16847186
21	16872660
21	16903280
21	16928131
21	16958336
21	17012507
21	17049479
21	17056849
21	17098723
21	17118549
21	17267800
21	17351352
21	17389322
21	17413338
21	17414857
21	17529651
21	17585313
21	17593771
21	17605049
21	17607237
21	17650057
21	17650310
21	17672079
21	17690876
21	17696288
21	17849857
21	17930900
21	18056517
21	18115150
21	18122431
21	18134334
21	18145930
21	18153923
21	18163274
21	18163662
21	18180563
21	18189038
21	18190719
21	18196169
21	18199240
21	18297801
21	18316765
21	18341504
21	18345317
21	18349811
21	18361868
21	18363084
21	18369800
21	18394010
21	18398245
21	18398933
21	18418774
21	18434164
21	18472824
21	18480604
21	18516327
21	18560126
21	18587047
21	18706106
21	18767687
21	18778825
21	18787748
21	18802377
21	18823339
21	18893437
21	18963734
21	19000251
21	19030063
21	19037732
21	19043631
21	19057987
21	19129853
21	19165343
21	19200313
21	19276094
21	19283101
21	19313076
21	19340466
21	19374618
21	19463588
21	19557492
21	19565052
21	19571158
21	19583590
21	19594402
21	19638955
21	19639917
21	19675154
21	19689697
21	19803999
21	19805573
21	19840721
21	19878855
21	19906518
21	19910696
21	19952335
21	19980680
21	20004399
21	20013865
21	20013937
21	20016179
21	20026531
21	20054572
21	20057401
21	20062621
21	20170785
21	20170877
21	20193774
21	20196105
21	20211525
21	20222539
21	20277283
21	20311891
21	20325763
21	20364503
21	20445513
21	20480657
21	20483797
21	20488735
21	20495123
21	20495341
21	20512643
21	20527842
21	20528614
21	20543803
21	20545575
21	20553824
21	20655785
21	20658332
21	20668120
21	20712376
21	20772860
21	20816417
21	20820566
21	20824755
21	20847367
21	20853687
21	20865739
21	20881039
21	20883113
21	20888897
21	20935851
21	20941083
21	20941302
21	20953505
21	20976668
21	20977106
21	20990181
21	21120113
21	21133781
21	21140026
21	21157373
21	21182321
21	21190327
21	21236884
21	21252621
21	21255980
21	21285351
21	21294579
21	21333474
21	21354237
21	21422852
21	21436263
21	21449323
21	21456311
21	21469854
21	21497742
21	21519807
21	21536884
21	21538469
21	21539710
21	21545226
21	21612165
21	21729492
21	21738010
21	21749788
21	21786134
21	21800712
21	21810746
21	21824112
21	21827287
21	21874900
21	21888004
21	21921977
21	21923629
21	21970287
21	21981800
21	21995198
21	22022198
21	22071084
21	22123270
21	22135730
21	22149466
21	22212349
21	22251706
21	22265192
21	22270146
21	22281926
21	22300390
21	22311989
21	22312236
21	22313245
21	22321705
21	22338962
21	22357667
21	22387075
21	22449414
21	22548427
21	22571359
21	22603487
21	22623803
21	22812606
21	22967247
21	23089680
21	23096788
21	23103046
21	23110620
21	23127250
21	23164182
21	23295534
21	23305738
21	23310475
21	23311409
21	23324660
21	23340130
21	23380372
21	23418101
21	23439416
21	23457999
21	23496303
21	23506062
21	23515521
21	23517917
21	23539072
21	23570092
21	23571884
21	23601192
21	23612368
21	23655715
21	23668729
21	23697719
21	23703234
21	23720848
21	23724035
21	23725651
21	23742421
21	23743893
21	23748893
21	23752258
21	23759666
21	23762411
21	23770802
21	23779573
21	23793208
21	23839358
21	23851356
21	23866866
21	23869152
21	23921592
21	23945290
21	23978715
21	23998382
21	24005759
21	24061937
21	24116591
21	24150463
21	24217849
21	24224457
21	24244250
21	24285601
21	24376142
21	24406818
21	24410304
21	24440665
21	24454196
21	24493028
21	24493912
21	24552535
21	24580582
21	24582176
21	24589590
21	24598723
21	24599536
21	24653402
21	24668428
21	24708645
21	24718152
21	24731821
21	24739154
21	24751631
21	24756482
21	24761906
21	24800896
21	24821808
21	24834813
21	24834940
21	24862877
21	24921993
21	24960004
21	25088844
21	25142283
21	25150871
21	25172891
21	25179186
21	25231988
21	25263485
21	25326914
21	25334042
21	25391762
21	25411707
21	25413995
21	25425777
21	25453253
21	25465171
21	25487995
21	25494354
21	25503355
21	25539906
21	25547164
21	25599076
21	25650710
21	25656079
21	25673655
21	25680313
21	25683787
21	25692734
21	25712685
21	25718811
21	25731303
21	25750781
21	25756081
21	25795738
21	25806239
21	25822558
21	25823078
21	25827715
21	25850841
21	25870085
21	25888144
21	25931939
21	26019144
21	26025291
21	26076454
21	26082679
21	26103787
21	26109027
21	26121209
21	26128016
21	26137556
21	26162498
21	26238887
21	26253925
21	26280000
21	26304273
21	26408595
21	26418452
21	26424674
21	26441386
21	26460012
21	26482382
21	26496270
21	26503889
21	26583066
21	26611244
21	26654180
21	26662516
21	26674485
21	26678929
21	26685183
21	26692558
21	26694381
21	26699940
21	26705840
21	26717612
21	26737505
21	26743610
21	26755445
21	26767593
21	26785120
21	26788916
21	26790478
21	26932893
21	26976484
21	26982723
21	26995436
21	27007678
21	27021640
21	27071846
21	27077907
21	27088456
21	27093405
21	27105567
21	27108961
21	27122121
21	27142073
21	27150831
21	27168586
21	27191176
21	27200661
21	27217732
21	27231394
21	27237932
21	27248412
21	27254626
21	27263652
21	27291666
21	27308877
21	27380922
21	27423803
21	27426384
21	27427170
21	27457696
21	27464299
21	27488503
21	27489818
21	27567214
21	27569039
21	27583758
21	27596721
21	27649946
21	27670897
21	27676511
21	27682985
21	27716565
21	27722330
21	27726719
21	27733172
21	27747442
21	27763599
21	27807830
21	27841004
21	27876226
21	27952616
21	27955826
21	27984853
21	27988671
21	27989311
21	28015413
21	28024260
21	28032898
21	28064763
21	28068650
21	28097735
21	28103706
21	28107445
21	28109155
21	28112136
21	28113040
21	28133115
21	28143565
21	28158156
21	28167177
21	28171497
21	28191628
21	28204757
21	28209050
21	28210407
21	28273848
21	28287603
21	28300638
21	28307368
21	28345820
21	28388765
21	28393595
21	28400209
21	28417084
21	28419987
21	28425778
21	28431702
21	28441374
21	28459011
21	28460284
21	28478228
21	28515057
21	28522223
21	28581062
21	28586492
21	28631932
21	28641725
21	28658708
21	28708511
21	28713757
21	28725844
21	28734604
21	28739885
21	28768699
21	28792533
21	28800978
21	28817553
21	28849087
21	28901885
21	28952433
21	29038029
21	29092595
21	29116979
21	29121929
21	29133868
21	29140593
21	29152204
21	29164625
21	29177040
21	29183918
21	29191846
21	29215117
21	29318237
21	29370675
21	29376995
21	29458813
21	29480823
21	29498804
21	29504791
21	29508864
21	29542205
21	29608925
21	29621801
21	29765618
21	29857195
21	29870411
21	29884551
21	29953544
21	29972191
21	29993802
21	30002188
21	30009282
21	30013189
21	30037807
21	30044142
21	30059387
21	30094835
21	30139606
21	30181182
21	30216358
21	30217096
21	30255077
21	30263134
21	30268546
21	30274489
21	30282130
21	30287836
21	30293982
21	30311078
21	30318453
21	30322324
21	30328904
21	30341087
21	30347264
21	30358039
21	30364328
21	30384796
21	30407258
21	30444405
21	30449717
21	30454545
21	30461342
21	30479861
21	30500001
21	30510285
21	30520239
21	30526212
21	30572815
21	30599124
21	30664223
21	30691864
21	30714005
21	30724808
21	30731181
21	30776291
21	30794292
21	30812770
21	30828654
21	30842336
21	30847739
21	30852615
21	30855473
21	30884958
21	30911118
21	30923932
21	30973303
21	31050765
21	31054988
21	31115036
21	31117239
21	31133207
21	31145643
21	31164096
21	31174286
21	31180335
21	31221887
21	31226605
21	31233064
21	31279415
21	31310558
21	31341796
21	31348134
21	31380807
21	31418783
21	31431085
21	31454528
21	31474985
21	31482837
21	31486108
21	31493163
21	31522780
21	31538963
21	31547272
21	31564661
21	31571102
21	31582452
21	31584998
21	31592028
21	31593851
21	31693821
21	31706138
21	31715928
21	31767713
21	31806981
21	31807059
21	31814103
21	31827784
21	31842160
21	31963876
21	31986180
21	31995420
21	32003200
21	32026519
21	32031466
21	32072716
21	32082488
21	32100127
21	32124511
21	32132779
21	32178799
21	32184224
21	32192753
21	32302113
21	32308890
21	32329383
21	32338015
21	32345568
21	32356820
21	32367629
21	32374497
21	32380317
21	32422208
21	32423653
21	32426376
21	32479879
21	32497130
21	32545593
21	32551699
21	32568148
21	32575470
21	32587411
21	32636222
21	32642458
21	32648741
21	32655464
21	32752275
21	32782728
21	32801979
21	32808611
21	32818998
21	32843907
21	32848301
21	32885310
21	32891632
21	32925467
21	32934507
21	32946777
21	32947439
21	32953128
21	32986835
21	33001764
21	33015144
21	33038156
21	33044793
21	33050431
21	33057864
21	33092961
21	33114384
21	33134000
21	33142704
21	33154044
21	33160250
21	33183527
21	33199411
21	33278486
21	33305086
21	33417501
21	33424579
21	33455533
21	33653419
21	33674356
21	33677920
21	33835217
21	33841543
21	33909089
21	33941278
21	33955321
21	33983109
21	33984724
21	33987634
21	33993918
21	34017440
21	34024119
21	34025201
21	34046890
21	34054555
21	34087323
21	34127811
21	34134130
21	34172760
21	34184200
21	34231430
21	34259637
21	34267674
21	34300618
21	34318199
21	34324400
21	34329783
21	34337459
21	34344072
21	34354455
21	34401633
21	34410921
21	34444643
21	34484206
21	34511191
21	34535115
21	34539301
21	34560321
21	34632240
21	34664317
21	34687310
21	34692022
21	34697539
21	34703249
21	34716756
21	34729625
21	34735051
21	34817743
21	34837803
21	34903142
21	34922045
21	34942752
21	34956311
21	34963684
21	34970394
21	34985055
21	34989908
21	35008555
21	35064318
21	35099992
21	35103381
21	35110862
21	35113893
21	35119037
21	35129118
21	35159638
21	35170120
21	35194597
21	35199822
21	35208493
21	35209624
21	35242118
21	35260001
21	35266234
21	35290514
21	35302996
21	35309987
21	35316230
21	35322878
21	35330191
21	35342836
21	35349605
21	35366372
21	35430038
21	35446705
21	35460610
21	35482700
21	35509097
21	35550963
21	35576201
21	35582741
21	35591666
21	35665154
21	35671587
21	35677310
21	35695015
21	35735148
21	35748483
21	35753212
21	35759392
21	35929063
21	35938058
21	35969823
21	35972782
21	35974961
21	35997513
21	36003345
21	36024993
21	36038179
21	36054985
21	36074727
21	36080621
21	36117592
21	36170120
21	36191000
21	36196405
21	36199394
21	36207125
21	36333141
21	36433305
21	36512239
21	36512989
21	36541167
21	36589873
21	36596596
21	36605071
21	36670241
21	36688829
21	36717860
21	36733908
21	36832294
21	36841747
21	36846890
21	36867199
21	36875280
21	36979613
21	37029239
21	37037576
21	37085817
21	37087425
21	37127484
21	37138316
21	37139231
21	37173308
21	37182541
21	37201912
21	37232269
21	37250433
21	37295011
21	37302242
21	37349007
21	37379562
21	37413733
21	37487838
21	37493662
21	37517672
21	37520307
21	37528419
21	37534480
21	37538265
21	37546306
21	37553248
21	37560476
21	37576658
21	37606313
21	37614931
21	37667264
21	37688590
21	37712187
21	37751451
21	37762997
21	37773268
21	37782438
21	37789062
21	37798321
21	37822511
21	37822576
21	37837342
21	37838410
21	37838703
21	37881924
21	37885074
21	37894757
21	37899834
21	37911995
21	37925512
21	37951005
21	31882403
21	37953928
21	37957831
21	37965488
21	37974030
21	37991647
21	37994224
21	38012308
21	38069764
21	38079309
21	38091663
21	38094919
21	38132262
21	38169353
21	38237968
21	38244393
21	38263627
21	38280918
21	38287951
21	38305667
21	38324554
21	38343867
21	38352778
21	38354218
21	38359991
21	38365704
21	38381424
21	38392862
21	38398442
21	38416581
21	38428304
21	38443289
21	38453089
21	38458633
21	38466902
21	38489807
21	38493226
21	38498386
21	38525629
21	38525883
21	38534450
21	38535513
21	38536616
21	38544832
21	38571161
21	38575787
21	38575823
21	38582489
21	38591200
21	38600453
21	38644560
21	38669371
21	38718699
21	38729865
21	38732027
21	38740395
21	38747109
21	38752701
21	38765050
21	38864135
21	38879658
21	38919816
21	38942780
21	38954597
21	38960251
21	38967069
21	38975062
21	38984722
21	39037680
21	39067336
21	39071690
21	39093608
21	39117101
21	39127541
21	39132576
21	39132747
21	39134268
21	39363680
21	39376875
21	39389619
21	39408634
21	39416157
21	35486414
21	39446453
21	39548028
21	39566104
21	39676197
21	39698972
21	39719492
21	39732421
21	39754760
21	39763411
21	39768125
21	39770668
21	46085917
21	41825202
21	39774597
21	39775477
21	39789011
21	39791306
21	39825930
21	39848337
21	39875966
21	39902819
21	39933399
21	39935532
21	39957141
21	39962101
21	39981280
21	39989430
21	39991851
21	39994077
21	40007811
21	40045465
21	40051419
21	40057783
21	40063898
21	40070721
21	40082807
21	40119406
21	40126099
21	40126136
21	40128115
21	40175028
21	40193485
21	40209757
21	40213821
21	40232392
21	40243743
21	40249897
21	40256162
21	40273557
21	40290943
21	40353376
21	40365805
21	40368065
21	40373074
21	40383482
21	40389751
21	40392809
21	40455226
21	40470325
21	40478709
21	40484045
21	40525445
21	40525603
21	40534888
21	40547496
21	40550033
21	40614232
21	40655015
21	40656356
21	40662426
21	40668084
21	40668729
21	40694854
21	40734779
21	40738309
21	40789948
21	40819936
21	40837715
21	40887149
21	40890185
21	40927494
21	40935416
21	40936353
21	40940473
21	41014748
21	41043248
21	41091574
21	41097317
21	41123518
21	41139991
21	41148719
21	41219684
21	41230808
21	41248222
21	41252197
21	41254779
21	41277430
21	41310717
21	41313117
21	41349857
21	41362136
21	41381201
21	41526439
21	41541046
21	41549790
21	41558250
21	41561781
21	41566425
21	41603354
21	41616474
21	41619980
21	41641125
21	41672041
21	41707851
21	41762159
21	41782874
21	41797109
21	41803178
21	43342775
21	43419273
21	43458001
21	43606847
21	43656492
21	43731165
21	43798559
21	43819197
21	43826541
21	43832957
21	43906035
21	43913984
21	43936606
21	43947271
21	43951007
21	43962980
21	43978972
21	44253766
21	44267698
21	44344514
21	14071254
21	44448356
21	44458501
21	44474024
21	44559878
21	44657205
21	44666460
21	44677724
21	44678005
21	44699855
21	44761094
21	44807957
21	44813315
21	44844460
21	44858053
21	44863643
21	44903816
21	44924511
21	45022032
21	45061590
21	45067987
21	45094903
21	45177062
21	45201191
21	45221102
21	45250959
21	45293177
21	45344518
21	45352588
21	45417794
21	45426100
21	45484919
21	45506383
21	45560713
21	45601870
21	45829067
21	45865373
21	45872447
21	46025270
21	46037593
21	46052727
21	46119046
21	46124474
21	46130840
21	46205744
21	46221880
21	46261127
21	46271035
21	46278429
21	46297772
21	46366579
21	46380677
21	46424009
21	46440851
21	46447405
21	46491620
21	46497646
21	46562739
21	46564650
21	46569891
21	46595773
21	46602231
21	46635465
21	46653004
21	41970592
21	42014492
21	42015297
21	42033553
21	42045938
21	42046026
21	42081242
21	42093090
21	42280322
21	42369745
21	42385528
21	42425185
21	42426620
21	42432051
21	42485777
21	42495431
21	42554116
21	42719847
21	42817434
21	42980719
21	43028608
21	33069059
21	43032912
21	43179611
21	43184162
21	43190803
21	43208631
21	40089887
21	46530641
21	33228716
21	31957429
21	44910665
21	36984537
21	33484329
21	41824498
21	34418896
21	35960925
21	36660452
21	36756821
21	36905213
21	36911797
21	36955177
21	36924008
21	38082404
21	41661546
21	41666104
21	16356872
21	17491868
21	17546260
21	17575052
21	27033788
21	33327405
21	35965720
21	36214579
21	36762210
21	36493792
21	36898562
21	44116329
21	45994015
21	43067294
21	28574929
21	29071275
21	14830005
21	33285501
21	29064744
21	38386791
21	14503895
21	18931909
21	41816886
21	31059610
21	45842450
21	40096320
21	14113576
21	24898125
21	29627495
21	35391471
21	37680282
21	46188666
21	13969983
21	20440660
21	40021884
21	40019068
21	26775409
21	29661994
21	13842387
21	13407058
21	13452182
21	33237200
21	37658669
21	34387608
21	20995565
21	25564797
21	31646166
21	14398611
21	34068027
21	34446765
21	34381492
21	42182159
21	35361445
21	34626207
21	34236536
21	21196098
21	38474219
21	14734013
21	14434676
21	33948637
21	21442942
21	42217487
21	37101396
21	30758057
21	13878613
21	45946729
21	36285596
21	29602058
21	29617016
21	29603012
21	29595793
21	29586429
21	29559310
21	29555451
21	29690181
21	29678497
21	29668722
21	29650906
21	29677957
21	29660383
21	29652603
21	29650859
21	29640839
21	29694852
21	45953498
21	41925098
21	26630388
21	25955266
21	26518012
21	15238757
21	44601692
21	26843747
21	45923406
21	42619856
21	43971258
21	41451445
21	43017032
21	38810253
21	41870962
21	46664716
21	25942630
21	33491977
21	33640823
21	33899569
21	36067975
21	41498595
21	41499346
21	44332293
21	14493993
21	18984220
21	17400644
21	44600096
21	27156166
21	25882806
21	25908217
21	26003877
21	29145796
21	29700781
21	31917950
21	36250200
21	36774336
21	36798134
21	37262247
21	37817268
21	37830091
21	37832746
21	38510402
21	39488584
21	41763933
21	42258698
21	42295912
21	42509906
21	42515047
21	43093390
21	43947583
21	43950834
21	44302559
21	44896725
21	44917650
21	45136301
21	45536657
21	14199389
21	17602984
21	14248477
21	40621781
21	42612873
21	13906949
21	42389717
21	42396439
21	46228228
21	39910773
21	42679905
21	36798178
21	36939693
21	41918066
21	43924918
21	44320940
21	45930096
21	25926457
21	27757291
21	39094352
21	42614076
21	23160444
21	45122755
21	39851981
21	45161719
21	35525028
21	42619375
21	39747484
21	30034037
21	42584039
21	29815494
21	42586114
21	41357910
21	45128696
21	41492239
21	13958155
21	40268615
21	13418641
21	19005797
21	29771191
21	35927584
21	42646091
21	26055940
21	45115899
21	42640227
21	27605789
21	26286586
21	42593381
21	29745739
21	43041986
21	44554443
21	39099149
21	39087414
21	13890423
21	13843789
21	23070105
21	36575147
21	45937322
21	39058553
21	14193393
21	29828186
21	36563250
21	14224451
21	41363060
21	26862875
21	14254339
21	44612177
21	29342277
21	18882529
21	34460315
21	42199305
21	42210338
21	42223899
21	14258491
21	36261525
21	18918004
21	15991108
21	28216743
21	18923479
21	16903733
21	19021912
21	14725134
21	41340009
21	46524792
21	41334384
21	35792418
21	25029798
21	34572231
21	41342161
21	16887483
21	20475240
21	36580889
21	18892148
21	41368052
21	39847505
21	14204215
21	19549974
21	46518326
21	42626900
21	41912896
21	14180791
21	32860643
21	29800385
21	14219368
21	36452613
21	26173686
21	26872353
21	39862513
21	14656585
21	29050713
21	29785061
21	30019277
21	28037813
21	30942195
21	41326980
21	28442884
21	13973877
21	45954429
21	16871900
21	18922113
21	15968044
21	42573694
21	39076456
21	13946448
21	29759462
21	28233012
21	14208506
21	45111237
21	36547264
21	36555128
21	35531710
21	26179968
21	30027498
21	17368219
21	14107216
21	25892272
21	41374154
21	26162341
21	28466514
21	44584626
21	29898557
21	41911253
21	42467050
21	14682305
21	26155475
21	39804670
21	14640374
21	26192797
21	13413297
21	36142500
21	29809103
21	14591798
21	27467213
21	39818422
21	26222161
21	38819507
21	35805703
21	14719371
21	29908286
21	26653592
21	35158259
21	29757680
21	41946178
21	14598186
21	26802306
21	27612839
21	41410704
21	31684546
21	38635780
21	29978351
21	43440662
21	40565903
21	43744973
21	29963894
21	13423154
21	14591957
21	26915743
21	39832120
21	20755341
21	38627292
21	26203198
21	21264514
21	39802704
21	18970514
21	26643419
21	40592768
21	39810867
21	29923462
21	41463567
21	29739093
21	39961820
21	14692169
21	24901213
21	14706423
21	29914710
21	29821878
21	38863906
21	14600502
21	40582326
21	14680333
21	42369790
21	26165451
21	25408849
21	39314401
21	26206549
21	14639781
21	40594692
21	42857304
21	39793750
21	38862214
21	29838681
21	39798291
21	28007333
21	26195312
21	44581077
21	26809561
21	26649948
21	44571506
21	41402614
21	27343278
21	26171790
21	14646459
21	41429682
21	26188294
21	14706819
21	29885766
21	26134000
21	29892072
21	29982768
21	29934336
21	13426485
21	13446084
21	38872000
21	26254441
21	26234256
21	38869433
21	41434240
21	42167452
21	29861677
21	41442594
21	26282995
21	26269033
21	26269344
21	13474973
21	29876820
21	26813947
21	26253667
21	29851746
21	26819597
21	38845814
21	38869358
21	41446003
21	27508885
21	30159120
21	31439295
21	42320639
21	24021948
21	14074891
21	24692036
21	25079820
21	25604694
21	25702693
21	14277201
21	27134306
21	27710624
21	30264840
21	14877609
21	33443487
21	33846280
21	33991011
21	37115261
21	37673811
21	37856948
21	39018935
21	39143843
21	39685219
21	39738355
21	39941231
21	40031165
21	40262661
21	40756868
21	41120130
21	41202257
21	23078978
21	14048411
21	24032034
21	24539979
21	24990042
21	25772863
21	26161943
21	27399703
21	27555520
21	27664818
21	27884830
21	28691427
21	29355573
21	29789600
21	30846162
21	31619348
21	31894674
21	32065335
21	32118028
21	32213799
21	32958233
21	32988943
21	32996261
21	33013121
21	33091779
21	33537914
21	33925224
21	34072198
21	34273435
21	34354399
21	34490186
21	34722767
21	34924881
21	35209735
21	35571266
21	35623865
21	35844381
21	36104801
21	36236727
21	36429098
21	37188930
21	37236750
21	37793465
21	38865838
21	15557983
21	38937668
21	39668768
21	40633781
21	40780761
21	40802386
21	41062967
21	41129135
21	16704234
21	16922874
21	17049583
21	17572717
21	18835264
21	20531485
21	21039726
21	21841011
21	21878896
21	21924726
21	44940382
21	44944308
21	45387584
21	46173529
21	43663216
21	44359446
21	44950676
21	45372509
21	45397465
21	45448796
21	45463239
21	45917118
21	45963142
21	45999098
21	46045291
21	46159754
21	46292271
21	46319232
21	43713987
21	43773282
21	43779857
21	43941163
21	44135197
21	41684073
21	43080054
21	41891876
21	42976352
21	43095236
21	41877778
21	42356573
21	42366224
21	42462443
21	42471211
21	43359800
21	39644946
21	43311110
21	43311258
21	39615960
21	39537779
21	19564064
21	30212071
21	42269381
21	31382245
21	43375204
21	30115294
21	30060223
21	43365542
21	43322866
21	39573341
21	30171306
21	31446439
21	31375207
21	32723175
21	35514440
21	30073197
21	32732483
21	43345015
21	39647931
21	30181095
21	27046734
21	39636947
21	30067222
21	43318197
21	43318003
21	23407356
21	14091635
21	14147944
21	25780498
21	25935941
21	26985680
21	28045443
21	28138574
21	28684823
21	14552408
21	29940415
21	31215830
21	31461157
21	31554584
21	31862125
21	32540072
21	32811574
21	33108397
21	15026005
21	34159116
21	34189364
21	34262286
21	35229663
21	36536112
21	37851036
21	37870523
21	37979215
21	38304568
21	38380751
21	15511835
21	38651209
21	39181919
21	39265721
21	40696015
21	40808452
21	40877741
21	41491009
21	19930045
21	20506797
21	21001965
21	21014662
21	21022784
21	21071313
21	21178331
21	21998204
21	44767470
21	45368384
21	46615593
21	46653398
21	43806423
21	43886841
21	44201934
21	27040644
21	43411075
21	41712985
21	41634501
21	42856277
21	42129875
21	42299855
21	42714333
21	42743515
21	39542197
21	43403599
21	32727322
21	43335594
21	43359463
21	30101728
21	42269760
21	37636327
21	37745964
21	34142817
21	41050595
21	44739169
21	40444427
21	37906374
21	14477384
21	18322944
21	15658558
21	41263749
21	29523635
21	14661484
21	26825472
21	34879919
21	27413593
21	46241749
21	35774208
21	25709023
21	21067016
21	33063313
21	27744328
21	45236584
21	42289590
21	16905702
21	21277624
21	37078830
21	29516557
21	19873493
21	31813876
21	15196204
21	42022727
21	34062073
21	36037116
21	29024519
21	27642688
21	41687463
21	21045928
21	25989391
21	18862950
21	40713994
21	33091332
21	28700126
21	28128623
21	27107371
21	33532020
21	40899025
21	13903660
21	37362463
21	40093021
21	34098827
21	38963121
21	21873512
21	24383918
21	45275124
21	17599041
21	41160148
21	25616342
21	42416977
21	32919855
21	43725405
21	37270575
21	35047486
21	30708650
21	21825867
21	42373825
21	19657812
21	30145709
21	35875005
21	19462097
21	44617759
21	31854945
21	35415663
21	31659661
21	17791390
21	32905923
21	32745838
21	26799521
21	34012812
21	40543333
21	46678912
21	19703106
21	24319057
21	26435112
21	14135648
21	34249064
21	29110386
21	17893651
21	32976199
21	28322557
21	27206200
21	18554079
21	28160721
21	37408370
21	35863141
21	40162224
21	31204134
21	42478256
21	26002289
21	41226960
21	36892410
21	41679149
21	41702892
21	33852814
21	31038263
21	34116604
21	36569019
21	26421160
21	45587406
21	27901645
21	19838234
21	33544307
21	36422919
21	34507774
21	36527290
21	38864886
21	28449030
21	29309893
21	46647883
21	29031926
21	42749818
21	15173208
21	32316554
21	41883012
21	46485583
21	15517578
21	26563822
21	15005329
21	45761097
21	42322257
21	41928931
21	17674435
21	31412017
21	31008843
21	28752348
21	37276860
21	42568327
21	19510407
21	31515837
21	44217509
21	31978836
21	24569619
21	19177652
21	14428641
21	29685075
21	44092499
21	41610116
21	34532399
21	21413787
21	32046268
21	36859568
21	35090437
21	14587051
21	36630952
21	27479716
21	41863326
21	34254445
21	42477661
21	31002176
21	32698824
21	18291036
21	42254872
21	22441539
21	45185924
21	14096393
21	36280542
21	39148857
21	36060858
21	19098452
21	31318848
21	40283823
21	34675291
21	42196215
21	42849633
21	34152715
21	28810789
21	29077794
21	30813951
21	35492159
21	36157838
21	35216164
21	36508049
21	34312670
21	14560289
21	36273565
21	19980585
21	28266571
21	25800394
21	17277583
21	33762253
21	31065965
21	44092572
21	33086041
21	14173029
21	34004579
21	37501051
21	34755033
21	40299726
21	34936051
21	16023356
21	42008161
21	46146914
21	23626224
21	45361108
21	41639724
21	44148202
21	38120932
21	42274291
21	31209849
21	26071794
21	40690544
21	15952890
21	14337093
21	39720864
21	44933397
21	35452243
21	29579631
21	30834915
21	40813934
21	45213694
21	33504763
21	25737204
21	32907150
21	35467543
21	18287736
21	43872908
21	14543159
21	33103863
21	15754675
21	44220746
21	46007925
21	26246407
21	40934171
21	31015017
21	29845395
21	32592227
21	45095506
21	32279179
21	33902813
21	36793080
21	38991764
21	40862033
21	39005289
21	38004122
21	39660877
21	33974596
21	38085911
21	32385685
21	36088564
21	33292285
21	36323379
21	38117587
21	17261521
21	40796399
21	40796265
21	45502522
21	35765468
21	35849176
21	34603172
21	32349534
21	30899740
21	32866331
21	33999948
21	36030169
21	22192136
21	44192067
21	41090635
21	41209521
21	30870455
21	44634709
21	38138934
21	21031496
21	31930358
21	21094095
21	21060669
21	21057749
21	34292662
21	42375056
21	41418414
21	40875335
21	39881796
21	40015004
21	40201364
21	44769736
21	45858141
21	44908184
21	37866307
21	32093954
21	32460367
21	33027093
21	31120713
21	33007316
21	34761312
21	37044995
21	36968356
21	43295904
21	43349796
21	43835955
21	43847253
21	44190938
21	44367367
21	19082710
21	17554335
21	34615583
21	33962364
21	22961300
21	26035455
21	26698377
21	25864303
21	42509742
21	30697724
21	41716023
21	41609209
21	35976914
21	35198707
21	34559340
21	21051686
21	23491044
21	38922410
21	18730183
21	28545696
21	33177870
21	27003616
21	34515908
21	39454089
21	40576620
21	17622693
21	23191882
21	41460711
21	28675598
21	34286807
21	22794453
21	45568692
21	26987799
21	37257198
21	39155385
21	40101639
21	37229076
21	34349261
21	36317126
21	25666980
21	32873453
21	42306380
21	39044242
21	14348237
21	40277554
21	31291332
21	21078363
21	45034322
21	36390666
21	45078948
21	37239458
21	30550674
21	45307494
21	14767003
21	31638298
21	25553309
21	18763721
21	30467504
21	43699223
21	21622028
21	37582771
21	43478446
21	17617195
21	28719917
21	30976771
21	18667248
21	42942794
21	42455738
21	28331337
21	21293487
21	34110080
21	32432621
21	33931656
21	42210430
21	42385547
21	38107830
21	40493125
21	34163198
21	41169041
21	38606217
21	38576212
21	39011560
21	42892582
21	18627081
21	38033890
21	17563079
21	33039911
21	34521439
21	37345335
21	34148497
21	32140847
21	44352505
21	33081591
21	28824582
21	14792529
21	14380948
21	30487255
21	16952549
21	35544490
21	14315172
21	14441332
21	33437700
21	45892886
21	25578142
21	35403835
21	22118622
21	42731454
21	37396826
21	29473553
21	40692162
21	46466883
21	25991866
21	15558573
21	14807433
21	28486800
21	33143627
21	23061664
21	42827928
21	36999027
21	44608335
21	31186449
21	26011781
21	40153349
21	33120991
21	42295691
21	14751223
21	23932347
21	32296182
21	35090999
21	43758776
21	41934719
21	32965203
21	42660424
21	41084666
21	36135203
21	19059044
21	31834620
21	41189107
21	35618870
21	43706748
21	32172345
21	22538494
21	13319752
21	38965709
21	33564422
21	34527578
21	41956152
21	14263319
21	18703548
21	33299234
21	29206257
21	44307359
21	43486219
21	29343990
21	40463455
21	29086433
21	42175442
21	17692016
21	46179262
21	30584380
21	28871848
21	42148538
21	32414175
21	25164850
21	40672951
21	37144264
21	34439880
21	34907416
21	17396317
21	21569815
21	36819574
21	26215976
21	45243875
21	39024187
21	42898846
21	42523548
21	21008877
21	28976747
21	44956613
21	29535933
21	29363236
21	33647855
21	44553995
21	19745095
21	23264145
21	32037619
21	46071100
21	33272387
21	33294250
21	13862737
21	32686897
21	32669216
21	32701545
21	32625717
21	32675170
21	31394434
21	31304045
21	31334045
21	31316597
21	31285925
21	19332165
21	19309690
21	37719994
21	37652072
21	37700681
21	37693327
21	37737528
21	37732196
21	37729637
21	36416582
21	43330320
21	45053014
21	45086064
21	26327490
21	41856674
21	26688704
21	41993444
21	26805096
21	43169105
21	44850330
21	34171167
21	28669423
21	32115383
21	32762542
21	37622413
21	43165295
21	36136345
21	36048487
21	35015234
21	14978433
21	42433592
21	26781572
21	42446428
21	14313131
21	33511311
21	28601783
21	14978164
21	16771109
21	27202227
21	27202336
21	29476048
21	38980535
21	39563846
21	41195210
21	41247822
21	45227190
21	45329803
21	23390350
21	44155834
21	46056787
21	41963664
21	42633356
21	41568817
21	43956326
21	15140926
21	14973310
21	17614409
21	19525962
21	25749481
21	35061666
21	35061877
21	45608247
21	37598364
21	33204080
21	38265545
21	30894925
21	36915154
21	19936467
21	42002416
21	25967021
21	26853263
21	27416584
21	27903308
21	28408629
21	29222424
21	30702893
21	31998587
21	32020490
21	33173072
21	34642609
21	37805290
21	38111430
21	39967389
21	40963697
21	41153330
21	41387184
21	16650886
21	18202584
21	19092041
21	20264351
21	44813156
21	45395040
21	41939571
21	43144056
21	41849290
21	42462698
21	29728478
21	27113853
21	18840644
21	22828089
21	31699855
21	45338804
21	14688271
21	26410649
21	36096978
21	14756350
21	37337474
21	24375546
21	25756715
21	30391300
21	33855180
21	35711923
21	36780933
21	37244016
21	38310611
21	40905763
21	17415253
21	18790046
21	43373049
21	33144401
21	31848708
21	14695955
21	34407570
21	38151370
21	44678628
21	42931812
21	21673895
21	25558821
21	17060718
21	27180333
21	38349966
21	46189596
21	14461505
21	24227141
21	24851595
21	28772189
21	23593656
21	27013043
21	16822849
21	18470155
21	42403627
21	27933293
21	37281600
21	30672491
21	15682542
21	26114479
21	15716658
21	15682416
21	22234792
21	29492962
21	14304015
21	33413366
21	44835280
21	34431542
21	36614627
21	30720114
21	36256542
21	34647865
21	28627648
21	24939629
21	16205459
21	23308128
21	35096880
21	21084933
21	26253397
21	38157843
21	21497275
21	14574507
21	27169311
21	41037398
21	28593449
21	28765148
21	20411465
21	27567508
21	38102649
21	38072876
21	18551693
21	26729660
21	35372661
21	18292654
21	35158918
21	15157308
21	40843611
21	33373550
21	31687691
21	14847264
21	36446007
21	37107585
21	43297156
21	42842974
21	20762035
21	34315855
21	41892884
21	31093199
21	15584822
21	17009021
21	40238559
21	17610634
21	40856101
21	27589994
21	14234033
21	33207267
21	45979631
21	46284982
21	41548369
21	29099061
21	45442014
21	27428618
21	35142208
21	21126455
21	20493254
21	26851063
21	14638360
21	30864501
21	17850318
21	34179299
21	37919640
21	30503959
21	13849818
21	36525411
21	15550646
21	34897211
21	37288086
21	42824131
21	14897510
21	30005858
21	30306812
21	35598052
21	41676939
21	33395791
21	28188935
21	32068713
21	30609431
21	33859227
21	37575140
21	41483637
21	46016413
21	38890511
21	44752310
21	16809801
21	15151926
21	45479205
21	19608361
21	36710512
21	46478942
21	34243254
21	23952620
21	34425920
21	42204047
21	25262312
21	17596002
21	43866457
21	33668532
21	27362296
21	14836298
21	40628086
21	41977002
21	38474772
21	46106326
21	34963108
21	46099112
21	44128032
21	44792665
21	34750256
21	20252058
21	35182646
21	34668859
21	14447400
21	26446967
21	33216965
21	33575550
21	46068473
21	41986159
21	41809940
21	14387384
21	37374544
21	23530488
21	28077487
21	41401323
21	34863271
21	36200512
21	21104954
21	22478099
21	34929769
21	20765899
21	35343463
21	21971579
21	46078158
21	23302810
21	35033598
21	28241048
21	19438172
21	19747863
21	19487597
21	26880510
21	39017798
21	22817461
21	41957463
21	18727469
21	43677285
21	26595241
21	38016268
21	14555370
21	28149967
21	46342460
21	32631620
21	44184811
21	23424954
21	14564182
21	37322386
21	30230335
21	41365125
21	31793645
21	20596831
21	33222573
21	31531575
21	14884563
21	32758764
21	41013012
21	14823283
21	39188752
21	23785941
21	14813685
21	30335105
21	19178502
21	28495627
21	38293610
21	20840123
21	42053493
21	46124924
21	25977822
21	33314536
21	18415681
21	20153948
21	23288400
21	31033658
21	29204759
21	45522457
21	26837557
21	42329090
21	14363354
21	27689235
21	21525479
21	43073393
21	15260158
21	30544430
21	41537935
21	31021276
21	14051307
21	26722947
21	22224743
21	44218405
21	38040294
21	18254981
21	18333133
21	33874619
21	45835616
21	19522080
21	25622969
21	16100046
21	46063885
21	33524806
21	40773699
21	15148329
21	41661062
21	21832300
21	41782193
21	38542384
21	13549871
21	31562799
21	34913614
21	39053108
21	31368793
21	24933216
21	33099297
21	14030557
21	33865045
21	35612811
21	31027645
21	44096815
21	36563371
21	41898934
21	32581449
21	14785386
21	30817992
21	41964173
21	43891874
21	45435068
21	40432932
21	36437110
21	41476757
21	26570210
21	31596601
21	30430736
21	39054525
