20	21703025
20	333214
20	338094
20	328334
20	330774
20	21700005
20	21696985
20	42874361
20	31932596
20	21513145
20	51151521
20	48533814
20	60130156
20	11926473
20	11952849
20	22582413
20	16243312
20	21252915
20	46464282
20	41005976
20	10959471
20	45086547
20	46683972
20	2754536
20	38603366
20	23210862
20	33995065
20	45187952
20	56826394
20	16764149
20	55893002
20	45352086
20	52777476
20	40017813
20	12387965
20	41473007
20	46206405
20	61670804
20	45164871
20	46426422
20	8797442
20	7999743
20	3994364
20	51938785
20	51192264
20	60960134
20	60794509
20	37661734
20	48375723
20	17508768
20	17011970
20	31301965
20	8646256
20	3720485
20	3701364
20	12679104
20	55821735
20	8556397
20	61385595
20	43485779
20	52463618
20	43837899
20	53022850
20	11076779
20	7571270
20	32564292
20	10750111
20	43076189
20	6880248
20	6880212
20	2740828
20	2619540
20	11163690
20	16464818
20	55121461
20	5217641
20	57234016
20	61462010
20	8157836
20	9745049
20	60883023
20	52408842
20	8288936
20	35131884
20	42708670
20	44039748
20	57562631
20	19926650
20	50994260
20	61155518
20	1287606
20	10998873
20	59412809
20	46870231
20	61377099
20	846023
20	7594089
20	50993140
20	62968122
20	25448150
20	327549
20	46079999
20	44940085
20	38189927
20	5303734
20	31882167
20	33173292
20	4425574
20	15254123
20	16525737
20	17375103
20	20258406
20	2614869
20	23611906
20	40665192
20	40762408
20	42139180
20	42381924
20	6946028
20	8164072
20	8840223
20	9278407
20	9645139
20	10478965
20	10712068
20	11998547
20	12598696
20	25526859
20	54267847
20	53046949
20	239662
20	49372368
20	10639627
20	62945425
20	18814070
20	50752469
20	3803463
20	44727515
20	37248607
20	37800821
20	23446762
20	32611779
20	58496992
20	31269305
20	60033924
20	44767573
20	40725192
20	42068764
20	33288875
20	46598884
20	53711799
20	57993938
20	38819276
20	5716336
20	60547635
20	12810076
20	17113262
20	58975218
20	47051806
20	49792867
20	51071110
20	51348341
20	51488327
20	52068114
20	52928460
20	14721745
20	56242766
20	56768044
20	56819602
20	57168394
20	39810129
20	43820677
20	43954383
20	44777497
20	46193137
20	10348547
20	14309443
20	1523151
20	19665504
20	3215607
20	4760129
20	6672177
20	40865208
20	61736145
20	23268229
20	18777980
20	24887762
20	23269569
20	31548187
20	61138574
20	32661077
20	32960724
20	32961618
20	35972604
20	62472409
20	51055357
20	33407235
20	53552954
20	12070942
20	47227302
20	4181764
20	46059360
20	18142378
20	54602439
20	57034199
20	57034351
20	46970688
20	46983611
20	13367316
20	15576583
20	15577264
20	34863345
20	57408017
20	998077
20	22346300
20	12594618
20	46123665
20	59324990
20	15554658
20	45542073
20	5375057
20	33024838
20	23030831
20	56623304
20	48623832
20	53153065
20	45322176
20	33100524
20	56797931
20	51615282
20	46231391
20	52387582
20	46959131
20	57940863
20	38625307
20	57421679
20	16092565
20	2133816
20	4086300
20	23001450
20	24311430
20	33071544
20	48029491
20	12415564
20	21521899
20	10136397
20	64272477
20	41861716
20	25275962
20	1557620
20	51870090
20	60667637
20	43499876
20	59699346
20	17949662
20	47668692
20	11392375
20	32923896
20	53128247
20	5391221
20	40645443
20	60319749
20	55616526
20	11352657
20	43364654
20	17610934
20	1867557
20	48743066
20	51405532
20	56422344
20	12302010
20	24728017
20	18255593
20	16210041
20	58762556
20	48035740
20	48631111
20	63047655
20	48004399
20	4651933
20	50568009
20	53761495
20	39667924
20	51481978
20	31331495
20	21725832
20	32361172
20	44350804
20	60344281
20	44476304
20	56899344
20	24609370
20	48072482
20	47828020
20	48733341
20	12298954
20	36034994
20	32052622
20	42808089
20	44337201
20	6724575
20	58534144
20	61751145
20	13670920
20	6104359
20	47524404
20	2203209
20	48794400
20	44653930
20	55951175
20	59750155
20	59754544
20	59758668
20	59778418
20	59817947
20	2792968
20	9847236
20	31968376
20	62932056
20	13886519
20	25479128
20	59472862
20	49427654
20	59576630
20	24031936
20	55880926
20	6748565
20	11206968
20	55008789
20	51231458
20	22875233
20	16186078
20	21037346
20	61410188
20	23304378
20	23216742
20	59708238
20	60921538
20	22489619
20	42260699
20	7317694
20	6839358
20	31887578
20	3922987
20	47676368
20	56769998
20	48844284
20	5289111
20	22630166
20	4568420
20	62911511
20	25010952
20	660909
20	32680460
20	61205631
20	22801883
20	59582991
20	62728451
20	43280571
20	21714743
20	16263961
20	57821245
20	9511415
20	63232603
20	24802847
20	49566678
20	5078323
20	24900334
20	62430795
20	58218708
20	58104886
20	60671202
20	60681893
20	60699583
20	60699747
20	60711586
20	60721165
20	60721290
20	60728645
20	60735104
20	60759812
20	60773894
20	6226518
20	22559354
20	22583695
20	22591073
20	22591866
20	22605670
20	22635505
20	22421780
20	51142053
20	18168994
20	18173986
20	34302531
20	38231644
20	38238346
20	51700992
20	51710555
20	46944600
20	46953833
20	46959598
20	47059801
20	47075670
20	47518822
20	22587304
20	57530474
20	17375921
20	16684145
20	10544249
20	53663227
20	47739402
20	6714274
20	19135917
20	331116
20	46964203
20	46950284
20	57469586
20	8918779
20	52790635
20	10913916
20	56705378
20	60632408
20	4189540
20	16052377
20	43462717
20	11905854
20	10917818
20	10624983
20	10617428
20	8440128
20	8349823
20	63052134
20	16601803
20	60042792
20	54001873
20	10610803
20	8389583
20	8404175
20	4198222
20	50688826
20	51916514
20	56845598
20	43422940
20	54092213
20	46279396
20	44601490
20	56837674
20	48302386
20	61693013
20	39977468
20	3675319
20	11132654
20	19742969
20	2700166
20	48726277
20	12194830
20	48309150
20	15664629
20	24130330
20	17075276
20	48453931
20	17036305
20	24815209
20	2515474
20	44255195
20	63411072
20	48414266
20	24714814
20	366815
20	32290028
20	45507843
20	46354878
20	56514530
20	17611671
20	12633437
20	19785660
20	41303716
20	47068557
20	10755903
20	31771175
20	52127279
20	19873765
20	63625586
20	58741875
20	41826914
20	44903797
20	60097361
20	12246715
20	17757183
20	51514326
20	51990735
20	59443051
20	3813536
20	61798937
20	1295355
20	32098620
20	62831045
20	51201310
20	47433971
20	51077709
20	46052214
20	51187170
20	38141437
20	47928578
20	14489313
20	868606
20	54233135
20	22483009
20	41154259
20	60135204
20	3663229
20	40786530
20	38889110
20	32907904
20	1682225
20	21724141
20	41400381
20	40014945
20	48228480
20	49763648
20	53220254
20	22232324
20	11270421
20	885707
20	55064992
20	4360786
20	56469127
20	58870158
20	4701861
20	20887400
20	51538108
20	5172144
20	12651396
20	41357445
20	60092943
20	42123928
20	43434312
20	46320401
20	10339811
20	15556007
20	63397663
20	1962072
20	4318662
20	4554926
20	61282696
20	21030595
20	51598090
20	46593296
20	12918030
20	57015242
20	57035588
20	56921549
20	56904251
20	56960442
20	56968107
20	56976658
20	5853837
20	5843149
20	5906698
20	5847729
20	5848000
20	36884245
20	63706270
20	5157259
20	5199047
20	54300669
20	53213821
20	53180231
20	53160369
20	53121062
20	6075115
20	1388554
20	5818762
20	5819926
20	53212992
20	38504476
20	59103773
20	63005663
20	19816394
20	25178957
20	47191317
20	49201278
20	39450345
20	22743861
20	53478827
20	2259719
20	50584649
20	62359664
20	61103637
20	62372156
20	23603088
20	32878728
20	7557164
20	8343609
20	51803227
20	32917486
20	56120987
20	22709257
20	62185749
20	58565516
20	12993654
20	25269098
20	45171591
20	58776573
20	6624325
20	61774377
20	43839151
20	2636130
20	22130396
20	5310427
20	20574321
20	12644032
20	51411402
20	39993449
20	32010544
20	53680310
20	54224495
20	4817982
20	64120101
20	22703627
20	42131450
20	19948046
20	61065674
20	6651286
20	53857689
20	56870328
20	52322997
20	38148826
20	17451688
20	42294204
20	8406519
20	24395815
20	47763481
20	25579245
20	23661752
20	52691243
20	33955008
20	9130112
20	24957559
20	19810541
20	55621338
20	61060923
20	52884622
20	31984582
20	53472618
20	6640659
20	61817685
20	50357273
20	39813871
20	57145699
20	59090904
20	21498425
20	7307833
20	41870268
20	58425716
20	10915815
20	46971978
20	52474846
20	32324404
20	32917383
20	37946546
20	9034227
20	11584808
20	23770297
20	50426011
20	47711632
20	61870499
20	57670287
20	48187136
20	9135508
20	33079888
20	32379159
20	53328973
20	2469079
20	49463493
20	32985514
20	58981914
20	57070037
20	46675082
20	10440811
20	32406018
20	24433899
20	40847838
20	61346059
20	31455763
20	53069580
20	23060729
20	46188097
20	46188305
20	12653490
20	19626497
20	19713470
20	54412482
20	9191214
20	56750305
20	12892957
20	15128962
20	16100187
20	24551977
20	10965452
20	20287074
20	49799695
20	57560143
20	61467194
20	46938867
20	12712492
20	57967067
20	64059960
20	55609749
20	55653250
20	22587957
20	23119232
20	17261492
20	2086135
20	23917282
20	232782
20	20983452
20	25161976
20	53258230
20	33140046
20	10971595
20	50423945
20	15671242
20	60411044
20	12624475
20	60264818
20	54275376
20	58900136
20	6864199
20	39673599
20	46530594
20	35317816
20	19649880
20	33244662
20	9181462
20	17571704
20	32625845
20	13203271
20	62152820
20	56214104
20	21400483
20	20275887
20	18102687
20	871126
20	16237107
20	52910817
20	14884510
20	35146690
20	22497456
20	22511968
20	17294888
20	54210754
20	23371252
20	15653376
20	7112785
20	22415848
20	32165467
20	55907220
20	55970106
20	51628662
20	56866016
20	8239422
20	38188749
20	2371068
20	1407014
20	31258599
20	46863385
20	33329701
20	21795145
20	33335844
20	15199535
20	15202697
20	54852568
20	58917449
20	59035004
20	3540057
20	45888721
20	11789430
20	12631385
20	61595535
20	14542248
20	695259
20	687915
20	4778750
20	47464468
20	47025330
20	16243277
20	16244151
20	23285979
20	54293683
20	7970360
20	51552673
20	11609819
20	31473250
20	60069217
20	56253273
20	10405365
20	5720835
20	54698556
20	51584243
20	61017134
20	59295301
20	32460579
20	12023465
20	51233700
20	51262108
20	25005182
20	50027113
20	20987421
20	48404632
20	57732475
20	4278900
20	4291852
20	61849980
20	15555362
20	1865368
20	1845449
20	53393603
20	53399757
20	53402912
20	53376225
20	53377035
20	53382375
20	53386874
20	47557827
20	9759793
20	19494494
20	43892620
20	19381946
20	20142033
20	15637435
20	10847652
20	38083532
20	62400976
20	33146311
20	56792056
20	37400428
20	56580348
20	56609237
20	57674912
20	57676505
20	57677900
20	57691715
20	55162328
20	56851305
20	3443876
20	23249928
20	13316306
20	58602133
20	52847288
20	54802214
20	476073
20	470060
20	17248099
20	17197789
20	5900562
20	31605735
20	32999987
20	54105417
20	54098763
20	54024289
20	54026506
20	54027229
20	54028627
20	2182010
20	54969043
20	55015243
20	55032531
20	17231321
20	4354651
20	4367390
20	4367793
20	4371457
20	4421990
20	2169266
20	63491583
20	48156002
20	4136694
20	57227680
20	5861448
20	58988710
20	58999408
20	59005013
20	60300278
20	15166343
20	55050427
20	17810419
20	60445713
20	13005945
20	53349852
20	53292927
20	55712784
20	55778772
20	18560186
20	56264206
20	33338684
20	56371994
20	18995355
20	56437603
20	56444194
20	19241692
20	19413486
20	56948439
20	19436123
20	19528205
20	19550522
20	19809958
20	57720656
20	57757761
20	19934607
20	58587347
20	20869392
20	2182768
20	59085809
20	59424543
20	21723554
20	62743471
20	60530256
20	22522681
20	64220565
20	22657553
20	60800912
20	60874408
20	22778263
20	22882030
20	61132908
20	23299818
20	23363796
20	23377301
20	44228636
20	23481008
20	41656867
20	24042436
20	37356025
20	42391687
20	37628007
20	42437790
20	38134792
20	38691773
20	38972600
20	39277717
20	25624891
20	43326173
20	43337361
20	3140424
20	3358934
20	44075848
20	3616949
20	44213153
20	40284166
20	44330920
20	4119968
20	40663144
20	44894084
20	44966367
20	45048966
20	45072714
20	45151322
20	14801236
20	4856417
20	2747924
20	45924555
20	45972654
20	5532983
20	5573920
20	5608805
20	5656907
20	1092170
20	5890740
20	1106481
20	10557741
20	6096854
20	5865209
20	11221743
20	5863166
20	6535284
20	11281511
20	6579655
20	6643029
20	47239257
20	47257230
20	47354991
20	1240394
20	756388
20	6965351
20	7195709
20	48105971
20	13033167
20	48384615
20	7509931
20	48441280
20	48447440
20	13209718
20	13653528
20	13696758
20	7942272
20	7977813
20	8045564
20	8150296
20	8292946
20	8542499
20	8699237
20	50273798
20	14959042
20	50420372
20	8807080
20	15375888
20	51156282
20	51245992
20	9509297
20	9520451
20	9572977
20	15594362
20	9757883
20	15719244
20	52275300
20	52309908
20	52380665
20	52715662
20	16068642
20	16121207
20	52937772
20	52958144
20	53103883
20	53280218
20	16552106
20	16552517
20	53296869
20	16969943
20	53935211
20	54061593
20	17280660
20	17405533
20	54311103
20	17929288
20	54891561
20	55002176
20	55577380
20	51122227
20	31407714
20	33902088
20	31459854
20	32111119
20	32237905
20	32771891
20	32917206
20	33012153
20	33210631
20	33217658
20	33360140
20	60221481
20	4918250
20	4890124
20	4907024
20	1804334
20	11205100
20	13283907
20	50076901
20	60646453
20	22380758
20	61272013
20	52695881
20	59454541
20	3872446
20	3960305
20	12550322
20	6141205
20	14386250
20	31323577
20	31367644
20	24600987
20	11680098
20	12158304
20	12471426
20	14256139
20	32135121
20	41729657
20	5801704
20	4092628
20	19671500
20	19779516
20	19847357
20	19861152
20	33031694
20	55556936
20	33218782
20	55635158
20	7538965
20	55730991
20	2307823
20	31389146
20	14945687
20	48229414
20	3072433
20	31911523
20	31918318
20	48469509
20	48525214
20	32036762
20	15213286
20	8506450
20	45901995
20	32439711
20	12813545
20	62213914
20	20217519
20	61922036
20	44762545
20	57228631
20	6145930
20	57469296
20	4123372
20	4127713
20	23935926
20	8050654
20	48269629
20	32454545
20	35796724
20	8299087
20	24060932
20	45878022
20	45918429
20	37138813
20	45965936
20	45846774
20	9365555
20	57599369
20	59800873
20	15203247
20	57965689
20	58432538
20	63509906
20	63486715
20	49096526
20	42836554
20	42799298
20	4142158
20	4155202
20	4162717
20	22590633
20	16532671
20	15423287
20	2052662
20	1242851
20	2139937
20	1275954
20	5315432
20	50101114
20	16132679
20	50947468
20	60046878
20	60081895
20	60487044
20	20959410
20	42609864
20	19207624
20	8428729
20	61896167
20	39255922
20	4946209
20	4899662
20	1634662
20	5865477
20	1198593
20	2127946
20	1249541
20	37490719
20	39597623
20	51143362
20	60228241
20	51378130
20	60823138
20	60907534
20	39756348
20	60236385
20	60580782
20	51785469
20	6745480
20	61080859
20	52732457
20	18793786
20	14498554
20	40639876
20	23071977
20	42613248
20	21706667
20	21712196
20	21713849
20	23879541
20	46117764
20	58840055
20	10658574
20	10645156
20	57953578
20	60365023
20	60349484
20	13001732
20	23071645
20	55957162
20	57249477
20	49347580
20	2323730
20	57920501
20	53271583
20	52772596
20	46505527
20	551334
20	9433786
20	31906181
20	45501956
20	1146081
20	16974638
20	17013692
20	40810299
20	6886270
20	51963429
20	44186550
20	2723046
20	46136819
20	62896919
20	48554800
20	24629009
20	11276596
20	52593524
20	52540703
20	41980915
20	42038243
20	41979837
20	42077854
20	972507
20	10869816
20	11197391
20	7125642
20	7125706
20	63112536
20	63112931
20	1435422
20	1475434
20	56551858
20	16394005
20	16303253
20	6066506
20	23093738
20	43954556
20	19820325
20	18745080
20	16886358
20	33290337
20	6632185
20	60773222
20	44410400
20	37442038
20	21489816
20	9649590
20	16675319
20	16679360
20	16679517
20	16666824
20	57305508
20	42774267
20	56592329
20	35592613
20	10985350
20	31825666
20	57505923
20	45995328
20	47735973
20	47694395
20	47682774
20	10216438
20	61869393
20	61787211
20	61555107
20	61430651
20	61416535
20	61403700
20	60771520
20	42867517
20	12932207
20	52898082
20	11024590
20	14693192
20	17282354
20	32941722
20	53088565
20	53075240
20	37042499
20	60699029
20	60657340
20	61561028
20	59194907
20	9986879
20	3782702
20	59303536
20	59346511
20	22581673
20	59364323
20	59363221
20	6766960
20	43998464
20	24565295
20	59382334
20	47682033
20	45346811
20	9377817
20	23332555
20	37648957
20	37648111
20	37645317
20	25034856
20	62823407
20	15196663
20	19978363
20	19983799
20	19990468
20	22388103
20	22395783
20	9398024
20	22404679
20	24390426
20	1994212
20	8908268
20	11290966
20	924025
20	22306665
20	10865081
20	37933480
20	23076845
20	6566640
20	48784801
20	22354794
20	22361875
20	10180577
20	53495477
20	64040424
20	32871729
20	20069753
20	52942152
20	22271911
20	61233003
20	53335962
20	53339711
20	53352901
20	53354613
20	53296457
20	53321967
20	15613722
20	15625204
20	48816512
20	1788050
20	1787250
20	1809181
20	39252839
20	44946176
20	7259561
20	15680549
20	64194790
20	62896211
20	21987312
20	22032224
20	42085839
20	592392
20	60894071
20	47153367
20	17544258
20	9003601
20	17357169
20	64003921
20	38337691
20	8470839
20	17452757
20	1663623
20	46552829
20	46537219
20	46547453
20	53964344
20	48901257
20	10047498
20	1698643
20	766308
20	33094972
20	33155740
20	15173399
20	1685460
20	13711253
20	61744949
20	11005322
20	44581194
20	21321353
20	45739391
20	7046433
20	52859093
20	57666587
20	1215140
20	1208690
20	42588817
20	5396781
20	52165563
20	52172679
20	63396857
20	62131984
20	53715753
20	14371748
20	555892
20	563100
20	7863086
20	42460439
20	37241216
20	45549946
20	9692339
20	46231832
20	15721169
20	39147157
20	59505580
20	12014705
20	48561230
20	562972
20	531423
20	9357322
20	8532347
20	8532320
20	23452965
20	63180368
20	9995306
20	62394547
20	56387716
20	32728060
20	3624895
20	19868765
20	32830490
20	58094330
20	33378892
20	43567910
20	46212720
20	20410200
20	25233436
20	16967124
20	32839829
20	43702817
20	45330210
20	23750775
20	53944833
20	45312586
20	9544954
20	9460193
20	45615203
20	25453715
20	17029200
20	48652999
20	20050226
20	51254274
20	2798411
20	57615578
20	57594807
20	12893937
20	13849491
20	49084802
20	44919036
20	31287655
20	25206577
20	8658827
20	2430120
20	17844499
20	42876748
20	42825373
20	42854134
20	53983892
20	53968807
20	38882811
20	38879872
20	38863673
20	24416134
20	16726753
20	3366307
20	56011264
20	33064790
20	33065010
20	43627224
20	61117210
20	44446797
20	48800720
20	48166360
20	58024352
20	33554211
20	33552481
20	11041844
20	54120061
20	54116172
20	54112406
20	5631240
20	8570697
20	44055632
20	12193177
20	18774967
20	56699238
20	18999724
20	54046870
20	39849924
20	39825525
20	54865705
20	59435074
20	39446835
20	4013962
20	15101900
20	44065010
20	50528132
20	17825838
20	43809751
20	58379848
20	51165181
20	44261379
20	46130527
20	7962107
20	52296199
20	19389328
20	11199110
20	2460006
20	55474386
20	42064379
20	11120029
20	63159264
20	55758700
20	44960678
20	16317964
20	44357077
20	15491736
20	5279894
20	23644910
20	32316974
20	6592808
20	41745171
20	48856501
20	16685408
20	56568278
20	2295330
20	2301403
20	2313682
20	2342250
20	22697579
20	18040781
20	61478178
20	51750432
20	46843685
20	32333144
20	58025376
20	16611829
20	61881019
20	61935279
20	2780059
20	2786974
20	2804633
20	31495818
20	225761
20	11604903
20	44869522
20	8743457
20	19453492
20	21679637
20	48893556
20	8910699
20	24727140
20	11401287
20	22770962
20	1059185
20	31649984
20	806698
20	17934299
20	31431051
20	5303220
20	3127172
20	9070835
20	6548823
20	21816217
20	17706300
20	58682769
20	55201546
20	17726756
20	52906379
20	62201219
20	58587147
20	58640330
20	58647478
20	58654246
20	58661774
20	62678188
20	15837635
20	9614705
20	9616908
20	9620568
20	38668483
20	38643223
20	38637918
20	40100788
20	43240151
20	43343951
20	43304228
20	7869240
20	9271743
20	9013634
20	8968417
20	31339363
20	7651708
20	41976311
20	42634981
20	42997788
20	43358317
20	8786149
20	44108089
20	16794449
20	40795633
20	40769532
20	6898223
20	6754864
20	6687532
20	11442547
20	2609040
20	22809910
20	61605068
20	25090818
20	39567251
20	42531961
20	14790548
20	21033115
20	21796237
20	39611631
20	21014959
20	19094560
20	55168258
20	6376531
20	23028657
20	7016759
20	9834880
20	10155754
20	10148952
20	2103541
20	53238421
20	10411947
20	59256564
20	32992051
20	33065762
20	33081738
20	8452867
20	43299093
20	9286943
20	31382836
20	7633890
20	42719595
20	42648003
20	24440534
20	8631352
20	42029278
20	8702764
20	25105124
20	6826629
20	23494171
20	23461405
20	54622779
20	55582947
20	14543066
20	15462801
20	634534
20	14175235
20	55163764
20	22715418
20	7060866
20	46928697
20	45297896
20	25282133
20	41163423
20	18315432
20	3802055
20	45377296
20	6083959
20	38345681
20	45304523
20	7938037
20	41115779
20	37852641
20	45543797
20	8774596
20	8774336
20	47663405
20	50959811
20	1989288
20	15756397
20	51657640
20	51622006
20	13126078
20	63875594
20	61664217
20	44887515
20	17495476
20	24197890
20	24204674
20	35422754
20	38766469
20	61590949
20	55578811
20	50645619
20	63842351
20	23567764
20	35252136
20	24261502
20	52995010
20	45368600
20	53000350
20	52871928
20	1552559
20	56895569
20	53005546
20	23407179
20	64200172
20	56994842
20	1537333
20	52857865
20	53016024
20	54195937
20	54197476
20	25288994
20	62667614
20	25295207
20	23928219
20	8975163
20	1562763
20	14017452
20	24783231
20	24783547
20	1929194
20	1930128
20	48251927
20	48262499
20	48267206
20	48283992
20	48249591
20	58419684
20	17418334
20	17504233
20	17511229
20	17523456
20	44512734
20	8452312
20	8446743
20	57927541
20	45562469
20	10643748
20	10658895
20	62797470
20	49656922
20	19971218
20	49223054
20	1669931
20	13130676
20	31449980
20	63239870
20	57710484
20	19047082
20	46014472
20	47239108
20	38334265
20	54014627
20	53993904
20	24949449
20	3022381
20	59747901
20	22567645
20	62810445
20	48154189
20	3669480
20	25484953
20	2770695
20	32140725
20	58596540
20	15950804
20	25259553
20	63414356
20	4798108
20	48170139
20	61434074
20	3084303
20	48172924
20	48173335
20	61248698
20	44976780
20	45338670
20	1932335
20	47617281
20	59317245
20	38157724
20	43530566
20	51452164
20	55920627
20	8018995
20	8266679
20	7888378
20	8473559
20	38889909
20	47262445
20	47348839
20	48659843
20	58362542
20	62857433
20	8697799
20	34768708
20	64198937
20	4175288
20	431198
20	31389353
20	5192105
20	3184040
20	3191600
20	32431221
20	4824635
20	61998927
20	46367811
20	46045644
20	32073494
20	63439613
20	63597719
20	63662662
20	63673921
20	62319380
20	62286726
20	47097553
20	44646360
20	53980636
20	44949844
20	51116816
20	37193880
20	51129164
20	51143351
20	18378200
20	18359587
20	42479480
20	42485700
20	42507107
20	42514430
20	57197627
20	53975292
20	63712604
20	63768288
20	50730344
20	50723058
20	762576
20	1651625
20	2437706
20	2696920
20	2845831
20	7084496
20	4581495
20	5223993
20	6112443
20	6293817
20	6310668
20	6951070
20	7900460
20	8584268
20	8483639
20	9526058
20	10009180
20	10447312
20	10734756
20	11336911
20	11418597
20	13080654
20	13295734
20	14495402
20	14543902
20	14743954
20	16208618
20	16291205
20	16673510
20	16647524
20	19440297
20	19566626
20	20394344
20	37473881
20	58911925
20	49614604
20	3618869
20	3584025
20	3638048
20	3564306
20	3558007
20	6804363
20	6811498
20	6797266
20	6789497
20	6789067
20	6773599
20	6782072
20	5952889
20	5954739
20	5909714
20	5941712
20	5951544
20	59116361
20	59126927
20	5832936
20	5836903
20	5770142
20	49365591
20	49417619
20	49432969
20	49440911
20	49377361
20	49387701
20	60942262
20	31411284
20	31566131
20	49323953
20	32262445
20	33256964
20	49230609
20	49248972
20	5606356
20	37776305
20	23513608
20	3481686
20	25618924
20	3547237
20	3393648
20	1166309
20	22528795
20	23280176
20	23293596
20	46541166
20	17832449
20	17817862
20	3930623
20	3934417
20	52736003
20	52737295
20	52762892
20	1511774
20	2009640
20	2338279
20	2349969
20	2357232
20	2371663
20	2372024
20	2386563
20	2392610
20	2571988
20	2580070
20	2586196
20	2666724
20	3602687
20	4764818
20	4765741
20	4782462
20	4804669
20	4806064
20	4811770
20	4814343
20	4818676
20	4834700
20	6412034
20	6529233
20	7396025
20	7407521
20	7818668
20	7831703
20	7837614
20	7907032
20	7912730
20	7913414
20	7924971
20	8515741
20	8536804
20	9664772
20	9724295
20	9729521
20	9754122
20	9761932
20	9811252
20	10232447
20	10353830
20	10359389
20	10364746
20	10698447
20	10811851
20	11541136
20	11558787
20	11828794
20	11846776
20	12430755
20	12434629
20	12895329
20	13637735
20	13672417
20	13831583
20	14540460
20	14545518
20	14956289
20	15324695
20	15328478
20	15712038
20	16735430
20	16739639
20	16968856
20	18348172
20	18459541
20	19669072
20	20216256
20	20258306
20	20270339
20	20297500
20	20301700
20	21574222
20	21760888
20	22981594
20	23007789
20	23013546
20	23395270
20	23401439
20	23412053
20	23633113
20	23638906
20	23657384
20	23667395
20	24754300
20	24791838
20	32368305
20	32748172
20	32771303
20	32798643
20	33060129
20	33077476
20	33106254
20	35243384
20	35716861
20	35844748
20	36275161
20	36371037
20	36372640
20	36732236
20	32845384
20	40718717
20	42091989
20	42393624
20	32821986
20	32824019
20	43037739
20	43092526
20	43106265
20	43112103
20	43178221
20	43658165
20	44161378
20	44395409
20	44881695
20	44897496
20	44909511
20	46073481
20	46161623
20	46167456
20	46168923
20	46203057
20	46219177
20	46225034
20	46239656
20	46252906
20	46258961
20	46266647
20	46273197
20	46279288
20	46300090
20	46335598
20	46721941
20	47428974
20	32076571
20	32079145
20	47916417
20	47935252
20	47938041
20	48767718
20	49343245
20	50521512
20	50556642
20	50919973
20	51172001
20	51172034
20	51191797
20	51429660
20	51646224
20	51659574
20	51667031
20	52046716
20	53193572
20	53245419
20	54199241
20	54402195
20	54439297
20	55113927
20	55252988
20	55469393
20	56399652
20	56707655
20	56717349
20	56718674
20	56724350
20	56730268
20	57437029
20	57450859
20	57906532
20	57959880
20	59599448
20	59687786
20	59692885
20	59703863
20	59714913
20	59765024
20	60761794
20	60784086
20	61190324
20	61195949
20	61197039
20	61211411
20	61223362
20	61291117
20	61296688
20	61303102
20	61306215
20	61322923
20	61421576
20	61445222
20	61450991
20	61475792
20	61490715
20	61585213
20	61601871
20	61632345
20	61639145
20	62306274
20	62325523
20	62433564
20	62444081
20	62692531
20	62724893
20	62728736
20	62735105
20	62763809
20	62959697
20	62992636
20	62999363
20	63018519
20	63730385
20	63736025
20	63741460
20	63918212
20	63924134
20	64010222
20	64228655
20	64229627
20	64269364
20	60061216
20	60076655
20	60084029
20	43803259
20	44594686
20	44570810
20	44560637
20	44525160
20	25431499
20	25328345
20	25301892
20	25425485
20	53109818
20	53174332
20	23036445
20	22998336
20	54227260
20	54187830
20	54186450
20	54170358
20	54127898
20	36067022
20	36128316
20	59252326
20	59251107
20	59235618
20	59212050
20	59198066
20	59186453
20	59139170
20	5057128
20	17885700
20	17812767
20	17901808
20	17902164
20	17903009
20	33797038
20	5678798
20	3658372
20	52623956
20	59457950
20	8304461
20	63701084
20	3078718
20	53547739
20	45292383
20	45447856
20	45424429
20	8396273
20	8286929
20	17786928
20	17800276
20	17827339
20	22998926
20	18206955
20	33830562
20	10828035
20	4967602
20	23082347
20	59500230
20	52850704
20	26178105
20	26196177
20	4725110
20	4708067
20	22435192
20	22410551
20	38733262
20	16134916
20	54140009
20	54145879
20	54146427
20	53522379
20	53536440
20	53561687
20	17749759
20	55569249
20	16254674
20	11892669
20	11851867
20	46474560
20	46458571
20	46451782
20	46438878
20	6207606
20	53107670
20	53099036
20	8960885
20	5925133
20	574708
20	580481
20	599013
20	54916088
20	54922076
20	32712672
20	50992662
20	32686275
20	18283824
20	54247673
20	32701492
20	43701159
20	43688779
20	10453318
20	32706853
20	4673939
20	2715126
20	57574188
20	41146854
20	49446215
20	43207879
20	43912606
20	44148597
20	44397976
20	32688576
20	44848782
20	39291433
20	46093372
20	47384310
20	46699126
20	48403177
20	48483701
20	51239889
20	51276181
20	51575594
20	51934711
20	51940131
20	48750065
20	48804143
20	49811665
20	49877390
20	54671198
20	55208863
20	55279499
20	55486319
20	55784892
20	55824712
20	56453111
20	56494235
20	56694268
20	4629067
20	5259946
20	11190793
20	11436244
20	12719510
20	12249376
20	16244850
20	19012470
20	33088998
20	24943143
20	38681144
20	57492500
20	58170468
20	58590339
20	43391923
20	46065308
20	54070647
20	47168014
20	46876267
20	53061431
20	53530122
20	54068088
20	33363039
20	33374054
20	33400396
20	54254091
20	39704937
20	39709978
20	39699632
20	32476731
20	32478378
20	32485365
20	32491454
20	32498054
20	32503403
20	32510074
20	32522360
20	33351904
20	33354441
20	33345474
20	33388170
20	39650355
20	39735075
20	4472816
20	4444381
20	4405635
20	4406464
20	4409880
20	4485349
20	23501169
20	64236690
20	64144559
20	64198605
20	64214590
20	23949906
20	23542438
20	23537054
20	23605723
20	23612329
20	23923336
20	23913913
20	23314747
20	64183507
20	64111969
20	23325131
20	23506866
20	23532137
20	59331762
20	59288264
20	3119106
20	46784449
20	46630001
20	41768171
20	46791866
20	44536730
20	44554534
20	46587374
20	40739657
20	44548704
20	49619136
20	40960888
20	45967010
20	44915887
20	46616207
20	46294078
20	46800133
20	43042478
20	46804169
20	46841409
20	47164669
20	46574803
20	41928643
20	41752851
20	40955312
20	46854967
20	41758772
20	46847489
20	46826407
20	49121541
20	63563734
20	63528151
20	63540916
20	63578528
20	63581575
20	43734005
20	43563443
20	16742280
20	23047500
20	11924994
20	10652589
20	13766794
20	9538820
20	43550805
20	63934269
20	49889653
20	44417405
20	57943977
20	57397709
20	57443642
20	57047803
20	57064792
20	45948675
20	51089645
20	24589417
20	44519300
20	55752743
20	30937933
20	61856299
20	1923293
20	53510069
20	31465341
20	1997922
20	32047433
20	43287661
20	59019629
20	48114029
20	63391714
20	46348545
20	2120164
20	61217589
20	3457749
20	49122299
20	49169653
20	49189278
20	60486375
20	60475631
20	60469298
20	23961186
20	60451542
20	60430014
20	60427588
20	50550131
20	10473341
20	7295814
20	50005772
20	14945716
20	14985177
20	62803959
20	326258
20	6405791
20	60376370
20	60361393
20	22595111
20	62218776
20	6393523
20	64254863
20	5796087
20	31950337
20	32894078
20	9163012
20	57372336
20	62654717
20	10289242
20	10263978
20	10266085
20	10272434
20	10311164
20	10329801
20	10299435
20	10254937
20	64164052
20	55682392
20	63547072
20	14833444
20	19925071
20	5048561
20	15080748
20	44634395
20	15047388
20	5039591
20	15083806
20	4862724
20	24665003
20	33018431
20	58445119
20	58245824
20	35142661
20	38303893
20	45881123
20	45959470
20	43536151
20	44932273
20	45534210
20	31849719
20	31869936
20	32326903
20	32445771
20	3689414
20	3866196
20	5302610
20	3004887
20	62903724
20	408812
20	438423
20	481329
20	6201930
20	20390762
20	19961556
20	53582956
20	10423550
20	25407434
20	63657399
20	33226210
20	52192625
20	45859856
20	10129589
20	9468300
20	3795721
20	23691103
20	16747384
20	16729208
20	611050
20	5958568
20	64099124
20	1333118
20	57963074
20	45909788
20	25214382
20	25251770
20	33237046
20	58438043
20	51536805
20	47132854
20	10228100
20	9413290
20	50511248
20	32064574
20	61926464
20	61976621
20	62257011
20	62262691
20	16727519
20	62723361
20	883869
20	6089793
20	13768195
20	19273929
20	19661692
20	19675294
20	17631132
20	1312201
20	63864469
20	4248571
20	45828016
20	15619559
20	15894584
20	19971016
20	48340021
20	63270795
20	63588387
20	64047196
20	44118607
20	47274641
20	52451323
20	57488263
20	62337061
20	268285
20	36231997
20	32334043
20	32189533
20	51607667
20	18532095
20	2964642
20	44428840
20	49119775
20	1301041
20	2860127
20	62263244
20	9427598
20	49914632
20	51608667
20	47133061
20	3234173
20	44921605
20	56248973
20	4784663
20	276245
20	276391
20	296976
20	13641359
20	19594618
20	20040657
20	17653038
20	43543472
20	56893989
20	43642197
20	33055705
20	6162732
20	62692066
20	55858148
20	59569132
20	45936043
20	11778351
20	12999494
20	13014465
20	13990589
20	1569008
20	4301026
20	4316922
20	4379169
20	4923986
20	8872076
20	55451061
20	6163807
20	6236953
20	55676189
20	47372809
20	13071614
20	24005011
20	31478484
20	56455025
20	46576499
20	3596415
20	42444015
20	63422401
20	17835019
20	16202767
20	46583816
20	8849267
20	12945710
20	4331384
20	53589318
20	55384376
20	6270992
20	48238264
20	4357411
20	46242985
20	59543529
20	46008271
20	46314023
20	48592907
20	43646859
20	46000029
20	62546280
20	60484158
20	38000176
20	2029688
20	10995023
20	47645345
20	39633529
20	31584032
20	3570486
20	49626139
20	5928919
20	48296123
20	4437233
20	25492287
20	33063777
20	5043591
20	25500481
20	9561498
20	46416448
20	46411017
20	53962148
20	62566815
20	61365163
20	19909996
20	57952981
20	45802047
20	4327508
20	31595795
20	44223869
20	32311080
20	31285326
20	32572422
20	64242277
20	37256568
20	25308475
20	48370453
20	50615936
20	60001294
20	33306960
20	46595248
20	44956135
20	51558996
20	7226740
20	48120438
20	49162065
20	21100317
20	19052198
20	59729866
20	6102846
20	40885225
20	8135857
20	41449445
20	41108082
20	39815739
20	44210980
20	12037214
20	48326555
20	15073790
20	4437447
20	55486984
20	15102408
20	5074492
20	49640612
20	15061953
20	25512216
20	54936648
20	42139713
20	43352926
20	242614
20	24998806
20	6599572
20	32261714
20	31929243
20	50193088
20	20177449
20	57660063
20	42122523
20	46485646
20	56461491
20	39847414
20	19909624
20	25471749
20	46569632
20	8908966
20	49807219
20	15273829
20	34583841
20	60354869
20	14842148
20	15141608
20	36418546
20	48318896
20	55092086
20	8927234
20	38723915
20	23728908
20	61573169
20	55195818
20	10898688
20	31836760
20	52837852
20	57241678
20	18394937
20	50450334
20	11564611
20	54928862
20	250342
20	56016641
20	46609695
20	3650911
20	51392255
20	17073132
20	57393057
20	11964773
20	32997739
20	2069835
20	64074752
20	43032059
20	8953145
20	23759524
20	43681869
20	39634466
20	32725109
20	62485670
20	37596132
20	33146150
20	19547494
20	14485972
20	19753435
20	36352062
20	5238734
20	14372740
20	9033406
20	61028886
20	8780421
20	15422411
20	50934282
20	50420214
20	52817142
20	47705488
20	9907330
20	12974953
20	41674204
20	41392129
20	11059197
20	53879462
20	57478529
20	15060932
20	62125498
20	43679577
20	45746108
20	5963047
20	63352549
20	23822811
20	63619538
20	45751832
20	63359059
20	31638887
20	32618552
20	15663996
20	15664022
20	5741583
20	7054464
20	2332072
20	55914950
20	59721486
20	32617969
20	32388501
20	15614591
20	38329519
20	54065947
20	32667182
20	21036638
20	59199805
20	52669686
20	15660065
20	45895143
20	3247777
20	39064921
20	7025957
20	43814354
20	486714
20	13847673
20	62573201
20	60275351
20	45740424
20	604219
20	22456453
20	54031829
20	62572896
20	45840651
20	14356893
20	23872544
20	13182009
20	55915195
20	49984020
20	53361408
20	15161313
20	53372087
20	4412471
20	15591507
20	49896699
20	10057992
20	915369
20	63849296
20	64021737
20	63291805
20	63686867
20	63773580
20	63882383
20	63924901
20	64106215
20	62850289
20	62986964
20	63012978
20	63042490
20	63071385
20	62686291
20	63338824
20	63433605
20	63446177
20	47733014
20	47810599
20	48724775
20	48756464
20	50267994
20	50302580
20	50374046
20	50663205
20	51038035
20	52373402
20	52684661
20	53687569
20	53955322
20	54169320
20	54314609
20	56727620
20	56887842
20	57544974
20	57588631
20	57701522
20	57839279
20	58503462
20	59225269
20	59369315
20	59644384
20	39991639
20	40777524
20	41637487
20	42562695
20	42697873
20	42720364
20	43233531
20	43598871
20	43898857
20	44122832
20	46620077
20	46705549
20	46811959
20	47066879
20	37426319
20	47639206
20	47789679
20	47806595
20	47809331
20	47851780
20	47993915
20	48203756
20	48409559
20	48459954
20	48572946
20	48609474
20	48612619
20	48685521
20	48711820
20	49005017
20	49750087
20	50038479
20	50244757
20	50342964
20	50446629
20	50469580
20	50484178
20	50610757
20	50632562
20	50886415
20	50979278
20	50985413
20	51083137
20	51215714
20	51329224
20	51333480
20	51339180
20	37829664
20	51508132
20	51860768
20	51871799
20	51894492
20	52015743
20	52393193
20	52427108
20	52675650
20	53083217
20	53408464
20	53415031
20	53786422
20	53792469
20	53884966
20	53936241
20	54692767
20	38159789
20	55804087
20	55908958
20	55933455
20	56226159
20	56564093
20	56686628
20	56940234
20	57001335
20	57064187
20	57204206
20	57354825
20	57546373
20	57606893
20	57870968
20	58001853
20	58221728
20	58258757
20	58533966
20	58846489
20	58886860
20	59132664
20	59531518
20	59629136
20	60696532
20	60914388
20	38773661
20	60947206
20	61068675
20	61111631
20	38934293
20	39538258
20	39591138
20	39860133
20	40518647
20	40777935
20	41909693
20	41950781
20	41950969
20	41981347
20	42049954
20	36916270
20	42365386
20	42415071
20	42793643
20	42797913
20	42984431
20	43153059
20	43478182
20	43507127
20	43525187
20	43856709
20	43883825
20	43950411
20	44218054
20	44223633
20	44302232
20	44360627
20	44389620
20	44440356
20	45362193
20	45806695
20	45954599
20	1081134
20	10257168
20	11910960
20	12503200
20	13385977
20	13858247
20	16566201
20	16632266
20	16654393
20	19508308
20	19870811
20	20955401
20	21584365
20	22296175
20	2373915
20	23344513
20	24596873
20	25321736
20	2766835
20	3807108
20	4112213
20	4547144
20	5622815
20	5775635
20	5783749
20	6007449
20	6720779
20	6873540
20	6940123
20	7230868
20	864049
20	7986327
20	8601756
20	984009
20	9638827
20	10190359
20	10305665
20	10460790
20	11027734
20	11104984
20	11528332
20	11972108
20	12243468
20	1298126
20	12268310
20	12272882
20	12677640
20	12724019
20	12728191
20	12829719
20	1357793
20	13130126
20	13302815
20	13855352
20	14122233
20	15036594
20	15469634
20	15493861
20	15497734
20	1643224
20	16157377
20	16166097
20	16459799
20	1729626
20	16620566
20	16652451
20	16753203
20	16759952
20	18049713
20	18349464
20	18736085
20	18803456
20	19424874
20	19652584
20	19837996
20	19863250
20	19901497
20	20549920
20	20866484
20	20931576
20	20934500
20	21139902
20	21554713
20	2231027
20	2253267
20	303233
20	22663923
20	22762661
20	22847101
20	23257091
20	23272947
20	23972062
20	24637644
20	24798091
20	25055075
20	25069273
20	25073804
20	25127747
20	25177605
20	25369587
20	2617332
20	25592787
20	2704278
20	2745032
20	3100992
20	3726216
20	3731359
20	3911249
20	4098629
20	4840976
20	4905844
20	5066284
20	5300607
20	5491823
20	5567435
20	5882336
20	667092
20	5968888
20	6662525
20	6667480
20	6697891
20	750567
20	7483618
20	852120
20	8070706
20	8144573
20	8187836
20	891480
20	8784632
20	9089010
20	9516741
20	9603077
20	24212085
20	49883072
20	58341320
20	909226
20	49502893
20	32256733
20	32533567
20	32787185
20	33337811
20	32130490
20	31318111
20	32470559
20	32626601
20	32742309
20	32998496
20	33031551
20	33064486
20	33225328
20	33273453
20	35475209
20	35488172
20	31864979
20	31920657
20	49559141
20	61371988
20	61876542
20	62431508
20	62432324
20	61388053
20	61617105
20	61939168
20	62345988
20	49906048
20	55056570
20	37261669
20	37254295
20	948861
20	49591123
20	9978566
20	915656
20	23583627
20	60404452
20	58235428
20	49493237
20	64159119
20	959315
20	10128293
20	4344173
20	1708473
20	945682
20	811102
20	939602
20	58303864
20	933777
20	58210850
20	64131533
20	2882833
20	49175451
20	3702688
20	49593181
20	1852343
20	58313585
20	3681495
20	55604670
20	49582382
20	49506225
20	49539652
20	49524145
20	49475539
20	1747318
20	960776
20	58327363
20	38307878
20	5444696
20	64169828
20	10074819
20	1710739
20	24225839
20	55585354
20	49776112
20	1811788
20	18484357
20	775431
20	19522234
20	801002
20	14264211
20	10106306
20	60214945
20	3608474
20	10125781
20	10572002
20	63678486
20	62749866
20	63889321
20	64176691
20	62913362
20	62683650
20	63221277
20	63253450
20	63516543
20	63668225
20	63693980
20	63725275
20	63747653
20	63898346
20	63995103
20	64093345
20	62829739
20	62882518
20	62919954
20	62661095
20	62925419
20	63024223
20	63046985
20	63058359
20	63065242
20	63087579
20	63100275
20	62682154
20	63142550
20	63189912
20	63346079
20	62711369
20	63452253
20	63480219
20	63615188
20	46444981
20	47415238
20	47448565
20	47531943
20	47550789
20	47805339
20	47859388
20	47966786
20	47988282
20	48181105
20	48421740
20	48578972
20	48872270
20	48882019
20	49436075
20	49546589
20	49992767
20	50012919
20	50040532
20	50120977
20	50213728
20	50227828
20	50332638
20	50457355
20	50464733
20	50492608
20	50564695
20	50625985
20	51096789
20	51334980
20	51430561
20	51694170
20	51900467
20	52021121
20	52040510
20	52248131
20	52701812
20	52770711
20	52919289
20	52959719
20	52973995
20	37985376
20	53141535
20	53491432
20	53728380
20	53740177
20	53748581
20	53779863
20	53829450
20	53948987
20	54211619
20	54239333
20	54269313
20	54289298
20	54366246
20	54388099
20	54558300
20	54564778
20	54637147
20	54648195
20	54674831
20	54680199
20	54804994
20	54897841
20	54959679
20	55555597
20	55740225
20	55766415
20	55852017
20	55919922
20	55926457
20	56004403
20	56133509
20	56278714
20	56313111
20	56332273
20	56386017
20	56423488
20	56502091
20	56760851
20	56878231
20	57032528
20	57232054
20	57320373
20	57456906
20	57601205
20	57725841
20	57893548
20	57935287
20	58033469
20	58040147
20	58056497
20	58057374
20	58109097
20	58380252
20	58473359
20	58519658
20	58798285
20	58812799
20	59207258
20	38607858
20	59349299
20	59569706
20	59621369
20	59660593
20	59701141
20	59983018
20	60117518
20	38702166
20	60281764
20	60382601
20	60386078
20	60505740
20	60838367
20	61124043
20	61199507
20	61225004
20	61311123
20	36592755
20	39085333
20	39513694
20	39579013
20	39946048
20	40030665
20	40169166
20	40410188
20	40424851
20	40479694
20	40662419
20	40670812
20	40759500
20	40854259
20	41494898
20	42071986
20	42180204
20	42306875
20	42401698
20	42408879
20	36927789
20	42430346
20	42553671
20	42641601
20	42662296
20	42734360
20	42787681
20	43106121
20	43124603
20	43127052
20	43214186
20	43372778
20	43398029
20	43448756
20	43455222
20	43512735
20	43726827
20	43783648
20	43851564
20	43927097
20	43964580
20	44029201
20	44087828
20	44173331
20	44277798
20	44367025
20	44505244
20	44734529
20	44734888
20	45066762
20	45096238
20	45128314
20	45461458
20	45525892
20	45813494
20	36415386
20	46285623
20	46422576
20	46432967
20	46640917
20	46708399
20	46731855
20	46745622
20	46756329
20	46832382
20	46885106
20	37377377
20	46920988
20	46929539
20	47004298
20	47057498
20	47117440
20	47147752
20	47163997
20	47204558
20	47245179
20	37422483
20	47366943
20	47379009
20	47396704
20	47468855
20	47493682
20	47623406
20	47633957
20	47650856
20	37453393
20	37453742
20	47674987
20	48063693
20	48085836
20	48191867
20	48334037
20	48391379
20	48428303
20	48475368
20	48498295
20	48530672
20	48536669
20	48548239
20	48584971
20	48644107
20	48773649
20	48850842
20	48890385
20	48909470
20	49215367
20	49359897
20	49394255
20	49405171
20	49458415
20	49487693
20	49573150
20	49723499
20	49737338
20	49782342
20	49836135
20	37677114
20	49981122
20	50019800
20	50033852
20	37694912
20	50094849
20	50162588
20	50226090
20	50238499
20	50250779
20	50308602
20	50313829
20	50431216
20	50435103
20	50573995
20	50591105
20	50597619
20	50603910
20	50669309
20	50681357
20	50735943
20	50750539
20	50826118
20	50831579
20	50848865
20	50854281
20	50872643
20	50913543
20	51007608
20	51033052
20	51045496
20	51063687
20	51077157
20	51108211
20	51114573
20	51209643
20	51240579
20	51282339
20	51302781
20	51399134
20	51399282
20	51460049
20	51475750
20	51492425
20	51492442
20	51524602
20	51688301
20	51810321
20	51829177
20	51853005
20	51861330
20	51864251
20	51878414
20	51956695
20	51978265
20	51989761
20	51995662
20	52027936
20	52060890
20	52089864
20	52158375
20	52233018
20	37917525
20	52414898
20	52513773
20	52600431
20	52654366
20	52676385
20	52748151
20	10093145
20	52865824
20	37976296
20	52916902
20	52934856
20	53012325
20	53030260
20	53036155
20	37991079
20	53213496
20	53275209
20	53300709
20	53343426
20	53411033
20	53526269
20	53556075
20	53656597
20	53672185
20	53693500
20	53706229
20	53752551
20	53823580
20	53907007
20	53919886
20	53942989
20	54007858
20	54054593
20	54184621
20	38110188
20	54307118
20	54373070
20	54395551
20	54420368
20	54446402
20	54462762
20	54589100
20	54595934
20	54623891
20	54671883
20	54715598
20	54743554
20	54771236
20	54803146
20	54804110
20	54844457
20	54989209
20	55046241
20	55189455
20	55487878
20	55565281
20	55665883
20	55694427
20	55700846
20	55706312
20	55719303
20	55772378
20	55805499
20	55818377
20	55829649
20	56177028
20	56182545
20	56207386
20	56346591
20	56359955
20	56527666
20	56534248
20	56637655
20	56711871
20	56789129
20	56928203
20	56966404
20	57023344
20	57085511
20	57089293
20	57141291
20	57142605
20	57174725
20	57404010
20	57495449
20	57515751
20	57523677
20	57556761
20	57569074
20	57580947
20	57648395
20	57653592
20	57680552
20	57719257
20	57746830
20	57751937
20	57836928
20	57878235
20	57958183
20	57976897
20	58064790
20	58081993
20	58088523
20	58136426
20	58190743
20	58265416
20	58320474
20	58335256
20	58390652
20	58396291
20	58409038
20	58451594
20	58464255
20	58480388
20	58486076
20	58546079
20	58569956
20	58585585
20	58602955
20	58628992
20	58705942
20	58755513
20	58762530
20	58785073
20	58786943
20	59078448
20	59110237
20	38610524
20	59377348
20	59412444
20	59420095
20	59437059
20	59464714
20	59472422
20	59484704
20	59497591
20	59518850
20	59727340
20	59809396
20	59973297
20	60007965
20	60054720
20	60106943
20	60128485
20	60172531
20	60188877
20	60241330
20	60291831
20	60306766
20	60313067
20	60322300
20	60326636
20	60332613
20	60337163
20	60387318
20	38721094
20	60438817
20	60506638
20	60519401
20	60604725
20	60688094
20	60748462
20	60788264
20	60851524
20	60873985
20	60877220
20	60965371
20	60966810
20	60977773
20	61042967
20	61048689
20	61311096
20	61333906
20	39074651
20	39171814
20	39481622
20	39553018
20	39595575
20	39625907
20	39852169
20	39863415
20	39910267
20	39986556
20	40019992
20	40025783
20	40145648
20	40175116
20	36357460
20	40198818
20	40245443
20	40255070
20	40265910
20	40289513
20	40351096
20	40387620
20	40536627
20	40685050
20	40764916
20	40820665
20	40985659
20	41008023
20	41501446
20	36837407
20	41781245
20	41835574
20	41842982
20	41865172
20	41969209
20	42111860
20	42164094
20	42284161
20	42315056
20	42318104
20	42423496
20	42436876
20	42469049
20	42560363
20	42627651
20	42688243
20	42730016
20	42739923
20	42746700
20	43005127
20	43025374
20	43119491
20	43146878
20	43160819
20	43199269
20	43216105
20	43251088
20	43261813
20	43268450
20	43273614
20	43294115
20	43319131
20	43442362
20	43517629
20	43621802
20	43635862
20	43651454
20	43766078
20	43778888
20	43796195
20	43863516
20	43869433
20	43920505
20	43930891
20	43954977
20	43978076
20	43984482
20	44004342
20	44085887
20	44241584
20	44267784
20	44273953
20	44296281
20	44312988
20	44422573
20	44458352
20	44499184
20	44567041
20	44574477
20	44588669
20	44620950
20	44990764
20	45053919
20	45120725
20	45355784
20	45433997
20	45454159
20	45471246
20	45513735
20	45520553
20	45532441
20	45575651
20	45579865
20	45733395
20	45788724
20	45833467
20	45998388
20	46021099
20	46105172
20	46148656
20	46155983
20	46181527
20	46195460
20	46290120
20	46306737
20	10134951
20	10142776
20	1086319
20	10223169
20	10249643
20	1098662
20	183442
20	1140011
20	10778727
20	10788426
20	10858916
20	10976363
20	1184286
20	11408584
20	11604628
20	11865282
20	11885083
20	12072879
20	12097550
20	1288944
20	12209373
20	1316167
20	12518344
20	12711853
20	12744454
20	12865059
20	12942118
20	1367898
20	13107088
20	13144627
20	13495443
20	1492133
20	14687597
20	14691531
20	14881589
20	15253833
20	15439758
20	15754310
20	15877235
20	16043952
20	16378922
20	16685245
20	1740104
20	16755628
20	16828982
20	16998229
20	17270749
20	17399949
20	17444566
20	1834974
20	17730851
20	18267580
20	18556468
20	18770759
20	1955646
20	19079869
20	19144366
20	19160097
20	2008269
20	2013466
20	19429536
20	2018976
20	19567680
20	19595401
20	2037121
20	19686766
20	19828829
20	19855573
20	19865298
20	19890942
20	19984879
20	20073432
20	2146963
20	20824748
20	20841506
20	20845133
20	20856568
20	20856608
20	21531894
20	21709698
20	22589689
20	22600422
20	22721920
20	22723039
20	22745471
20	22798829
20	22827232
20	23335864
20	2407092
20	23702173
20	23706789
20	23741355
20	2448576
20	23793923
20	23979345
20	23998668
20	24010445
20	24087006
20	24118037
20	24266920
20	24273841
20	24353213
20	24383569
20	24477399
20	24643615
20	2536802
20	24680503
20	24733276
20	24894157
20	2563158
20	24934864
20	25023997
20	2600126
20	25355051
20	25388459
20	25438950
20	25565083
20	338144
20	339700
20	2687083
20	2774414
20	2980762
20	2986247
20	378291
20	3219123
20	3456832
20	3577833
20	3822781
20	119864
20	4335690
20	4451259
20	4534314
20	4636745
20	4643530
20	4704905
20	4735833
20	4750376
20	4776839
20	4849766
20	4871196
20	4875113
20	5083670
20	5165985
20	5312754
20	5324754
20	5368725
20	5578646
20	5801478
20	5884990
20	6130922
20	6430207
20	6441354
20	6541692
20	6610363
20	6691333
20	6841518
20	6845415
20	6856305
20	6906097
20	6918181
20	6975652
20	7149091
20	7168226
20	7399927
20	7490929
20	7518562
20	7568938
20	7577988
20	7639590
20	8032233
20	8063190
20	159445
20	8091111
20	8129883
20	8143707
20	8246247
20	902357
20	8549239
20	8591287
20	8856689
20	8946594
20	8981421
20	9371607
20	1012070
20	9552053
20	9582275
20	9650260
20	9699890
20	9804222
20	1054184
20	10101828
20	10159442
20	10202869
20	10237386
20	10326437
20	10332257
20	10371024
20	10384759
20	10466472
20	10486334
20	10518279
20	10652665
20	10659658
20	10662403
20	10740788
20	10772589
20	10800231
20	10883678
20	10891813
20	10909283
20	11073953
20	11085141
20	11110810
20	11126738
20	11174554
20	11175881
20	11182401
20	11244882
20	11249479
20	11285877
20	11292213
20	11319235
20	11450087
20	11552689
20	11590479
20	11621710
20	11642125
20	11645552
20	11670215
20	11796077
20	11822550
20	11956980
20	11970045
20	11992872
20	12089084
20	12092660
20	12113143
20	12316735
20	1319812
20	12485046
20	12525276
20	12528214
20	12659754
20	12671788
20	12681297
20	12682495
20	1345076
20	12750225
20	12761899
20	12877085
20	1371678
20	13018509
20	13056152
20	1377628
20	13073557
20	13111835
20	1383877
20	13280726
20	1414273
20	13465884
20	1425568
20	13949297
20	1503280
20	14599057
20	14690556
20	14783801
20	14795906
20	14825931
20	14878264
20	14938168
20	15096384
20	15298849
20	15328286
20	15380171
20	15444014
20	15474928
20	15516623
20	15549118
20	15630671
20	1635560
20	15683209
20	15691581
20	15736026
20	15748723
20	15918167
20	15935547
20	15979499
20	15986419
20	16009291
20	16041615
20	16043191
20	16110386
20	16120484
20	16291045
20	16400981
20	16474520
20	16480070
20	16519448
20	16532697
20	16538348
20	16560875
20	16566921
20	16587484
20	16688766
20	16766899
20	16778457
20	16831557
20	16844288
20	16946434
20	1768108
20	16988274
20	16997301
20	17083744
20	17129975
20	17147779
20	17205717
20	17275915
20	17455828
20	17483272
20	1826169
20	1839350
20	17688541
20	17694326
20	17781728
20	17836343
20	17911301
20	17924175
20	18034735
20	18038027
20	1884447
20	18400131
20	18472020
20	18594755
20	18770030
20	18806997
20	18983716
20	1970212
20	19019182
20	19082787
20	19266950
20	2002459
20	19365540
20	19432023
20	19468673
20	19474559
20	19742807
20	19775029
20	19793960
20	19871606
20	19888449
20	19959244
20	20073032
20	20082346
20	20090990
20	20197606
20	20253295
20	2096810
20	21098915
20	21371598
20	21676964
20	2242835
20	21723293
20	21804435
20	22004860
20	2272093
20	2281990
20	22441385
20	22461358
20	22475086
20	22504167
20	22516982
20	22535546
20	22593023
20	304679
20	22720482
20	22720918
20	22727721
20	22825606
20	22896536
20	22925804
20	22938661
20	22973693
20	23063721
20	23093564
20	23263725
20	23305266
20	23308493
20	23347367
20	23474121
20	23488656
20	2426795
20	23621670
20	23626620
20	2436331
20	23687020
20	315730
20	2443894
20	23741682
20	23765506
20	23792017
20	23795182
20	2453679
20	23884840
20	23956065
20	23973859
20	24017064
20	24024025
20	24026047
20	24048795
20	2480347
20	24097492
20	24106065
20	2483402
20	24124040
20	24138819
20	24297031
20	24308419
20	24361702
20	2508773
20	24412554
20	24427079
20	24432851
20	24453370
20	24491267
20	24497617
20	24518085
20	24524214
20	24532960
20	24539684
20	24546088
20	324156
20	24602488
20	24609154
20	24615151
20	24638059
20	24648404
20	24830470
20	24909274
20	24954412
20	24991900
20	2574261
20	25030787
20	329048
20	25062475
20	25143452
20	25156188
20	25197483
20	25220209
20	2593577
20	25349279
20	25363595
20	25546229
20	25750332
20	337341
20	25976688
20	2681012
20	339622
20	343479
20	2736269
20	2973760
20	3172147
20	390042
20	3199637
20	3205300
20	3306474
20	3384826
20	3393065
20	3412224
20	3437265
20	3464798
20	423009
20	426415
20	3630763
20	3634743
20	3705865
20	3822799
20	3863021
20	3881561
20	3887708
20	3905138
20	4019833
20	4037856
20	4079535
20	4254947
20	4262792
20	121540
20	4396600
20	4631231
20	4643912
20	4658102
20	4664427
20	4676371
20	4713938
20	4741225
20	4770841
20	5033833
20	5089068
20	5095580
20	5101291
20	585341
20	5273821
20	5308998
20	5309981
20	5311008
20	5320855
20	5377322
20	5379053
20	5414837
20	5468727
20	5560878
20	628961
20	5591318
20	5601811
20	5637898
20	5644244
20	5684353
20	5734547
20	5764303
20	648215
20	5889701
20	6051557
20	6082266
20	6133610
20	6134934
20	6196146
20	6242869
20	6278117
20	6287273
20	6312440
20	6315619
20	6362828
20	6369485
20	6450620
20	6462060
20	6474014
20	6483087
20	6553992
20	6603957
20	6619051
20	6662560
20	6692371
20	6700023
20	6729787
20	6738292
20	6819186
20	6833198
20	767191
20	7077182
20	7131739
20	7155597
20	7211313
20	7217854
20	7266592
20	7290567
20	7389781
20	7423699
20	7462107
20	7468374
20	7516547
20	7519754
20	7532062
20	7549953
20	7585849
20	7624771
20	836435
20	7664549
20	7674250
20	7683635
20	7691241
20	7760722
20	7894690
20	7948873
20	7993829
20	8038267
20	8084102
20	883063
20	8177856
20	8181631
20	8192747
20	8209966
20	8227548
20	8233139
20	8370822
20	8494962
20	8566396
20	8573103
20	8617838
20	8623534
20	8667325
20	8681575
20	8692751
20	8736233
20	952372
20	8835571
20	8856124
20	8897342
20	9007765
20	9045250
20	9081532
20	9098289
20	9175556
20	9260191
20	9328181
20	9406784
20	9421281
20	9447608
20	1019141
20	9505320
20	9596732
20	9611616
20	9611691
20	9611912
20	9656400
20	1039675
20	9772371
20	9855691
20	9864171
20	9870856
20	9909342
20	9911679
20	9918791
20	1064245
20	9959936
20	9972197
20	10002077
20	10010602
20	1075077
20	10074832
20	32243772
20	32249128
20	32270979
20	32304151
20	32436685
20	31354892
20	31361029
20	32676281
20	32730930
20	32751526
20	32857341
20	32932914
20	33119107
20	33193313
20	33282834
20	31424833
20	33886765
20	31514014
20	31603120
20	31627651
20	35628354
20	31688103
20	31891237
20	31971818
20	32023383
20	32058156
20	32170845
20	32206174
20	32221085
20	32278613
20	32284273
20	32297073
20	31325430
20	32333946
20	32399587
20	32492289
20	31351068
20	32590184
20	32596479
20	32602673
20	32647980
20	32672711
20	32729055
20	32729463
20	32736112
20	32798541
20	32804971
20	32877644
20	32889591
20	32930492
20	33006062
20	33012411
20	33024534
20	33031772
20	33044188
20	33133887
20	33238221
20	33344467
20	33419889
20	31465452
20	34180625
20	31531331
20	34518092
20	31554218
20	31560223
20	34739072
20	34769912
20	31577324
20	34977677
20	35106896
20	31605104
20	31605268
20	35275830
20	31633301
20	31645101
20	31661000
20	31669951
20	35826396
20	31681875
20	31694420
20	31700665
20	31711142
20	31715496
20	36303494
20	31742503
20	31790228
20	31802244
20	31806714
20	31812854
20	31823797
20	31832151
20	31841960
20	31843452
20	31278917
20	31875894
20	31939262
20	31956593
20	31996213
20	31294405
20	32002448
20	32004611
20	32030984
20	31301289
20	32158445
20	32212047
20	62381861
20	62469171
20	62476335
20	61523459
20	61647832
20	61694731
20	61758177
20	61834745
20	61968735
20	61456750
20	62275386
20	62378340
20	62443209
20	62464902
20	61529603
20	61542341
20	61548683
20	61623010
20	61666096
20	61687167
20	61713452
20	61729784
20	61762696
20	61794529
20	61801555
20	61823748
20	61888906
20	61963222
20	62166541
20	61449920
20	62178957
20	62191543
20	62207433
20	62315319
20	62552488
20	63632972
20	63645631
20	64064525
20	64064671
20	62871053
20	63127565
20	63258407
20	63787032
20	63858436
20	64151445
20	64205167
20	62648628
20	63070677
20	63169555
20	63371532
20	63427378
20	46361267
20	46897207
20	47109124
20	47123074
20	47455291
20	47688232
20	47717715
20	47745097
20	47851821
20	47905878
20	47981703
20	48040082
20	48158771
20	48382076
20	48386414
20	48674081
20	37604643
20	49195061
20	49242680
20	49353252
20	50155899
20	50542862
20	51153758
20	51525285
20	51572681
20	51639310
20	52072744
20	52208819
20	52303502
20	52520213
20	52726271
20	53368651
20	53451602
20	53576549
20	53740107
20	54084754
20	54349528
20	54667196
20	54875027
20	55080783
20	55100647
20	55158818
20	55259459
20	55608603
20	55989746
20	56200732
20	56200847
20	56393103
20	56409712
20	56913683
20	56955731
20	56994446
20	57074446
20	57121595
20	57185511
20	57386300
20	58804795
20	59426691
20	59683632
20	60140985
20	60184464
20	60203067
20	60512938
20	60523795
20	60664469
20	60704101
20	60778569
20	60950812
20	61050824
20	61081424
20	61164570
20	38805490
20	61257735
20	61287213
20	39910126
20	39984745
20	40920188
20	40939134
20	40951947
20	41011420
20	41938634
20	42106244
20	42272352
20	42453592
20	42668354
20	42680971
20	42847759
20	42861299
20	43082586
20	43332185
20	43469481
20	43590581
20	43789230
20	44289818
20	44376375
20	45182177
20	45941291
20	46105657
20	46398725
20	46498596
20	46738348
20	46771237
20	46777376
20	46864625
20	46911158
20	47107828
20	47175350
20	47233515
20	47268072
20	47285455
20	47331911
20	47390148
20	47422521
20	47442622
20	47610877
20	47823530
20	47849847
20	47863052
20	47881943
20	47882766
20	47923795
20	47949975
20	47976006
20	47998014
20	48018232
20	48057366
20	48135542
20	48149399
20	48149861
20	48272888
20	48364099
20	48602266
20	48738472
20	48779663
20	48825115
20	37573946
20	49237483
20	49395781
20	49411300
20	49552929
20	49824970
20	50012420
20	50067982
20	50108498
20	50296966
20	50297407
20	50367160
20	50480988
20	50519450
20	50688584
20	50703905
20	50815866
20	50819586
20	50842755
20	50866396
20	51158578
20	51269770
20	51296680
20	51345439
20	51423549
20	51486255
20	51515460
20	51633347
20	51681369
20	51778744
20	51835428
20	51849693
20	51887598
20	51949289
20	51981647
20	52094152
20	52440136
20	52470104
20	52489480
20	52496023
20	52605707
20	52725100
20	52798271
20	52831479
20	52988461
20	53184048
20	53466315
20	53485036
20	53503326
20	53642841
20	53863702
20	53870450
20	53875535
20	53913456
20	53921934
20	54080451
20	54118292
20	54141877
20	54158096
20	54164552
20	54630564
20	54665050
20	54701334
20	54837485
20	38191191
20	38192680
20	55107111
20	55266878
20	55466809
20	55681859
20	55685887
20	55746579
20	55835879
20	55869369
20	55907563
20	55950158
20	55975518
20	55983057
20	56163862
20	56193420
20	56259077
20	56285987
20	56353113
20	56508422
20	56540778
20	56742215
20	56755547
20	56809898
20	56856332
20	56990443
20	57097580
20	57183599
20	57622020
20	57734258
20	57849024
20	57890911
20	57984883
20	58197344
20	58297695
20	58356673
20	58511451
20	58590561
20	58594667
20	58622882
20	58742447
20	58793409
20	58819347
20	10524345
20	58967828
20	59041982
20	59046400
20	59096964
20	59152377
20	59356660
20	59543557
20	59588595
20	59651806
20	59730029
20	38654331
20	59823372
20	60121960
20	60418799
20	60503016
20	60554430
20	60565755
20	60615207
20	60675818
20	60748995
20	60859742
20	60865459
20	36343360
20	61056697
20	61061594
20	61087207
20	61090909
20	61162532
20	61168295
20	39093380
20	39909747
20	40085485
20	40264672
20	40632414
20	40659850
20	40786284
20	41339548
20	41465316
20	41506083
20	41534163
20	42266327
20	42278414
20	42325172
20	42358893
20	42371121
20	42521616
20	42546843
20	42552990
20	42657338
20	42758836
20	42768073
20	42990107
20	43010593
20	43018293
20	43068984
20	43707995
20	43904270
20	44010026
20	37089312
20	44089965
20	44103713
20	44170440
20	44283422
20	44324475
20	44343983
20	44458008
20	44714497
20	44720789
20	44749042
20	45099429
20	45336636
20	45464644
20	45484017
20	45492530
20	45588987
20	36412885
20	45979984
20	46027473
20	46033774
20	46038601
20	46111557
20	46141027
20	46175377
20	46273787
20	10690430
20	1155512
20	11021884
20	11048057
20	11805458
20	11928203
20	12108317
20	12351800
20	12552364
20	12997869
20	13005538
20	13116664
20	211156
20	13266921
20	13400343
20	1427846
20	13790099
20	14050746
20	1505267
20	14430092
20	14439910
20	14581381
20	14588112
20	15090053
20	15116059
20	15379421
20	15394479
20	15487536
20	15855085
20	15888430
20	16000193
20	16590821
20	17360027
20	17424402
20	17462717
20	17473657
20	17680098
20	18299616
20	18412855
20	19067279
20	19071892
20	20053411
20	20247899
20	282210
20	20780963
20	20875611
20	2197239
20	21501546
20	22623812
20	22772205
20	22906619
20	23040960
20	23547899
20	24286012
20	24320930
20	24375944
20	24506264
20	24659280
20	24985372
20	25084882
20	3053402
20	3450493
20	3471800
20	3737559
20	4060181
20	4066839
20	4092723
20	4321110
20	4590832
20	545256
20	4952613
20	5311542
20	641181
20	5964470
20	6156663
20	6161934
20	6675133
20	6912547
20	6960033
20	6972182
20	7071686
20	7252921
20	7771719
20	7825421
20	8638627
20	8796403
20	8959817
20	9344622
20	9589122
20	9646831
20	9685247
20	10119515
20	10173796
20	10209019
20	10243658
20	10276955
20	10314920
20	1115473
20	10683868
20	10724359
20	1149237
20	10812913
20	10927055
20	10951370
20	10992191
20	11097606
20	11098557
20	11170589
20	1191144
20	1199578
20	11297107
20	11323563
20	11571380
20	11592157
20	11619323
20	11759160
20	11801750
20	11878765
20	11966213
20	12002156
20	12010530
20	12249175
20	12459822
20	12553970
20	205764
20	12946818
20	13049142
20	13244004
20	13325739
20	13349267
20	13540281
20	13751166
20	13799740
20	1463110
20	13969624
20	14147930
20	14383181
20	14418865
20	14486351
20	14536574
20	14581700
20	14595802
20	14725242
20	14733811
20	14764577
20	14859856
20	15058869
20	15273515
20	15284255
20	15294236
20	15334879
20	15419062
20	15441984
20	15455111
20	15506720
20	15526326
20	15591082
20	15674197
20	15918755
20	15921654
20	15942363
20	16018181
20	16034518
20	16049192
20	16052975
20	16093565
20	1688390
20	16189366
20	16222025
20	16345220
20	16573901
20	16591956
20	16600246
20	16608358
20	16624365
20	16654903
20	16662727
20	16763266
20	16815644
20	16864049
20	17059314
20	17202839
20	17366162
20	17498659
20	17729114
20	17790959
20	17943570
20	18030254
20	1881774
20	18144163
20	18186430
20	18197580
20	18216088
20	18246052
20	18437267
20	18614464
20	18924811
20	18978847
20	19118391
20	19243943
20	19485263
20	19556210
20	19606761
20	19693911
20	19702801
20	19824567
20	2059653
20	20047528
20	20105354
20	20141954
20	20218096
20	20289369
20	20350006
20	2113658
20	20563492
20	99987
20	20758388
20	20878875
20	20880821
20	288365
20	21009986
20	21045868
20	2177480
20	2185781
20	2209288
20	2217224
20	21516761
20	21519277
20	2224492
20	2229884
20	21616599
20	22319397
20	22423013
20	22545748
20	22589862
20	22679757
20	22686250
20	2346771
20	2347049
20	22784039
20	22800361
20	22823271
20	2360328
20	22892616
20	22899677
20	22918940
20	22932354
20	22966616
20	23022033
20	23030641
20	23128565
20	23139129
20	23147692
20	23163433
20	23203850
20	23288305
20	23560917
20	23577629
20	23587281
20	23842209
20	23857868
20	24111411
20	2495985
20	24314713
20	24349479
20	2520986
20	24748178
20	2546864
20	24821872
20	24837444
20	24879281
20	2560438
20	25040301
20	25114273
20	25336720
20	25382421
20	25520186
20	25572991
20	2636989
20	2644474
20	2730140
20	2889049
20	2998282
20	3065416
20	3090252
20	404254
20	3916367
20	3954119
20	3966609
20	3976976
20	4052856
20	4337653
20	4349436
20	4381944
20	4680489
20	4750713
20	4754434
20	4770647
20	4807484
20	557603
20	4936087
20	5144973
20	5150922
20	5265528
20	5312480
20	5313273
20	5337556
20	5349136
20	5507998
20	5545386
20	5726902
20	5747591
20	652315
20	6020506
20	6026370
20	6044939
20	680149
20	6109150
20	6181368
20	6271891
20	6351338
20	6472335
20	721926
20	6519649
20	726115
20	6585908
20	6657583
20	6705779
20	6851638
20	6921503
20	6947973
20	6997449
20	7003509
20	7048224
20	7065565
20	791971
20	7309072
20	7391172
20	7394247
20	7516272
20	7525780
20	7658056
20	864158
20	8075129
20	889913
20	8229070
20	8463477
20	8547238
20	164772
20	8631786
20	935220
20	165212
20	8707742
20	88108
20	973721
20	9063970
20	9169134
20	993795
20	1009136
20	9390214
20	9482607
20	9488014
20	9494273
20	9499210
20	9532528
20	9647260
20	9706356
20	9798005
20	9818415
20	9898518
20	32338263
20	32416407
20	32535244
20	32653223
20	32965907
20	31402449
20	33152998
20	31417628
20	33446456
20	33741162
20	35710706
20	31737804
20	32011688
20	32157410
20	32232109
20	32318611
20	32607549
20	32652417
20	32762102
20	32898245
20	32972181
20	32984632
20	33060058
20	33077127
20	33120912
20	33127031
20	33187273
20	33318007
20	33394021
20	33430009
20	31437063
20	31439755
20	33522398
20	33781548
20	33836254
20	31481425
20	33962697
20	34041516
20	34207220
20	34325728
20	31537656
20	34522237
20	34582948
20	34978919
20	35118208
20	31611840
20	35211477
20	35321981
20	35583402
20	31675867
20	31721594
20	31805081
20	31863080
20	31926358
20	31990664
20	32069816
20	32073782
20	32116887
20	32159255
20	32196013
20	61626965
20	61700303
20	61862995
20	61983285
20	62457638
20	62479128
20	61498270
20	61641004
20	61661895
20	61701338
20	61721678
20	61428019
20	61989339
20	61995492
20	62139469
20	62232970
20	62239398
20	62269636
20	62280495
20	62560654
20	62768210
20	63093264
20	63121782
20	63136222
20	63162426
20	63417301
20	64086577
20	64137876
20	64278555
20	62843211
20	62889831
20	62896026
20	62671938
20	63037011
20	63075398
20	63081166
20	63107034
20	63148134
20	63187398
20	63195172
20	63208233
20	63226200
20	62705007
20	63377623
20	63522433
20	63553332
20	63604795
20	47012292
20	47091305
20	47206364
20	47297983
20	47343433
20	47474653
20	47771191
20	49209350
20	37621257
20	49416596
20	49480944
20	49517245
20	49609478
20	49842825
20	49999166
20	37701716
20	50219938
20	50741410
20	51014081
20	51026391
20	51355979
20	52031925
20	52104151
20	52227278
20	52809095
20	53053833
20	53314415
20	53733353
20	53772627
20	54176813
20	54218449
20	54429091
20	54456362
20	54825645
20	54947298
20	54975868
20	55181259
20	55215117
20	55790646
20	56187072
20	56247032
20	56265243
20	57097488
20	57327367
20	57359857
20	57698151
20	57738000
20	57845764
20	57921296
20	58068533
20	58773356
20	58827048
20	58893423
20	60209440
20	60257474
20	60463601
20	60816880
20	61004384
20	61023112
20	61148101
20	40119326
20	40564766
20	41264726
20	41688623
20	42005122
20	42017943
20	42147984
20	42170248
20	42175706
20	42324768
20	42337514
20	42540158
20	37007920
20	43429176
20	43586834
20	43714208
20	43937937
20	43959439
20	43995327
20	44042793
20	44130925
20	44412951
20	44659446
20	45060233
20	37242695
20	46374435
20	46380688
20	46387008
20	46392465
20	46404898
20	46452277
20	46524202
20	47001518
20	47018960
20	47111119
20	47126702
20	47251197
20	47305027
20	47325548
20	47479397
20	47501089
20	47512735
20	47627680
20	47657164
20	47773035
20	47774844
20	47789277
20	47866379
20	48142382
20	48258047
20	48351416
20	48352433
20	48379098
20	48416159
20	48524983
20	48542348
20	48595903
20	48637310
20	48667486
20	48681001
20	48704291
20	48739525
20	48915999
20	49493651
20	49512460
20	49533150
20	49730014
20	49743078
20	49767457
20	37678485
20	50114516
20	50133963
20	50140923
20	50147021
20	50186832
20	50207883
20	50227756
20	37714276
20	50432712
20	50506896
20	50594349
20	50685963
20	50871796
20	50880231
20	50892638
20	50965173
20	50987986
20	51020297
20	51102028
20	51125403
20	51178323
20	51196888
20	51289190
20	51420670
20	51564733
20	51566701
20	51591497
20	51673508
20	51767140
20	51821034
20	51902419
20	51911512
20	51970164
20	52033338
20	52095807
20	52124928
20	52137720
20	52341298
20	52433778
20	52471706
20	52526756
20	52601820
20	52722512
20	52756394
20	52784043
20	52924927
20	53017425
20	53200346
20	53282825
20	53496984
20	53542607
20	53572426
20	53805477
20	53814963
20	53847814
20	53886265
20	53895258
20	54146792
20	54480077
20	54543640
20	54551441
20	54614953
20	54730700
20	54827541
20	54858717
20	54982679
20	54995601
20	55002731
20	55558028
20	55797016
20	55842271
20	55875198
20	56140030
20	56145754
20	56157098
20	56186878
20	56271715
20	56366084
20	56378228
20	56393583
20	56466401
20	56475280
20	56574805
20	56766625
20	56936846
20	56972640
20	57086776
20	57348031
20	57885338
20	57913065
20	58052496
20	58177939
20	58289961
20	58373793
20	58620413
20	58631557
20	58722163
20	58799188
20	58853882
20	58957375
20	59145568
20	59159446
20	59275880
20	59400015
20	59430928
20	59491097
20	59517541
20	59525807
20	59638327
20	60150434
20	60160207
20	60178756
20	60234455
20	60251643
20	60319365
20	60371231
20	60559660
20	60652241
20	60766425
20	60987482
20	61019010
20	61030068
20	61074808
20	61114244
20	61222512
20	61238858
20	61261333
20	39317545
20	39445431
20	39462320
20	40006331
20	40205993
20	40453668
20	40639545
20	40734080
20	40849893
20	36813896
20	41379842
20	41411649
20	41654704
20	42067428
20	42146936
20	42324274
20	42402432
20	42593840
20	42600098
20	42604668
20	42605461
20	42640681
20	42674886
20	42752575
20	42783393
20	43160661
20	43219638
20	43319272
20	43384041
20	43580794
20	43694879
20	43720682
20	43759829
20	43933720
20	43944403
20	44071601
20	44079827
20	44164045
20	44193199
20	44306745
20	44382705
20	44531256
20	44864276
20	45105930
20	45138279
20	45268722
20	45273371
20	45279657
20	45324290
20	45568620
20	37251206
20	37251805
20	37253053
20	37259121
20	37263755
20	45795204
20	46202025
20	46222131
20	10087840
20	10244102
20	10683776
20	11007451
20	11034056
20	11065971
20	11316692
20	11766780
20	12638379
20	12654043
20	13075938
20	13239701
20	1405751
20	14419519
20	14497721
20	1558774
20	14936623
20	15422741
20	15653709
20	16453574
20	16953963
20	17565577
20	17890079
20	17899222
20	18028031
20	18039057
20	19460083
20	2066533
20	2067570
20	20823221
20	20862798
20	2169032
20	21710618
20	21725941
20	21968955
20	22429172
20	22611669
20	22888882
20	23093267
20	23179865
20	23193577
20	23231107
20	23278937
20	23942738
20	24302720
20	24621051
20	24709129
20	24720969
20	25046994
20	25375774
20	25465692
20	2651260
20	3147562
20	3239951
20	3553155
20	3973302
20	4431941
20	4604593
20	539053
20	654410
20	5877410
20	5931317
20	673547
20	6486163
20	6506001
20	738739
20	6682031
20	6989867
20	7141025
20	7272830
20	7281959
20	7477360
20	7646647
20	892634
20	8489234
20	8585135
20	8675133
20	8997416
20	9054363
20	9130986
20	9309179
20	1015189
20	1037414
20	9773913
20	9912414
20	10165831
20	10355133
20	10565587
20	10632096
20	10649224
20	10704314
20	10762376
20	10853430
20	10955925
20	10995193
20	11072242
20	11155266
20	11236775
20	11258595
20	11264680
20	11305669
20	11353929
20	11561984
20	11629806
20	11784561
20	1265034
20	12266520
20	12395533
20	12508929
20	12661505
20	13043482
20	13077648
20	13103438
20	13235610
20	13287689
20	13416874
20	14055883
20	1531627
20	14712443
20	228044
20	15076864
20	15130492
20	15430525
20	15528465
20	15558477
20	15713332
20	16221376
20	16245154
20	16257096
20	1702696
20	16336705
20	16624059
20	16627103
20	16648795
20	16666467
20	1775574
20	17323550
20	17763987
20	18112538
20	1916399
20	18921758
20	18960228
20	19214675
20	19311224
20	19513328
20	19696532
20	19942356
20	19951751
20	2079188
20	20085179
20	20308769
20	2153022
20	20991516
20	21017293
20	21724252
20	2247587
20	21804312
20	2277924
20	2288297
20	22271637
20	22331141
20	22539504
20	22574692
20	22580965
20	22834360
20	309613
20	23129016
20	23153159
20	23170927
20	23236957
20	23466696
20	23519911
20	23553241
20	23753573
20	23767497
20	24055032
20	24066026
20	24074905
20	2489678
20	24292808
20	24402463
20	24458612
20	24464519
20	24512028
20	24558863
20	24577252
20	24643138
20	24653168
20	2537179
20	24865596
20	25096330
20	25121506
20	25341452
20	25459842
20	25506741
20	25585849
20	25607771
20	2822427
20	361877
20	2914334
20	396582
20	3378656
20	3417272
20	3430922
20	417284
20	444453
20	3764013
20	3788592
20	451088
20	4105111
20	120058
20	4169303
20	512186
20	4470717
20	4864908
20	4883869
20	4942051
20	4961039
20	5178399
20	5184857
20	5205819
20	5344826
20	5346422
20	5356766
20	5493777
20	5528459
20	5584945
20	6035294
20	6058746
20	6127317
20	708893
20	6440084
20	6468031
20	6476614
20	6560115
20	6710194
20	6767281
20	6892599
20	6927641
20	7032469
20	778672
20	7127395
20	7189144
20	7497418
20	7670726
20	7703222
20	7881820
20	863090
20	8106934
20	8119820
20	8356766
20	8472804
20	8501116
20	8528811
20	8594686
20	8609872
20	8645635
20	8911953
20	8936311
20	8942172
20	8993715
20	9040373
20	9075173
20	9142911
20	9156777
20	1003530
20	9439799
20	9440536
20	9668586
20	9718379
20	1049592
20	9782681
20	9821022
20	9964010
20	10006761
20	32580075
20	33216565
20	31468308
20	31727481
20	31753272
20	31759765
20	32031879
20	32225986
20	31325049
20	31332596
20	32422519
20	32512461
20	32517586
20	32546830
20	32558430
20	32566171
20	32573953
20	32586080
20	32630459
20	31373844
20	32911037
20	33031491
20	33161919
20	33216627
20	33237744
20	33273759
20	31419910
20	33302369
20	33368248
20	33427701
20	31444268
20	31487475
20	31494685
20	31571501
20	34977366
20	31597063
20	35142584
20	31666970
20	36149115
20	31272881
20	31783926
20	31796487
20	31962773
20	31979874
20	32017756
20	32032829
20	32084126
20	32117878
20	32177785
20	62482391
20	61718449
20	62331766
20	62386215
20	61483867
20	61578746
20	61707504
20	61882443
20	61901734
20	62119085
20	62160042
20	62245392
20	63760260
20	64027911
20	64070782
20	63115991
20	62698782
20	63755534
20	63778535
20	63870366
20	63904388
20	63958517
20	62792725
20	62816407
20	63107995
20	63154307
20	63173912
20	63214926
20	63383645
20	63460989
20	63557677
20	46636266
20	46749980
20	46915037
20	47277392
20	47561657
20	48435141
20	48525749
20	49156038
20	37602042
20	49181116
20	49632845
20	49643666
20	49757259
20	50127259
20	50288310
20	50500620
20	50758705
20	51001010
20	51313368
20	51501762
20	51502303
20	51694702
20	51931758
20	51984361
20	52186489
20	52814447
20	53271799
20	53428767
20	53699634
20	53899954
20	53939438
20	53945384
20	54002395
20	54328828
20	55680786
20	55964120
20	56722431
20	56836015
20	57104684
20	57187891
20	57216292
20	57480577
20	57747673
20	57942467
20	57981090
20	58201905
20	58241864
20	58272760
20	59243584
20	59262845
20	59615102
20	59692715
20	59977070
20	38771344
20	60954143
20	60995315
20	61184733
20	39461838
20	39954023
20	40892977
20	41255831
20	41649956
20	42500314
20	43991445
20	44097565
20	44875665
20	45115588
20	45776008
20	45853232
20	45986330
20	46327011
20	46903483
20	47220582
20	47506445
20	47757891
20	47953827
20	48025319
20	48045937
20	48079289
20	48325153
20	48415361
20	48464600
20	48491735
20	48762262
20	48888160
20	49646312
20	50048337
20	50061514
20	50083114
20	50087433
20	50178876
20	50261703
20	50390015
20	50477252
20	50535739
20	50586427
20	50651390
20	50698153
20	51216819
20	51252815
20	51789433
20	51796611
20	52002592
20	52009390
20	37896974
20	52118642
20	52238632
20	52281264
20	52501338
20	52534846
20	52638671
20	37950376
20	52845818
20	53032485
20	53060877
20	53146840
20	53167312
20	53251838
20	53264500
20	53566036
20	53751361
20	53766245
20	53797409
20	53839906
20	53929634
20	54020216
20	54077085
20	54130185
20	54723817
20	54738588
20	54942135
20	55038892
20	55162438
20	55603739
20	55996540
20	56152674
20	56173092
20	56232239
20	56388905
20	56487691
20	56679998
20	38358698
20	57052351
20	57114838
20	57153818
20	57222001
20	57249419
20	57249704
20	57341294
20	57477772
20	57536558
20	57627681
20	57642093
20	57809229
20	57814278
20	57860285
20	58458328
20	58618493
20	58689850
20	58902035
20	59342634
20	59394909
20	59463753
20	59547994
20	59775732
20	59784472
20	60395377
20	60457341
20	60481136
20	60541523
20	60610430
20	38759219
20	60811573
20	60890359
20	60926514
20	60933755
20	61011507
20	61054325
20	61063800
20	61175517
20	61275796
20	61305810
20	39045324
20	39060585
20	39111911
20	39232096
20	39314976
20	39329615
20	39540334
20	36686764
20	40109343
20	40255548
20	40266369
20	40605583
20	40646963
20	40869046
20	41034202
20	41335690
20	41661822
20	41706629
20	41835324
20	42047064
20	42136199
20	42300333
20	42438864
20	42449603
20	42574253
20	42800347
20	42983785
20	43199497
20	43245277
20	43615363
20	44021632
20	44049190
20	44141864
20	44155091
20	44175136
20	44206125
20	44681610
20	44742612
20	44780477
20	44985184
20	45125777
20	45144527
20	45819653
20	10870626
20	1204694
20	11492528
20	11757071
20	11835015
20	12015619
20	12675202
20	1356010
20	12868272
20	12907672
20	12965021
20	13203604
20	13339810
20	13458246
20	13890293
20	14573099
20	14677718
20	15027824
20	15182619
20	15642171
20	15795882
20	15797701
20	15813794
20	15979298
20	16172865
20	16207547
20	17062698
20	17209546
20	17298877
20	17442466
20	17486387
20	17710761
20	17808883
20	18043403
20	18077534
20	1946869
20	18781070
20	18908918
20	18914649
20	19002330
20	1977499
20	19114590
20	19470679
20	20249037
20	2190984
20	21412561
20	22328589
20	22617653
20	23110863
20	23147024
20	23419492
20	2420585
20	23713676
20	24570771
20	24771590
20	104167
20	24970850
20	25245556
20	25551986
20	25600788
20	3010914
20	4266459
20	4469284
20	4479307
20	4489235
20	4539636
20	4911113
20	5413141
20	5478378
20	5674427
20	5779392
20	5828370
20	6013842
20	6185841
20	6249923
20	6352647
20	6417545
20	734531
20	145888
20	7014183
20	7699400
20	7767235
20	862295
20	8058002
20	8058023
20	8072904
20	8252475
20	8260990
20	8311010
20	8714116
20	8731476
20	8859507
20	9050982
20	9383930
20	9565907
20	9666186
20	9674685
20	10096212
20	10197003
20	10283267
20	10326978
20	10339548
20	10398823
20	1123370
20	10669706
20	10728523
20	10794627
20	1172286
20	1178160
20	11311633
20	11329861
20	11425215
20	11535770
20	11561641
20	11577351
20	11772154
20	11858153
20	11925905
20	11984663
20	12607957
20	12682443
20	13581834
20	13601829
20	13618058
20	13829067
20	13833963
20	13847270
20	1481506
20	14495629
20	14801038
20	14909565
20	15191192
20	15778716
20	15786082
20	15795625
20	15796605
20	15816013
20	15893843
20	15896382
20	15973156
20	16094116
20	16187666
20	16417432
20	16443451
20	1723468
20	1734802
20	16678803
20	16679257
20	16703133
20	16716820
20	1747818
20	1798411
20	17282070
20	1820137
20	17610028
20	17746578
20	18406000
20	18409485
20	1943088
20	18762284
20	18790226
20	18825402
20	19118441
20	19334619
20	19416693
20	19446878
20	19611960
20	2043283
20	19954863
20	20053322
20	2108052
20	2140582
20	20968220
20	21093787
20	2201040
20	21491588
20	21503328
20	21507248
20	21523359
20	21545162
20	2246787
20	22379470
20	22552024
20	22641664
20	22646320
20	22670000
20	22691782
20	22757667
20	2357808
20	22960786
20	23087162
20	23199352
20	23322026
20	23382799
20	23425499
20	23866372
20	23987114
20	24142349
20	24152215
20	24333421
20	2508885
20	24386254
20	24447649
20	24583681
20	24857174
20	25016501
20	328818
20	25078806
20	25135000
20	25203830
20	25532900
20	25558850
20	25848249
20	2896486
20	2902301
20	2920894
20	3036642
20	3043424
20	3113529
20	3209336
20	82603
20	3744061
20	4058980
20	4065091
20	4075009
20	4131385
20	4186587
20	4272281
20	4304846
20	4398224
20	4450254
20	4554639
20	4561330
20	4585769
20	4597434
20	4611069
20	4666866
20	4736616
20	4801454
20	4930189
20	5211942
20	5349439
20	5362739
20	612664
20	5493650
20	621978
20	5522985
20	5616630
20	5713072
20	5790273
20	5812277
20	5832242
20	6342010
20	6492476
20	744556
20	6761268
20	751100
20	6933970
20	771488
20	7219270
20	7245836
20	7562329
20	7585194
20	7600814
20	7614841
20	7708546
20	7796829
20	7876057
20	7918799
20	8025227
20	8027519
20	8061682
20	8305644
20	8507440
20	8657586
20	8665030
20	8669592
20	953670
20	8859110
20	967266
20	9020207
20	988249
20	9301590
20	9339218
20	9476285
20	9605226
20	9796313
20	32304631
20	32368199
20	32883507
20	33112589
20	33262842
20	33296263
20	34731584
20	31255379
20	31748588
20	31904834
20	32263518
20	32294357
20	32348613
20	32384492
20	32412537
20	32424558
20	32449070
20	32541007
20	32641590
20	32658860
20	32781154
20	32815962
20	31377425
20	32863545
20	33183287
20	33251252
20	33323681
20	33738709
20	33812107
20	33926580
20	33968766
20	33986094
20	31856177
20	31898585
20	31935677
20	32104232
20	32124203
20	32183280
20	32195856
20	32200228
20	61536687
20	61541551
20	62466811
20	61576244
20	61371301
20	61396230
20	61680852
20	61781074
20	61808646
20	62108303
20	62174127
20	62198979
20	62251748
20	3028129
20	49790590
20	58227835
20	43665973
20	12790163
20	2874820
20	62352356
20	856057
20	4405838
20	51464723
20	55588440
20	1745610
20	1860599
20	46481695
20	10488582
20	10545028
20	48130560
20	49767147
20	64209721
20	64261231
20	47291844
20	50470475
20	50545571
20	52611648
20	55725941
20	56629073
20	59525441
20	61343970
20	61344105
20	1127479
20	10906834
20	12083284
20	12088211
20	13059015
20	13721388
20	24421000
20	24843326
20	24850702
20	116481
20	6169930
20	7311956
20	9294838
20	10551807
20	49871942
20	13307724
20	6399375
20	3030542
20	15060715
20	33413486
20	32391785
20	32510186
20	32952715
20	32040764
20	4407807
20	3756848
20	62465895
20	10070180
20	10064201
20	49769944
20	12764262
20	55584096
20	10077600
20	24963530
20	10110322
20	826235
20	49333298
20	2657933
20	2865643
20	49793866
20	12988752
20	42794816
20	10051765
20	36551093
20	62787130
20	410526
20	46735127
20	48183056
20	58367256
20	60575827
20	60591936
20	8422212
20	8415290
20	8377357
20	8372902
20	22217353
20	1491762
20	52662292
20	19013408
20	31478553
20	50580393
20	7162350
20	63264557
20	48831423
20	11392911
20	7327169
20	8527957
20	189060
20	57632558
20	8099830
20	58469718
20	19234998
20	17004956
20	8829402
20	52268873
20	9368386
20	3166378
20	7935280
20	3184411
20	11898436
20	16204823
20	1022013
20	51773551
20	6220602
20	59672080
20	54751619
20	17771366
20	14341234
20	49337232
20	39881734
20	35528453
20	56882575
20	39538874
20	58046256
20	44688014
20	18794591
20	7039220
20	55070928
20	17650928
20	33168162
20	3228426
20	62408917
20	23992557
20	32959312
20	15541990
20	33277891
20	24341847
20	3862380
20	20025724
20	5552207
20	34871324
20	41365553
20	54765207
20	19703392
20	45782248
20	31615679
20	44201051
20	47085292
20	6949931
20	7516356
20	2410583
20	42079297
20	39511457
20	13250695
20	22949705
20	44492741
20	49805143
20	11215869
20	5308692
20	5690524
20	32073408
20	3016135
20	63318793
20	55763945
20	384103
20	10720147
20	38958199
20	15596312
20	37245212
20	12409951
20	42780424
20	53881298
20	62678718
20	56608558
20	31542720
20	53422177
20	59678383
20	1202916
20	24384241
20	6214479
20	2709476
20	12213776
20	48838199
20	17364936
20	46715536
20	53888742
20	43225036
20	63365549
20	13915853
20	19098649
20	32636213
20	47360213
20	24280442
20	52201222
20	17954627
20	9454064
20	58727119
20	10498291
20	20839520
20	50301883
20	31622461
20	17582037
20	62444168
20	8877100
20	1962905
20	7856067
20	46470380
20	2634462
20	51223353
20	6176098
20	10621756
20	17783112
20	24144511
20	59235083
20	31918870
20	38163094
20	1338649
20	2380379
20	43610828
20	62145908
20	44998055
20	20038503
20	46087095
20	21731384
20	37253578
20	47817437
20	60855253
20	59218138
20	10321685
20	9322460
20	19181915
20	17019725
20	42157801
20	6304430
20	12194999
20	37317836
20	5650401
20	42256036
20	19809251
20	52110356
20	63754126
20	44857300
20	57851145
20	57312667
20	14134176
20	5807725
20	16339637
20	22447646
20	48227077
20	62420607
20	20134689
20	60027698
20	33745375
20	60085991
20	12614724
20	7271705
20	8987448
20	41383113
20	32944847
20	52658926
20	8255169
20	8170615
20	5267647
20	57760234
20	7707154
20	59411230
20	41920710
20	38886690
20	46978254
20	43202407
20	58994761
20	51359264
20	4219948
20	8579516
20	8823120
20	24038797
20	43877452
20	1676208
20	61396128
20	9736826
20	329830
20	50562384
20	3154008
20	22590542
20	43184802
20	45112882
20	17761294
20	6256271
20	56616693
20	59269248
20	4025748
20	59589856
20	51352965
20	48219845
20	22582019
20	43257437
20	3893715
20	756408
20	60397142
20	61035531
20	14836372
20	1902223
20	24158523
20	6262546
20	24470965
20	39616003
20	33205198
20	3712192
20	14765347
20	2820155
20	53443528
20	32252695
20	21512064
20	17807200
20	42621455
20	48810928
20	52617108
20	33827283
20	38381281
20	44179269
20	45322392
20	50054598
20	372441
20	51372398
20	11827967
20	43556896
20	21509513
20	25226438
20	44406053
20	42081350
20	37998608
20	51485666
20	15568678
20	59405854
20	63570431
20	59388647
20	33235824
20	60831581
20	21708481
20	16014713
20	44148322
20	63946260
20	32978321
20	48818502
20	38426138
20	56915135
20	702972
20	63305944
20	1324628
20	3695387
20	1906938
20	63790269
20	44628087
20	43063615
20	23149591
20	62387568
20	54066815
20	62836448
20	42472134
20	9317611
20	7706704
20	42687851
20	17477029
20	47265215
20	42931754
20	50806064
20	8814859
20	44130194
20	19483030
20	12652207
20	43835333
20	11990037
20	45284677
20	51582187
20	60900234
20	60927462
20	58558600
20	11483579
20	51323689
20	23446011
20	52399635
20	16428572
20	16859193
20	52207112
20	15341060
20	8457979
20	42582106
20	54187953
20	43493812
20	48289794
20	19687567
20	60022255
20	17088386
20	10954766
20	11534901
20	57470228
20	50621890
20	8690654
20	11091433
20	8434752
20	8430075
20	16022580
20	16013764
20	16002406
20	16065880
20	16065034
20	16047228
20	16074627
20	10638366
20	39665454
20	54357019
20	54341477
20	45079656
20	49469295
20	49650254
20	11810446
20	11872507
20	21470853
20	22147916
20	22161957
20	22166887
20	22205955
20	22261698
20	38444448
20	38537715
20	5718913
20	5709763
20	5703816
20	5668243
20	5697112
20	830064
20	19741463
20	19743399
20	19746632
20	40869123
20	57827923
20	50711565
20	10511631
20	63486165
20	60753845
20	54758714
20	8140450
20	46626048
20	24863616
20	41851751
20	50953258
20	5475628
20	47782746
20	47944950
20	50860297
20	51573431
20	50280667
20	62439380
20	9333294
20	17168540
20	4573604
20	25149759
20	9826588
20	54433734
20	37137934
20	47987834
20	45867691
20	4312519
20	48099110
20	5313815
20	44755830
20	18964415
20	53516131
20	8723792
20	48353103
20	20367609
20	56908992
20	2024551
20	16513259
20	53114652
20	35054677
20	3899481
20	1645761
20	45092821
20	33274097
20	49818099
20	24368054
20	38326632
20	15693331
20	61742073
20	61315530
20	11015656
20	16334333
20	53286244
20	9025806
20	57918114
20	57900952
20	39276788
20	52224790
20	5663538
20	63201448
20	22866466
20	56832803
20	44641361
20	25137760
20	51530532
20	51470226
20	21013197
20	42331781
20	19015481
20	20384582
20	35559009
20	63505066
20	11039457
20	16432119
20	44249338
20	53307958
20	15273405
20	10834034
20	46342572
20	11992285
20	53995333
20	15332077
20	33049603
20	24916468
20	51300035
20	8362897
20	57949899
20	47865829
20	64080700
20	24694969
20	31916727
20	715026
20	6233587
20	31777397
20	4000009
20	11157071
20	10078424
20	47068506
20	50380057
20	42312558
20	59995769
20	2213671
20	23652139
20	4067374
20	54102016
20	60874310
20	38622519
20	40221125
20	23053919
20	4536150
20	16498483
20	23701496
20	23525583
20	15838850
20	31508010
20	31817754
20	24409517
20	21719977
20	51382801
20	10806264
20	3424075
20	40399796
20	54577657
20	52645356
20	53159301
20	54150268
20	16392170
20	47183212
20	2398314
20	10186893
20	2672138
20	45478815
20	8274481
20	55811889
20	62470518
20	4358250
20	4905147
20	44453011
20	42841710
20	62460934
20	48358183
20	47189212
20	23785640
20	20967401
20	14322635
20	62717609
20	64016855
20	64034196
20	64053527
20	63952431
20	63967462
20	63967788
20	63972848
20	63978413
20	63910065
20	61181515
20	61182167
20	55939751
20	8865757
20	1516977
20	11144516
20	8901976
20	50460356
20	3058469
20	43056233
20	23832981
20	60638826
20	60036351
20	21513744
20	21513546
20	21512380
20	43673731
20	48166660
20	48159120
20	48158716
20	48158559
20	4222155
20	23108239
20	23114649
20	23125447
20	23161018
20	23177765
20	23187595
20	12784976
20	12762370
20	12842127
20	26244509
20	60586946
20	60598272
20	60621417
20	60626945
20	50718106
20	46513194
20	46604394
20	46517836
20	2319962
20	38617315
20	17101707
20	17103424
20	17150624
20	17178431
20	48198398
20	48208229
20	48212554
20	32851549
20	52709178
20	52633277
20	24205928
20	62774238
20	62775724
20	62781114
20	10532583
20	10538816
20	3133034
20	24247037
20	24239605
20	24081314
20	55656048
20	12764624
20	59757570
20	3107364
20	12826368
20	52696769
20	52646830
20	56550898
20	25394038
20	22958408
20	47140567
20	63247598
20	39070610
20	58183927
20	21803493
20	2236711
20	43828848
20	40868199
20	17152836
20	57834646
20	16267808
20	1029036
20	31520730
20	32526676
20	43746792
20	16027993
20	51437653
20	58161618
20	63467943
20	17361701
20	58715790
20	60492041
20	46560541
20	10675439
20	40657831
20	47212407
20	48566472
20	24734908
20	24764892
20	53082650
20	33707735
20	5486294
20	5486417
20	57415370
20	763183
20	34704973
20	17953042
20	55887337
20	4216551
20	51055409
20	62415019
20	23645109
20	33205263
20	3011800
20	56391393
20	17556667
20	19906819
20	60111312
20	49104555
20	13279605
20	1363163
20	16127725
20	17736182
20	20415152
20	50291503
20	50338887
20	50358010
20	25538452
20	52889869
20	57946598
20	57842671
20	24809768
20	55977125
20	63639552
20	58021561
20	58075673
20	33312969
20	42383624
20	42383881
20	43574597
20	58905878
20	54087064
20	41897924
20	42724382
20	44074557
20	24348438
20	50415335
20	48719029
20	51544919
20	49413473
20	24730591
20	18292908
20	43101263
20	733818
20	33086765
20	63276267
20	48234518
20	33231983
20	40011438
20	14115734
20	56287724
20	60605715
20	9608549
20	42350790
20	50516532
20	39245170
20	15893680
20	51363670
20	1439691
20	11556624
20	1871747
20	62453930
20	56735517
20	60784474
20	874297
20	958880
20	61672494
20	61718613
20	24872092
20	9929649
20	62224743
20	50257840
20	4148407
20	59779783
20	47045608
20	46802826
20	61657931
20	38292351
20	9970031
20	6435485
20	6194417
20	50675526
20	15627936
20	47336743
20	25614487
20	54880335
20	42527689
20	1657932
20	10926389
20	53033409
20	42982682
20	19782004
20	3400902
20	58833371
20	1285759
20	44706933
20	33614973
20	43062165
20	57760685
20	12917973
20	22859379
20	2835057
20	52421298
20	42655755
20	40043876
20	44135077
20	18321385
20	57061232
20	42651675
20	58540390
20	15408301
20	46692436
20	24742018
20	55669577
20	11209609
20	1515827
20	42714787
20	44014289
20	46765581
20	40581664
20	8163993
20	45614737
20	17042585
20	57081266
20	45157695
20	32093740
20	42762680
20	45704413
20	25677109
20	17346159
20	14357847
20	33269522
20	14886582
20	8330815
20	53063663
20	54694876
20	7203988
20	56673474
20	16926144
20	11816417
20	10770563
20	47922335
20	41902686
20	7301743
20	9788334
20	11387132
20	20977146
20	9575134
20	52893325
20	10993024
20	42628816
20	16580558
20	3984407
20	58580516
