21	29006524
21	30282836
21	30598756
21	32656706
21	33904008
21	36072862
21	38402616
21	39274386
21	39406227
21	41992879
21	42772512
21	14288548
21	17796581
21	32631104
21	33546309
21	36038155
21	36045581
21	36245695
21	36288017
21	37420384
21	37472686
21	37472689
21	37472703
21	37472704
21	37472758
21	37472767
21	37472770
21	37472788
21	37472806
21	37472824
21	37472827
21	37472854
21	37472860
21	37472863
21	37472878
21	37478220
21	37478253
21	37478256
21	37478277
21	37478286
21	37478298
21	37480653
21	37480656
21	37480659
21	37480662
21	37480668
21	37480671
21	37480677
21	37480680
21	37480698
21	37480701
21	37480704
21	37480710
21	37480758
21	37480764
21	37480767
21	37480770
21	37480774
21	37480775
21	37480788
21	37480801
21	37480809
21	37480821
21	37480824
21	37486473
21	37486491
21	37486494
21	37486497
21	37486501
21	37486502
21	37486512
21	37486521
21	37486527
21	37486530
21	37486545
21	37486551
21	37486557
21	37486563
21	37486572
21	37486584
21	37486596
21	37486602
21	37490181
21	37490183
21	37490201
21	37490215
21	37490225
21	37490253
21	37490258
21	37490273
21	37490286
21	37490300
21	37490309
21	37490312
21	37490320
21	37490348
21	37490368
21	37490375
21	37490381
21	37490398
21	37490446
21	37490447
21	37490451
21	37490456
21	37493023
21	37493032
21	37493056
21	37493068
21	37493099
21	37493100
21	37493112
21	37493122
21	37493134
21	37493137
21	37493161
21	37496124
21	37496133
21	37496142
21	37496178
21	37496193
21	37496196
21	37496205
21	37496208
21	37496212
21	37496227
21	37496228
21	37496235
21	37496238
21	37496244
21	37496253
21	37505283
21	37505298
21	37505307
21	37505325
21	37505331
21	37505337
21	37505340
21	37505352
21	37505364
21	37505392
21	37505394
21	37505400
21	37505436
21	37505442
21	37505448
21	37505466
21	37505481
21	37505484
21	37505496
21	37505541
21	37505544
21	37505550
21	37505557
21	37505578
21	37506108
21	37506128
21	37506138
21	37506152
21	37506191
21	37506205
21	37506206
21	37506221
21	37511917
21	37511920
21	37511942
21	37511943
21	37511953
21	37511965
21	37511977
21	37511992
21	37511995
21	37512019
21	37512022
21	37512097
21	37512100
21	37512103
21	37512110
21	37512166
21	37512178
21	37512236
21	37512280
21	37512308
21	37512316
21	37512319
21	37512325
21	37512344
21	37512367
21	37512370
21	37512385
21	37512400
21	37512439
21	37512442
21	37512460
21	37512472
21	37512475
21	37512478
21	37512493
21	37512501
21	37512505
21	37512508
21	37512527
21	39181862
21	44399307
21	46125580
21	42123004
21	44290897
21	37562297
21	37118795
21	14472731
21	21317024
21	42416077
21	38801604
21	37368522
21	15444732
21	31545981
21	27372037
21	31068221
21	18065834
21	25630065
21	39751374
21	15440233
21	15432901
21	34985564
21	44289270
21	41476908
21	42000446
21	28476849
21	14967968
21	39093252
21	43025182
21	27324157
21	15542586
21	15696847
21	16673913
21	19164331
21	19675727
21	21294656
21	21537795
21	22259356
21	23770802
21	26093038
21	27293028
21	28768699
21	31072166
21	31912988
21	32008727
21	32012873
21	34318486
21	36512989
21	37083636
21	37560476
21	38919816
21	39008323
21	39093608
21	39991851
21	40803034
21	41139991
21	44195140
21	43028608
21	29678497
21	39097594
21	42286991
21	46025877
21	42602683
21	29805194
21	38635780
21	29861677
21	44227538
21	43359800
21	43348682
21	14838870
21	38480628
21	41807559
21	22826494
21	34507774
21	30843934
21	38684499
21	44195678
21	32328116
21	28102877
21	30013925
21	25272769
21	27362678
21	34279939
21	34226827
21	14109044
21	14144627
21	14144655
21	14152600
21	14165268
21	14166380
21	14185981
21	14186042
21	14186047
21	14189114
21	14189149
21	14189302
21	14206875
21	14219647
21	14219709
21	14221151
21	14221164
21	14224451
21	14226962
21	14227033
21	14227145
21	14227246
21	14227264
21	14227265
21	14373904
21	14373990
21	14374098
21	14374185
21	14374201
21	14381291
21	14381316
21	14381318
21	14381534
21	14486000
21	14486090
21	14500705
21	14510425
21	14510426
21	14516908
21	14964781
21	14964790
21	14964890
21	14964958
21	14965443
21	14965642
21	14965785
21	14965818
21	14965819
21	14965915
21	14965938
21	14965992
21	14966036
21	14966047
21	14966062
21	14966122
21	14966493
21	14966623
21	14966637
21	14966724
21	14966787
21	14966851
21	14966872
21	14967027
21	14967215
21	14967249
21	14967459
21	14967476
21	14967531
21	14967577
21	14967877
21	14968084
21	14968087
21	15762901
21	15778014
21	15805128
21	15824992
21	15826310
21	15831422
21	15831489
21	15842415
21	15864355
21	15877814
21	15877925
21	15878305
21	15878377
21	17565440
21	17565660
21	17598789
21	17609049
21	17609117
21	17793516
21	17795264
21	17796661
21	17796695
21	17796696
21	17796816
21	17796838
21	18262799
21	18262847
21	18270025
21	18270030
21	18270124
21	18275253
21	18278990
21	18279024
21	18281169
21	18281172
21	18294273
21	18297801
21	18312975
21	18315181
21	18315188
21	18315200
21	18332105
21	18332173
21	18341466
21	18343504
21	18343594
21	18343630
21	18344030
21	18352948
21	18353037
21	18353809
21	18353821
21	18359847
21	18359863
21	18365206
21	18383723
21	18383735
21	18398245
21	18398281
21	18403579
21	21280586
21	21284316
21	21286349
21	21335567
21	21338529
21	21432109
21	21509014
21	21509029
21	21537908
21	21537928
21	25585733
21	25592835
21	25592962
21	25599822
21	25601407
21	25603836
21	25603837
21	25606478
21	25606491
21	25606494
21	25606567
21	25606638
21	25607456
21	25607463
21	25607474
21	25639842
21	25689934
21	25698706
21	25698830
21	25702198
21	25705984
21	25705993
21	25706011
21	25712374
21	25729703
21	25734940
21	25745230
21	25762340
21	25769216
21	25891795
21	25891805
21	25897620
21	25905059
21	25911810
21	25911840
21	25911855
21	25911899
21	25911961
21	25954597
21	25975070
21	25997359
21	26021879
21	26022001
21	26051070
21	26090072
21	26112146
21	26468565
21	26480320
21	26480322
21	26480349
21	26480415
21	26566265
21	26566311
21	26572937
21	26837670
21	26837750
21	26838049
21	26838138
21	26838216
21	26838535
21	26838611
21	26839601
21	26839672
21	26839724
21	26840001
21	26840060
21	26840469
21	26842382
21	26842592
21	26842607
21	26842655
21	26844276
21	26844279
21	26844543
21	26844725
21	26924165
21	26924240
21	26924369
21	26924404
21	26930036
21	26932893
21	26933005
21	26943442
21	26954740
21	26965407
21	26965464
21	26965979
21	26965988
21	26966106
21	26966130
21	26966205
21	28878251
21	28878273
21	28883025
21	28885246
21	28885272
21	28885276
21	28885330
21	28936580
21	28936694
21	28946227
21	28952208
21	28953247
21	28953263
21	28956819
21	28958402
21	28958461
21	28959545
21	28959613
21	28959633
21	28960559
21	28960589
21	28966798
21	28966912
21	28966992
21	28967105
21	28969483
21	28969569
21	28970611
21	28970670
21	28970681
21	28971324
21	28984718
21	28984801
21	29006515
21	29006560
21	29006617
21	29007862
21	29008002
21	29008038
21	29008061
21	29008239
21	29008453
21	29008582
21	29008620
21	29019223
21	29036349
21	29037410
21	29038417
21	29042014
21	29042079
21	29042472
21	29046718
21	29046994
21	29046998
21	29047085
21	29047142
21	29047223
21	29047234
21	29053824
21	29054077
21	29061315
21	29061555
21	29062160
21	29062213
21	29062373
21	29063514
21	29066892
21	29066989
21	29067014
21	29069454
21	29092473
21	29092545
21	29092557
21	29149208
21	29321291
21	29321336
21	29321438
21	29326276
21	29326425
21	29326427
21	29326553
21	29326677
21	29326725
21	29326764
21	29326816
21	29327216
21	29327239
21	29327316
21	29342757
21	29537319
21	29553607
21	29553628
21	29553655
21	29553703
21	29591128
21	29591159
21	29651249
21	29651285
21	29673162
21	29689772
21	29689776
21	29689926
21	29689955
21	29939449
21	30166011
21	30166040
21	30166143
21	30166364
21	30166374
21	30166376
21	30166386
21	30166493
21	30215279
21	30215302
21	30215475
21	30215541
21	30215553
21	30215636
21	30215762
21	30282186
21	30282320
21	30282491
21	30282512
21	30282599
21	30282790
21	30282796
21	30289373
21	30319474
21	30319512
21	30319668
21	30319675
21	30319726
21	30319785
21	30319855
21	30319959
21	30320021
21	30320028
21	30337142
21	30337184
21	30337203
21	30337361
21	30337373
21	30337385
21	30337413
21	30337422
21	30337508
21	30337567
21	30337617
21	30348470
21	30348566
21	30348569
21	30348587
21	30348593
21	30371723
21	30371744
21	30371969
21	30372047
21	30372156
21	30372177
21	30396165
21	30396176
21	30396253
21	30396576
21	30396603
21	30425533
21	30430285
21	30430303
21	30430313
21	30430441
21	30430450
21	30430553
21	30430561
21	30430562
21	30430595
21	30430736
21	30440445
21	30440454
21	30440587
21	30440698
21	30440734
21	30487255
21	30487264
21	30487336
21	30491780
21	30491945
21	30496950
21	30496962
21	30496968
21	30496978
21	30501883
21	30501906
21	30501922
21	30502017
21	30541694
21	30541700
21	30561132
21	30561192
21	30561268
21	30592478
21	30592551
21	30592570
21	30592578
21	30592674
21	30592740
21	30601206
21	30613744
21	30613844
21	30616477
21	30616528
21	30616534
21	30718590
21	30718608
21	30746992
21	30747129
21	30747177
21	30755278
21	30813034
21	30829517
21	30829548
21	30829633
21	30881046
21	30881134
21	30881149
21	30881194
21	30881220
21	30881292
21	30881310
21	30881442
21	31038263
21	31038278
21	31038281
21	31038376
21	31120439
21	31120443
21	31120498
21	31120528
21	31120537
21	31120553
21	31120738
21	31120744
21	31120802
21	31127135
21	31141355
21	31141492
21	31152755
21	31154329
21	31154350
21	31154389
21	31154398
21	31164991
21	31182535
21	31182571
21	31187006
21	31187051
21	31195267
21	31202945
21	31217570
21	31217587
21	31217609
21	31217662
21	31223461
21	31225817
21	31245630
21	31245654
21	31251881
21	31266015
21	31266071
21	31266233
21	31266234
21	31266326
21	31266363
21	31266485
21	31266647
21	31266852
21	31266881
21	31266906
21	31667290
21	31671502
21	31671566
21	31671669
21	31671758
21	31671824
21	31685151
21	31685407
21	31688434
21	31694214
21	31694852
21	31694980
21	31696160
21	31696668
21	31696684
21	31924675
21	31958854
21	31983563
21	31990151
21	31995878
21	31995946
21	31998643
21	31998810
21	31998822
21	31998912
21	31998927
21	31998982
21	31999129
21	32270497
21	32274829
21	32274849
21	32278825
21	32278851
21	32278986
21	32298989
21	32306681
21	32311711
21	32311724
21	32311793
21	32311866
21	32311985
21	32314601
21	32314646
21	32316888
21	32317808
21	32319217
21	32319236
21	32319400
21	32321914
21	32325266
21	32337130
21	32338757
21	32338817
21	32347034
21	32347046
21	32347187
21	32347742
21	32349333
21	32350817
21	32353956
21	32355449
21	32355451
21	32355472
21	32363296
21	32366662
21	32366739
21	32372604
21	32375475
21	32383478
21	32457685
21	32495098
21	32495137
21	32514918
21	32515005
21	32515045
21	32515173
21	32576826
21	32576841
21	32576842
21	32576920
21	32578758
21	32578822
21	32582292
21	32604213
21	32604237
21	32604268
21	32609853
21	32609946
21	32609976
21	32612167
21	32631044
21	32631194
21	32631476
21	32631582
21	32631620
21	32631801
21	32639077
21	32639730
21	32639773
21	32639778
21	32641904
21	32643457
21	32646435
21	32650278
21	32656885
21	32664963
21	32665046
21	32665968
21	32673365
21	32673463
21	32673520
21	32685836
21	32687042
21	32726813
21	32744823
21	32748582
21	32750940
21	32793879
21	32793986
21	32794084
21	32794156
21	32794168
21	32794169
21	32794214
21	32794319
21	33026905
21	33070946
21	33241945
21	33241950
21	33243672
21	33243682
21	33246821
21	33248819
21	33248833
21	33252671
21	33252707
21	33252714
21	33252732
21	33260620
21	33260699
21	33262686
21	33262923
21	33263059
21	33263128
21	33263426
21	33263496
21	33268417
21	33268475
21	33268483
21	33276637
21	33279808
21	33279862
21	33283143
21	33283240
21	33288184
21	33288220
21	33335562
21	33341082
21	33341106
21	33341168
21	33345300
21	33349091
21	33349168
21	33349218
21	33349221
21	33349418
21	33349476
21	33349511
21	33353713
21	33414987
21	33415005
21	33421581
21	33426908
21	33426910
21	33426937
21	33427015
21	33432231
21	33432323
21	33432716
21	33455737
21	33455743
21	33465392
21	33488279
21	33488370
21	33488405
21	33488465
21	33488466
21	33488526
21	33488587
21	33488789
21	33488847
21	33488892
21	33488993
21	33489050
21	33489053
21	33489137
21	33504526
21	33505596
21	33505651
21	33509824
21	33509881
21	33509890
21	33509911
21	33517358
21	33517390
21	33517416
21	33517420
21	33517527
21	33517581
21	33520417
21	33520537
21	33524806
21	33524887
21	33524974
21	33531555
21	33532391
21	33534717
21	33534718
21	33539269
21	33549563
21	33549728
21	33549770
21	33549865
21	33550209
21	33550238
21	33550333
21	33550358
21	33550498
21	33550901
21	33550985
21	33551311
21	33551441
21	33551812
21	33551839
21	33551842
21	33551861
21	33552149
21	33552244
21	33552283
21	33552325
21	33552487
21	33552538
21	33552557
21	33552730
21	33552839
21	33552893
21	33552998
21	33553139
21	33553258
21	33553363
21	33553436
21	33553447
21	33553459
21	33553630
21	33553694
21	33553737
21	33553814
21	33553954
21	33554431
21	33554741
21	33554851
21	33576380
21	33576381
21	33578393
21	33578422
21	33579367
21	33579502
21	33583533
21	33583560
21	33583616
21	33584623
21	33584658
21	33586037
21	33588328
21	33591207
21	33595799
21	33597303
21	33621997
21	33624712
21	33781510
21	33799835
21	33813968
21	33813986
21	33814053
21	33819282
21	33867258
21	33903603
21	33903610
21	33903627
21	33909096
21	33909117
21	33909168
21	33909192
21	33915733
21	34095346
21	34096100
21	34096269
21	34096306
21	34096613
21	34096869
21	34096894
21	34096910
21	34097141
21	34125432
21	34142449
21	34142472
21	34142562
21	34370503
21	34370518
21	34370639
21	34370648
21	34385548
21	34385596
21	34385617
21	34449310
21	34449493
21	34449523
21	34449528
21	34521627
21	34521637
21	34521652
21	34523581
21	34707355
21	34707978
21	34708726
21	34709495
21	34716340
21	34716366
21	34716372
21	34887027
21	34887039
21	36036193
21	36036228
21	36036232
21	36038179
21	36038182
21	36043847
21	36043910
21	36043932
21	36045694
21	36045710
21	36046003
21	36057138
21	36070336
21	36070360
21	36071051
21	36072631
21	36072638
21	36135249
21	36137888
21	36137926
21	36146292
21	36146381
21	36146408
21	36146462
21	36164799
21	36164866
21	36200369
21	36208773
21	36208786
21	36208788
21	36212008
21	36212016
21	36214448
21	36225578
21	36227851
21	36227876
21	36230457
21	36230516
21	36230571
21	36230730
21	36230817
21	36230898
21	36230947
21	36231128
21	36232962
21	36232966
21	36233014
21	36237335
21	36237368
21	36239950
21	36245138
21	36245215
21	36245236
21	36245333
21	36245425
21	36245426
21	36245590
21	36245882
21	36245950
21	36245987
21	36246004
21	36246048
21	36246050
21	36246208
21	36246232
21	36246328
21	36246442
21	36246460
21	36246598
21	36247522
21	36247570
21	36247616
21	36248548
21	36253782
21	36253811
21	36270020
21	36277074
21	36278045
21	36278075
21	36278240
21	36278276
21	36280308
21	36281484
21	36288016
21	36289107
21	36338786
21	36362218
21	36364150
21	36369010
21	36369611
21	36369748
21	36372411
21	36372527
21	36386218
21	36387659
21	36413314
21	36415321
21	36416343
21	36461208
21	36461290
21	36461335
21	36461380
21	36461455
21	36461511
21	36461566
21	36461685
21	36709180
21	36709200
21	36719822
21	36719872
21	36719894
21	36719900
21	36731151
21	36743388
21	36744738
21	36745007
21	36745173
21	36745184
21	36754253
21	36754356
21	36756630
21	36756663
21	36765020
21	36765053
21	36765164
21	36896941
21	36897057
21	36930377
21	36930397
21	36936496
21	36936544
21	36936611
21	36936728
21	36936812
21	36936813
21	36936818
21	36936972
21	36936986
21	36937001
21	36937021
21	36937077
21	36937159
21	36937212
21	36937312
21	36937378
21	37017873
21	37017920
21	37017926
21	37017977
21	37018029
21	37018062
21	37018108
21	37018118
21	37018119
21	37018125
21	37018144
21	37065607
21	37065651
21	37065706
21	37067271
21	37067340
21	37072464
21	37072563
21	37072581
21	37094044
21	37121973
21	37122985
21	37124710
21	37126081
21	37148647
21	37151972
21	37156685
21	37164100
21	37165622
21	37165716
21	37165989
21	37166017
21	37166115
21	37166121
21	37166127
21	37185741
21	37188496
21	37188523
21	37188565
21	37191385
21	37191424
21	37195684
21	37195708
21	37195781
21	37195882
21	37195951
21	37195958
21	37200278
21	37201477
21	37201516
21	37201547
21	37227657
21	37227805
21	37228280
21	37228300
21	37232385
21	37233393
21	37240615
21	37493086
21	37493131
21	37506287
21	37506296
21	37511915
21	37512001
21	37512137
21	37512349
21	37512410
21	37715000
21	38120311
21	38120349
21	38121138
21	38121191
21	38121222
21	38299277
21	38299527
21	38299553
21	38299554
21	38299575
21	38299940
21	38300271
21	38402573
21	38403667
21	38423521
21	38575662
21	38575684
21	38814278
21	38814873
21	38818484
21	38818503
21	38818580
21	38821672
21	38822863
21	39175629
21	39178470
21	39178608
21	39179951
21	39179961
21	39179972
21	39180412
21	39180415
21	39180436
21	39181792
21	39181807
21	39183348
21	39196527
21	39196602
21	39196839
21	39196845
21	39196921
21	39197176
21	39198811
21	39198904
21	39198964
21	39199072
21	39199215
21	39199237
21	39199300
21	39199320
21	39199333
21	39199487
21	39200260
21	39200330
21	39200356
21	39200360
21	39200378
21	39202379
21	39202508
21	39206142
21	39206150
21	39218272
21	39218506
21	39229333
21	39229397
21	39232279
21	39247831
21	39258522
21	39258548
21	39270284
21	39276182
21	39278744
21	39295885
21	39345273
21	39348335
21	39348336
21	39348559
21	39348568
21	39380433
21	39391778
21	39391828
21	39393205
21	39393220
21	39405974
21	39406099
21	39406256
21	39406354
21	39406379
21	39410059
21	39410072
21	39410091
21	39410094
21	39410277
21	39420770
21	39420796
21	39423019
21	39423067
21	39423128
21	39423181
21	39423288
21	39423394
21	39423420
21	39423482
21	39428375
21	39428422
21	39428445
21	39428447
21	39451910
21	39451989
21	39452043
21	39452055
21	39499871
21	39499883
21	39499884
21	39511681
21	39511719
21	39511744
21	39660813
21	39660889
21	39660990
21	39660999
21	39661053
21	39765580
21	39765618
21	39765636
21	39765708
21	39765760
21	39765762
21	39770965
21	39771005
21	39771069
21	39771091
21	39771143
21	39779165
21	39779195
21	39779236
21	39779239
21	39779276
21	39788172
21	39793535
21	39793539
21	39801263
21	39801295
21	39801355
21	40013194
21	40042493
21	40044192
21	40044236
21	40078729
21	40078850
21	40085671
21	40085691
21	40087278
21	40093866
21	40124314
21	40189118
21	40189136
21	40276164
21	40276184
21	40296147
21	40312240
21	40338119
21	40353480
21	40353576
21	40353698
21	40353703
21	41179256
21	41179570
21	41179613
21	41241879
21	41275445
21	41322943
21	41322994
21	41345712
21	41345735
21	41347025
21	41347084
21	41348652
21	41348690
21	41376937
21	41376962
21	41377007
21	41377025
21	41377094
21	41377123
21	41377154
21	41380103
21	41382422
21	41382427
21	41382556
21	41390601
21	41397692
21	41398951
21	41398969
21	41399310
21	41406927
21	41408141
21	41436028
21	41439708
21	41441779
21	41443804
21	41445495
21	41446003
21	41446091
21	41446123
21	41446135
21	41449295
21	41452652
21	41452675
21	41458541
21	41458602
21	41458670
21	41467734
21	41468467
21	41470696
21	41471807
21	41471883
21	41476619
21	41479230
21	41480570
21	41489560
21	41494370
21	41494374
21	41494401
21	41494472
21	41494512
21	41494541
21	41740854
21	41740870
21	41741185
21	41741197
21	41741308
21	41741437
21	41741950
21	41741995
21	41743977
21	41756584
21	41756670
21	41756734
21	41766953
21	41767007
21	41801323
21	41801539
21	41801637
21	41810835
21	41815763
21	41821991
21	41825980
21	41826010
21	41835497
21	41839652
21	41839802
21	41847168
21	41854581
21	41854584
21	41859164
21	41859220
21	41861564
21	41861600
21	41861658
21	41861981
21	41861999
21	41871509
21	41871514
21	41871532
21	41871602
21	41879334
21	41889302
21	41899071
21	41899076
21	41899316
21	41901654
21	41905754
21	41907058
21	41907088
21	41907701
21	41918151
21	41918193
21	41918201
21	41918940
21	41942160
21	41953413
21	41991062
21	41991442
21	41991523
21	41991965
21	41992531
21	41992739
21	41992744
21	41992882
21	41993110
21	41993209
21	41993342
21	41993350
21	41993444
21	41993470
21	41993522
21	41993542
21	41993714
21	41993939
21	42076138
21	42076173
21	42076196
21	42076220
21	42076230
21	42076249
21	42084084
21	42084101
21	42084131
21	42084159
21	42084176
21	42084188
21	42085326
21	42085390
21	42088357
21	42088397
21	42090327
21	42098949
21	42098955
21	42099058
21	42099144
21	42099163
21	42102277
21	42103908
21	42103934
21	42103947
21	42104079
21	42109639
21	42109666
21	42110898
21	42110899
21	42110931
21	42110966
21	42110975
21	42111138
21	42111154
21	42111384
21	42111443
21	42111458
21	42111522
21	42111541
21	42111549
21	42111559
21	42111621
21	42113687
21	42113748
21	42113803
21	42115876
21	42115878
21	42115879
21	42119111
21	42119177
21	42119183
21	42121088
21	42121094
21	42122865
21	42122948
21	42123083
21	42123151
21	42126363
21	42126399
21	42127007
21	42127037
21	42127055
21	42127145
21	42127209
21	42127746
21	42127817
21	42137474
21	42137517
21	42137552
21	42137588
21	42137597
21	42137609
21	42137615
21	42225678
21	42225699
21	42276899
21	42284561
21	42287949
21	42287987
21	42288312
21	42313518
21	42315361
21	42315364
21	42315382
21	42347486
21	42347614
21	42349991
21	42350896
21	42350938
21	42350951
21	42363309
21	42363351
21	42366423
21	42366431
21	42366445
21	42366465
21	42372764
21	42375720
21	42375754
21	42375787
21	42376575
21	42380123
21	42380208
21	42383058
21	42383100
21	42385484
21	42388436
21	42388458
21	42388502
21	42388518
21	42388934
21	42388935
21	42388971
21	42388980
21	42388983
21	42389012
21	42389971
21	42389975
21	42395379
21	42403967
21	42403997
21	42404027
21	42409496
21	42409543
21	42409584
21	42409585
21	42409608
21	42413100
21	42413171
21	42413411
21	42413499
21	42418534
21	42418570
21	42426766
21	42432137
21	42434948
21	42437492
21	42437560
21	42443317
21	42443337
21	42443346
21	42443365
21	42444603
21	42447180
21	42472829
21	42472841
21	42475905
21	42475916
21	42476033
21	42476042
21	42476045
21	42477291
21	42477335
21	42477368
21	42485740
21	42486386
21	42486463
21	42493025
21	42493036
21	42493049
21	42496176
21	42518462
21	42518503
21	42534740
21	42535534
21	42543542
21	42559021
21	42559049
21	42564791
21	42565845
21	42565848
21	42686222
21	42697476
21	42698974
21	42699010
21	42731859
21	42731860
21	42751150
21	42751172
21	42759002
21	42762177
21	42762180
21	42762234
21	42765382
21	42765490
21	42769075
21	42769106
21	42770791
21	42772464
21	42850065
21	42850105
21	42850119
21	42852264
21	42852279
21	42853703
21	42853748
21	42855719
21	42859703
21	42873634
21	42879426
21	42879494
21	42893344
21	42896955
21	42897046
21	42903320
21	42903325
21	42903380
21	42903610
21	42903704
21	42903838
21	42903847
21	42903967
21	42904123
21	42904219
21	42904255
21	42904262
21	42904278
21	42909001
21	43010109
21	43013093
21	43016969
21	43016996
21	43018138
21	43018156
21	43053893
21	43058201
21	43058837
21	43058862
21	43058919
21	43060481
21	43060514
21	43062988
21	43063051
21	43063074
21	43065269
21	43066290
21	43066294
21	43066353
21	43068521
21	43068529
21	43072048
21	43072061
21	43072142
21	43169149
21	43169253
21	43172093
21	43172222
21	43416867
21	43416890
21	43416920
21	43417675
21	43418451
21	43419195
21	43419383
21	43419878
21	43420267
21	43420325
21	43420331
21	43420416
21	43426088
21	43529804
21	43529824
21	43529849
21	43613946
21	43630424
21	43633387
21	43659773
21	43676857
21	43684608
21	43686905
21	43687681
21	43687885
21	43688082
21	43688163
21	43688217
21	43690313
21	43690435
21	43691448
21	43691502
21	43743730
21	43746124
21	43753600
21	43755722
21	43755723
21	43774318
21	43774705
21	43791359
21	43791417
21	43797658
21	43797922
21	43798049
21	43798055
21	43798092
21	43798098
21	43800593
21	43800602
21	43802358
21	43803517
21	43803643
21	43959772
21	43959835
21	43968009
21	43970676
21	43971391
21	44063662
21	44063717
21	44063775
21	44074409
21	44077727
21	44079598
21	44082898
21	44082928
21	44082963
21	44082989
21	44083000
21	44083048
21	44083240
21	44083258
21	44086862
21	44087850
21	44089905
21	44092023
21	44094093
21	44094141
21	44103377
21	44103445
21	44109038
21	44113772
21	44113815
21	44113839
21	44114188
21	44114671
21	44114701
21	44114749
21	44115313
21	44115358
21	44115800
21	44117938
21	44117940
21	44118798
21	44118804
21	44120472
21	44120644
21	44120645
21	44120701
21	44120728
21	44121081
21	44122191
21	44122260
21	44122345
21	44124645
21	44124692
21	44126092
21	44126110
21	44126914
21	44128030
21	44128085
21	44128327
21	44128556
21	44130611
21	44130617
21	44133714
21	44134139
21	44136079
21	44137197
21	44137208
21	44143305
21	44143324
21	44144866
21	44144884
21	44144893
21	44230071
21	44230086
21	44231333
21	44231391
21	44231436
21	44235353
21	44236873
21	44236891
21	44236899
21	44236966
21	44236977
21	44237037
21	44249041
21	44250887
21	44250907
21	44254699
21	44256114
21	44256127
21	44258557
21	44258654
21	44259506
21	44259516
21	44259682
21	44261226
21	44286593
21	44287012
21	44287127
21	44287550
21	44287574
21	44287591
21	44288354
21	44288366
21	44288401
21	44288405
21	44289743
21	44289759
21	44289773
21	44289797
21	44290861
21	44291077
21	44291116
21	44291123
21	44291197
21	44293015
21	44293832
21	44293909
21	44294411
21	44296386
21	44313022
21	44313106
21	44313116
21	44313984
21	44314011
21	44316254
21	44316302
21	44323006
21	44323805
21	44324584
21	44325182
21	44326057
21	44326184
21	44326219
21	44326728
21	44330830
21	44330842
21	44331843
21	44331860
21	44331883
21	44331889
21	44331931
21	44331939
21	44331990
21	44333056
21	44333234
21	44353707
21	44353732
21	44353843
21	44353846
21	44364116
21	44364140
21	44364266
21	44364281
21	44366767
21	44366787
21	44366826
21	44375845
21	44375880
21	44375929
21	44375994
21	44379013
21	44379021
21	44379049
21	44379134
21	44379135
21	44382733
21	44382737
21	44382739
21	44390912
21	44391460
21	44391528
21	44395424
21	44395448
21	44395489
21	44395514
21	44395542
21	44397766
21	44397844
21	44397875
21	44399394
21	44399413
21	44400289
21	44400313
21	44401699
21	44401798
21	44405220
21	44405916
21	44405934
21	44405936
21	44405972
21	44406660
21	44406688
21	44406705
21	44406764
21	44413906
21	44413932
21	44413966
21	44413981
21	44417954
21	44418450
21	44418500
21	44418522
21	44424868
21	44424897
21	44425685
21	44425768
21	44425778
21	44425816
21	44426661
21	44426693
21	44426694
21	44435157
21	44435162
21	44435171
21	44435196
21	44435216
21	44439118
21	44439130
21	44439131
21	44439134
21	44439165
21	44440831
21	44440883
21	44441746
21	44441762
21	44456777
21	44456810
21	44456901
21	44456969
21	44457345
21	44457404
21	44457408
21	44499799
21	44499814
21	44499878
21	44504858
21	44509263
21	44509277
21	44509385
21	44521883
21	44521921
21	44522062
21	44525651
21	44525765
21	44525804
21	44525821
21	44527300
21	44527335
21	44527498
21	44528481
21	44528482
21	44529915
21	44529920
21	44531087
21	44533812
21	44533862
21	44533863
21	44533872
21	44533884
21	44533890
21	44539442
21	44550737
21	44551037
21	44551452
21	44567918
21	44567919
21	44567937
21	44568000
21	44573796
21	44580008
21	44591791
21	44592468
21	44601319
21	44601330
21	44601709
21	44612166
21	44612170
21	44612177
21	44612185
21	44612186
21	44612456
21	44612483
21	44612494
21	44612549
21	44627946
21	44628015
21	44637733
21	44637734
21	44637739
21	44637749
21	44637763
21	44637803
21	44647119
21	44658002
21	44658029
21	44658139
21	44658145
21	44666460
21	44666490
21	44666540
21	44666553
21	44666571
21	44666604
21	44682018
21	44682024
21	44682077
21	44697208
21	44711466
21	44711471
21	44771448
21	44773613
21	44806982
21	44856262
21	44861220
21	44861255
21	44865395
21	44886794
21	44888723
21	44889397
21	44889980
21	44891855
21	44891863
21	44893456
21	44894992
21	44900320
21	44900364
21	44900370
21	44900408
21	44900412
21	44901671
21	44903506
21	44906932
21	44907014
21	44943765
21	44943819
21	44960153
21	44967078
21	44973207
21	44976690
21	45185007
21	45204571
21	45265555
21	45265635
21	45267498
21	45267554
21	45267627
21	45267680
21	45269848
21	45269880
21	45269898
21	45270004
21	45282349
21	45282404
21	45283495
21	45285702
21	45285705
21	45285833
21	45455586
21	45455661
21	45455672
21	45455861
21	45455903
21	45455960
21	45456032
21	45456045
21	45456047
21	45456068
21	45456090
21	45456130
21	45456131
21	45468311
21	45468376
21	45468430
21	45468487
21	45468631
21	45468748
21	45473934
21	45475480
21	45476424
21	45476472
21	45477753
21	45479945
21	45480148
21	45482807
21	45490296
21	45491274
21	45492550
21	45492691
21	45494874
21	45494915
21	45497050
21	45504020
21	45504537
21	45505366
21	45505883
21	45505892
21	45507586
21	45510178
21	45510224
21	45510233
21	45510241
21	45511195
21	45511207
21	45512201
21	45512213
21	45512229
21	45512343
21	45515842
21	45515870
21	45515903
21	45516028
21	45516062
21	45525945
21	45530860
21	45530897
21	45530950
21	45531652
21	45537880
21	45913981
21	45941675
21	45982706
21	45982738
21	45984309
21	45984388
21	45984390
21	45984391
21	45990813
21	45990826
21	45991018
21	45991037
21	45992773
21	45992791
21	45998149
21	45998433
21	45999159
21	45999186
21	45999692
21	46002033
21	46002046
21	46002049
21	46002624
21	46003126
21	46003475
21	46003568
21	46003642
21	46003726
21	46003735
21	46003894
21	46003955
21	46112051
21	46112135
21	46112179
21	46112207
21	46112309
21	46112362
21	46112374
21	46112491
21	46112542
21	46114063
21	46115902
21	46117890
21	46118627
21	46119046
21	46119830
21	46121563
21	46121586
21	46122138
21	46122508
21	46122529
21	46125817
21	46125854
21	46125985
21	46126048
21	46126058
21	46126147
21	46126166
21	46126225
21	46128911
21	46129201
21	46129463
21	46131995
21	46132020
21	46132050
21	46132091
21	46132092
21	46132100
21	46132175
21	46132241
21	46132277
21	46132287
21	46132374
21	46132385
21	46132386
21	46132409
21	46132419
21	46132427
21	46132472
21	46132475
21	46132478
21	46132490
21	46132509
21	46132517
21	46132535
21	46136986
21	46137022
21	46137070
21	46138587
21	46138593
21	46138614
21	46138615
21	46138638
21	46138645
21	46138896
21	46145457
21	46146275
21	46150485
21	46150518
21	46150519
21	46151596
21	46151724
21	46151941
21	46151966
21	46152973
21	46152988
21	46161497
21	46161509
21	46161521
21	46161594
21	46161921
21	46162035
21	46162047
21	46168451
21	46168551
21	46182777
21	46191885
21	46194555
21	46194639
21	46206672
21	46206716
21	46215262
21	46215298
21	46215717
21	46215772
21	46216420
21	46216504
21	46219478
21	46219503
21	46219564
21	46221863
21	46221880
21	46222664
21	46222711
21	46222712
21	46228522
21	46235413
21	46236837
21	46240835
21	46240953
21	46242901
21	46243482
21	46243525
21	46243602
21	46245109
21	46245119
21	46245172
21	46246312
21	46246325
21	46246745
21	46246786
21	46246830
21	46246874
21	46251530
21	46254464
21	46254837
21	46264147
21	46265328
21	46265403
21	46266047
21	46266054
21	46266123
21	46275215
21	46277692
21	46277717
21	46280068
21	46283791
21	46283820
21	46283832
21	46284101
21	46284139
21	46284265
21	46284340
21	46284425
21	46284485
21	46284547
21	46284710
21	46284944
21	46285205
21	46285277
21	46287083
21	46291430
21	46291469
21	46297572
21	46297579
21	46297623
21	46302575
21	46311477
21	46314745
21	46315476
21	46315535
21	46318091
21	46318121
21	46318179
21	46318197
21	46318200
21	46322681
21	46322728
21	46326461
21	46334751
21	46334752
21	46346132
21	46346199
21	46346746
21	46346798
21	46346926
21	46346969
21	46346981
21	46349160
21	46353166
21	46353263
21	46354023
21	46355474
21	46355510
21	46355576
21	46357070
21	46357093
21	46357148
21	46357191
21	46363572
21	46363891
21	46363900
21	46366609
21	46366807
21	46366840
21	46367035
21	46367087
21	46385923
21	46385976
21	46388758
21	46388764
21	46388857
21	46389339
21	46390682
21	46391238
21	46391269
21	46391302
21	46397270
21	46397271
21	46397333
21	46397393
21	46397402
21	46398044
21	46398086
21	46398242
21	46399680
21	46399780
21	46401669
21	46401674
21	46401705
21	46401707
21	46402395
21	46402483
21	46411326
21	46411550
21	46411595
21	46411627
21	46411687
21	46411741
21	46411753
21	46411952
21	46412027
21	46412922
21	46412967
21	46412987
21	46416113
21	46416176
21	46416195
21	46416208
21	46416322
21	46416481
21	46416489
21	46416552
21	46416633
21	46416657
21	46416661
21	46416679
21	46416739
21	46418239
21	46418259
21	46418268
21	46421985
21	46422003
21	46422027
21	46422075
21	46422104
21	46425910
21	46425948
21	46425951
21	46425960
21	46427646
21	46427705
21	46428534
21	46428545
21	46428552
21	46428589
21	46430193
21	46430570
21	46431722
21	46431724
21	46431839
21	46431863
21	46431865
21	46431895
21	46432027
21	46432037
21	46432110
21	46432135
21	46432166
21	46432171
21	46435905
21	46436076
21	46436082
21	46436108
21	46436996
21	46438311
21	46438335
21	46440141
21	46441051
21	46442522
21	46442534
21	46443816
21	46443844
21	46443860
21	46443909
21	46443940
21	46444720
21	46490629
21	46498632
21	46498665
21	46498708
21	46498749
21	46504421
21	46509325
21	46511488
21	46511510
21	46511533
21	46529104
21	46532215
21	46534654
21	46538486
21	46545230
21	46545996
21	46546004
21	46546930
21	46546958
21	46549874
21	46549896
21	46549914
21	46550627
21	46550667
21	46550730
21	46551651
21	46551711
21	46551739
21	46554269
21	46554289
21	46556409
21	46557662
21	46566583
21	46643535
21	46643557
21	46643564
21	46644470
21	46658769
21	46658913
21	46661896
21	14224494
21	14374029
21	14521187
21	14964880
21	15827027
21	15833360
21	18383695
21	18383763
21	26842460
21	26965911
21	29038353
21	29042099
21	29047214
21	30165959
21	30166451
21	30372155
21	30430406
21	30480263
21	30718743
21	31225912
21	31990176
21	32337410
21	33488997
21	33550913
21	33550960
21	33552871
21	33554512
21	33579525
21	33603510
21	33750157
21	33775100
21	33782003
21	33811189
21	33914497
21	34385583
21	34716461
21	36146225
21	36225611
21	36230607
21	36246578
21	36461272
21	36754363
21	36936555
21	37198008
21	38299941
21	38575746
21	38818481
21	39187303
21	39198843
21	39423007
21	39661406
21	39661418
21	41179288
21	41380102
21	41403294
21	41432050
21	41437098
21	41441787
21	41445555
21	41458733
21	41494461
21	41494496
21	41740897
21	41810274
21	41837943
21	41861578
21	42126373
21	42389039
21	42443331
21	42447178
21	42751168
21	43053862
21	43068610
21	43419183
21	43644301
21	43688157
21	43800526
21	44087902
21	44091999
21	44117905
21	44313013
21	44330229
21	44366884
21	44369195
21	44369273
21	44390934
21	44418009
21	44439160
21	44457195
21	44528502
21	44612287
21	44888840
21	44890065
21	44891901
21	44910770
21	45492713
21	45505857
21	45990405
21	46124685
21	46132436
21	46136985
21	46137330
21	46151571
21	46151718
21	46168319
21	46235380
21	46240889
21	46254441
21	46267054
21	46291454
21	46297557
21	46347457
21	46349019
21	46351522
21	46353115
21	46402442
21	46411303
21	46411393
21	46412874
21	46551643
21	18326432
21	18353819
21	25698821
21	26930016
21	29006531
21	30166547
21	30491735
21	31266686
21	32319413
21	32347189
21	33552827
21	33903970
21	34143033
21	34799316
21	36072790
21	36239829
21	36245631
21	37017957
21	38299349
21	39298508
21	40189202
21	41357190
21	41458544
21	41802729
21	41821186
21	41847155
21	41992558
21	42225914
21	42383993
21	42416564
21	43420398
21	43633405
21	44120747
21	44366763
21	44437104
21	44567790
21	44567852
21	45277061
21	45532054
21	45537781
21	45929995
21	46265371
21	46354036
21	46391334
21	46428531
21	15066472
21	17848481
21	21284309
21	23724917
21	24571645
21	25603910
21	26142422
21	28734604
21	30216358
21	30491772
21	30755319
21	31924638
21	33573415
21	34786955
21	36072639
21	38814872
21	41741717
21	41741990
21	41934719
21	41942186
21	41942213
21	41993406
21	42090317
21	42281867
21	42382216
21	42731894
21	42771749
21	42879463
21	43789678
21	44082828
21	44086938
21	44114757
21	44128335
21	44364207
21	44425737
21	44457037
21	44457238
21	44509207
21	44899136
21	17753762
21	22308775
21	22865720
21	36389066
21	43314127
21	14837628
21	20266966
21	23102606
21	29116979
21	31596668
21	35273982
21	38600803
21	39336776
21	40921484
21	45348615
21	14280744
21	16636130
21	18878969
21	20431787
21	21710958
21	22552809
21	29851949
21	32460367
21	33987634
21	36077912
21	36580889
21	38416882
21	40053904
21	43445402
21	43956326
21	46562450
21	14012493
21	18190177
21	20001587
21	30801359
21	32356820
21	35155502
21	36896559
21	37911995
21	38206918
21	41395206
21	44038897
21	46275306
21	15628735
21	16282300
21	18196203
21	19611712
21	21167058
21	21951567
21	24435787
21	25795738
21	26653592
21	27402550
21	27963508
21	30798381
21	31143217
21	32096039
21	33003546
21	33516314
21	34448026
21	35563598
21	37055528
21	37527077
21	37822576
21	40675520
21	41524901
21	44316112
21	44914557
21	45997389
21	15165408
21	16237493
21	16505474
21	19035379
21	20383665
21	21489457
21	23984249
21	24266309
21	25482776
21	29195620
21	29738184
21	31115036
21	34872901
21	40545479
21	42039063
21	42668521
21	44622365
21	31668580
21	33578303
21	33579447
21	41458696
21	41741653
21	42076164
21	44287041
21	46244978
21	46363589
21	46443935
21	36576412
21	41357108
21	25764657
21	30501993
21	33549811
21	42564738
21	43418466
21	44128328
21	46431862
21	44287085
21	36070405
21	36135471
21	36135447
21	29728478
21	14968122
21	17796749
21	26924056
21	28882989
21	28970696
21	29039136
21	29048806
21	29329641
21	29553668
21	30215517
21	30337197
21	30372185
21	30396568
21	30616466
21	30718722
21	31124576
21	31690791
21	31924566
21	31983536
21	32741586
21	32759943
21	33488672
21	33488768
21	33488823
21	33506003
21	33509815
21	33517126
21	33528325
21	33531559
21	33573290
21	33581488
21	34097124
21	34370638
21	34523688
21	36043839
21	36043848
21	36045921
21	36071019
21	36146116
21	36230709
21	36281514
21	36372453
21	36756731
21	37072539
21	37132733
21	37164075
21	37200298
21	37506341
21	39178547
21	39187183
21	39199144
21	39390821
21	39393210
21	39410265
21	39423002
21	39428389
21	39661229
21	39792027
21	41406770
21	41437018
21	41443864
21	41494509
21	41861740
21	41991281
21	41993437
21	42115905
21	42225884
21	42291192
21	42388417
21	42477337
21	42896942
21	42897024
21	43676848
21	43800545
21	44260841
21	44337669
21	44364277
21	44525811
21	44528566
21	44787940
21	45171632
21	46138893
21	46242805
21	46245061
21	46272569
21	46286948
21	46389264
21	46416080
21	46664335
21	42219956
21	45510249
21	14291719
21	45423882
21	45421413
21	45420620
21	42296444
21	13297868
21	45456169
21	43209230
21	42287908
21	13471879
21	45420713
21	45468555
21	45424159
21	45421017
21	45468261
21	45512404
21	45512611
21	45424969
21	14291591
21	45473910
21	42201624
21	45420869
21	45422577
21	45515247
21	45420852
21	14300244
21	45512675
21	45421482
21	45480756
21	45530949
21	45455878
21	45482803
21	45492695
21	45422585
21	42206963
21	14288523
21	45513316
21	45476380
21	45419836
21	42273345
21	45420426
21	36146500
21	15879237
21	13843833
21	42296624
21	29244159
21	45478329
21	45421101
21	45420608
21	42199763
21	45525868
21	14301097
21	36070068
21	45419830
21	45420969
21	45420318
21	45422629
21	36073053
21	36072524
21	42294610
21	45424595
21	45515276
21	45515378
21	45419937
21	36072477
21	45532092
21	45512738
21	42271122
21	45421452
21	45515018
21	41569416
21	13472047
21	36072741
21	36070429
21	45513546
21	45476467
21	45425050
21	43453180
21	45424404
21	36146552
21	45507575
21	45419818
21	36146284
21	45473936
21	13843954
21	45480496
21	15888275
21	14274076
21	43209608
21	41452874
21	31667307
21	34709540
21	33488766
21	39452141
21	33488946
21	33856857
21	33489321
21	36756564
21	34449261
21	41494356
21	18294445
21	37087401
21	37164136
21	31663804
21	36402852
21	37140559
21	30541663
21	36756558
21	42903270
21	36036212
21	42442481
21	30166452
21	34370558
21	36756651
21	42426770
21	44894969
21	46363699
21	42382101
21	46285025
21	43656585
21	45478353
21	39779310
21	43071985
21	35048959
21	34370847
21	32638903
21	37065660
21	42906903
21	43774297
21	34370557
21	32383417
21	16765731
21	40428927
21	27223239
21	45878398
21	45333789
21	42033738
21	40293977
21	41599278
21	43171507
21	23423998
21	21125714
21	42479074
21	31359862
21	44755798
21	45631068
21	45608247
21	20411965
21	36306307
21	46306497
21	41832902
21	42110078
21	14801836
21	43619899
21	32401474
21	44902640
21	46071350
21	45612222
21	38568366
21	46383334
21	26488545
21	33222030
21	21978142
21	26713599
21	18244176
21	33169586
21	15646203
21	23794213
21	40586870
21	17372584
21	44952802
21	23874366
21	23557774
21	39251989
21	19274046
21	36111448
21	17324413
21	38565723
21	29399598
21	43405544
21	38588727
21	45726076
21	41760058
21	17206235
21	46329827
21	19328913
21	40308675
21	42301387
21	42394933
21	36110704
21	24528991
21	38461418
21	15650096
21	40424829
21	42333985
21	16845145
21	39095953
21	46550301
21	39914307
21	14870485
21	46403874
21	35313156
21	41947049
21	44647707
21	22810979
21	20707969
21	28815882
21	17213633
21	39887108
21	36491599
21	24543977
21	41030799
21	36644804
21	35606403
21	19899403
21	44130705
21	26701649
21	40123753
21	36944789
21	41623472
21	34820561
21	46662635
21	35883031
21	23914442
21	28055475
21	42973726
21	33966270
21	17849522
21	21508930
21	40834179
21	38988127
21	43372800
21	42689927
21	35503501
21	29695709
21	31297680
21	24579647
21	21011550
21	46404497
21	16007971
21	16919203
21	16784032
21	34443209
21	15064271
21	41210730
21	45724640
21	23898358
21	30773774
21	45368550
21	46162188
21	18044790
21	24066141
21	26651034
21	27175067
21	28583431
21	40625357
21	45309576
21	37994311
21	15078993
21	15532928
21	26789311
21	27802628
21	27210877
21	27233589
21	20709868
21	27092685
21	42797527
21	14492024
21	46429463
21	20404766
21	27238956
21	18120899
21	18129539
21	17579604
21	20797416
21	42033447
21	42034195
21	42077933
21	42082652
21	44900398
21	39906377
21	36242158
21	42737077
21	29585063
21	36741697
21	36701940
21	45909438
21	46155458
21	36271870
21	43451802
21	39906769
21	44555798
21	16191374
21	16281804
21	27336519
21	34094555
21	17779249
21	14469975
21	14483774
21	14484692
21	14489274
21	14768169
21	15075433
21	15214798
21	15828108
21	16289221
21	16455971
21	16770731
21	17667687
21	19589658
21	19651652
21	19994393
21	20708535
21	20712376
21	20732032
21	22719599
21	24470700
21	27234625
21	27235844
21	30009750
21	33128252
21	37859914
21	38910632
21	43471280
21	44756992
21	45618451
21	46483080
21	42038465
21	36499990
21	41856708
21	19575395
21	16823303
21	33137574
21	15573566
21	26423081
21	15223819
21	26481591
21	39321462
21	40824904
21	44583167
21	45610993
21	26413464
21	39728010
21	42676563
21	36261009
21	16402119
21	41726314
21	23730771
21	25966801
21	39805677
21	29824299
21	13453836
21	31439295
21	40429835
21	31318478
21	36112344
21	15573701
21	19882538
21	45550353
21	46142718
21	43323459
21	43412714
21	44906900
21	31424350
21	31369506
21	34294549
21	35796879
21	45476856
21	18296626
21	26738250
21	26729660
21	43345350
21	39624509
21	14900172
21	20707208
21	18203609
21	18208547
21	18108117
21	18681067
21	30667099
21	31154819
21	19998017
21	40896428
21	34070872
21	14901221
21	16047584
21	17776228
21	45790193
21	16304736
21	41704207
21	20686870
21	14469916
21	31162146
21	30843912
21	32109837
21	36299111
21	16175001
21	38459873
21	41183078
21	22137448
21	14848098
21	15501080
21	25933722
21	27778404
21	27165844
21	17347675
21	31293303
21	31322412
21	16795848
21	30160321
21	18253413
21	37984295
21	39871611
21	39726817
21	39787896
21	43328827
21	41944758
21	23438434
21	42339638
21	22662038
21	22819762
21	45343324
21	20020358
21	40961933
21	40909477
21	45595922
21	38461137
21	14941346
21	34997149
21	46404439
21	36499588
21	22545708
21	43211353
21	29777308
21	18826609
21	45620509
21	17829734
21	36266759
21	15488393
21	39010571
21	20567974
21	25106880
21	33582545
21	15003929
21	40185149
21	15971440
21	44532043
21	40436651
21	31359866
21	23721451
21	39078026
21	20356233
21	46169222
21	40404119
21	22167225
21	42786584
21	43436409
21	31198286
21	21918024
21	19764354
21	21680567
21	39938032
21	31340557
21	24333287
21	38424381
21	21104432
21	46562415
21	31382247
21	22740532
21	18344594
21	40168739
21	20808003
21	37041895
21	43298878
21	44905211
21	19338597
21	46137204
21	42724684
21	45324581
21	30625210
21	21974908
21	33169712
21	40029464
21	42737051
21	32411348
21	15626948
21	18086813
21	40665214
21	29406372
21	40692859
21	46093244
21	35324575
21	44725224
21	18246618
21	14913732
21	44909260
21	36641185
21	14477553
21	41654347
21	20999174
21	26838418
21	43301502
21	18347867
21	16764923
21	46153555
21	31000408
21	20308355
21	43408151
21	43165295
21	45001779
21	35697312
21	46137160
21	36669401
21	36627501
21	13555093
21	42734899
21	37337474
21	46539086
21	39897277
21	35817297
21	14080175
21	15077094
21	41949490
21	18350738
21	36113064
21	33130913
21	46548394
21	14477384
21	30916054
21	30706479
21	40184487
21	31043644
21	14902123
21	15101640
21	44701995
21	42672704
21	35097460
21	38931753
21	38335210
21	42203171
21	43324660
21	18273952
21	20845295
21	24747124
21	39896813
21	29947244
21	19304328
21	31810170
21	24863816
21	40881659
21	36689322
21	30623789
21	14286933
21	22251436
21	39126088
21	16968742
21	38375582
21	22961707
21	38657437
21	25447352
21	41603844
21	43889208
21	19193719
21	35485190
21	25652766
21	41070846
21	27101201
21	40952462
21	20983528
21	19475749
21	35629906
21	45376466
21	46472893
21	30245254
21	18344924
21	21085454
21	28590055
21	35948803
21	32033387
21	17859381
21	32943825
21	23304883
21	25743474
21	27277340
21	23615631
21	22170124
21	26071334
21	36267391
21	25852732
21	30900583
21	31667849
21	32147138
21	31866639
21	20358481
21	38480473
21	18328193
21	35969369
21	41548095
21	33002222
21	30088567
21	40441358
21	42741117
21	41250859
21	28122827
21	21418599
21	32648343
21	37132200
21	41138817
21	22198989
21	15139181
21	20963191
21	24474011
21	25763251
21	35301275
21	42618903
21	28872555
21	41452734
21	37201717
21	41798360
21	14964483
21	33297076
21	33437386
21	38301377
21	26353581
21	20294685
21	42350174
21	39005629
21	19601954
21	16966210
21	32010138
21	34366284
21	38977674
21	39649825
21	40891577
21	21069870
21	42386084
21	43750404
21	44707634
21	43718237
21	30245787
21	24130814
21	24457432
21	24516771
21	24806023
21	25376845
21	27196183
21	27927059
21	28743577
21	31724554
21	31911440
21	32038318
21	32829063
21	32867760
21	33078272
21	33108730
21	33212239
21	33991458
21	41569262
21	16688973
21	17302481
21	19677688
21	20049209
21	21516727
21	44715136
21	46300443
21	26795324
21	15275946
21	14119452
21	20864803
21	24426277
21	24426346
21	28371526
21	41705401
21	42106320
21	41876504
21	42715334
21	19010673
21	29401555
21	39963440
21	44683002
21	33658920
21	34594833
21	38824464
21	33238182
21	42110289
21	25592836
21	44801252
21	13297610
21	28634420
21	14285390
21	14300055
21	14304924
21	14308498
21	14309042
21	14720268
21	21768203
21	16443009
21	44771355
21	27284881
21	19143092
21	38098664
21	40910265
21	45959576
21	39077732
21	39583158
21	35689067
21	16744789
21	36269898
21	43052952
21	29018236
21	31547288
21	42415746
21	15249540
21	18754557
21	46356467
21	45621894
21	14122460
21	16988849
21	24727126
21	31099531
21	43567198
21	46543236
21	27089855
21	31696813
21	27360143
21	33812906
21	41569493
21	42692256
21	42409649
21	17169191
21	40143898
21	46283735
21	24593012
21	46448408
21	32010179
21	33387570
21	41701073
21	26873030
21	22887536
21	43630332
21	39710584
21	44949339
21	20920416
21	20499415
21	42402293
21	25725147
21	30574712
21	43179099
21	35444054
21	44625466
21	37823970
21	41387665
21	23391531
21	31923801
21	32772274
21	17347171
21	33608042
21	36139329
21	23757836
21	45762377
21	15713657
21	34469442
21	44564950
21	20491873
21	24204563
21	15954381
21	16428192
21	26659162
21	24542583
21	35413744
21	19884265
21	38785357
21	38803903
21	41275894
21	36843623
21	18763898
21	31992308
21	27031523
21	15682151
21	33380732
21	20731541
21	28644530
21	29243192
21	14372948
21	27063812
21	40451429
21	25411103
21	14164227
21	45983521
21	43092176
21	19938321
21	23093140
21	27691746
21	36174197
21	41636765
21	32199947
21	15354726
21	38428666
21	31386895
21	19387470
21	22600004
21	15173805
21	39678399
21	41747246
21	23348331
21	14999292
21	41852437
21	33344483
21	21145779
21	17985473
21	20248598
21	35150696
21	29671065
21	24469148
21	29648555
21	44657646
21	38668724
21	41779969
21	28776417
21	20366261
21	33942421
21	41979806
21	14704983
21	24138279
21	31950507
21	37558769
21	17814297
21	14073147
21	39721023
21	31431723
21	17347999
21	24139131
21	33897660
21	44475876
21	45377474
21	25970679
21	14612543
21	14743358
21	14000188
21	14324721
21	34174499
21	40465366
21	41728521
21	17177871
21	19963774
21	16667704
21	41742196
21	42119813
21	16444661
21	27472174
21	42372760
21	45358857
21	23300407
21	26914534
21	34363867
21	33987197
21	19176610
21	42833569
21	41774299
21	19657886
21	18150574
21	45515635
21	44001525
21	41753099
21	36972703
21	14722862
21	45347113
21	43733870
21	31322949
21	36858661
21	30878633
21	41113881
21	24650957
21	43350089
21	27063575
21	33950586
21	27619734
21	34003348
21	42771377
21	38022548
21	44624708
21	46069632
21	20934383
21	31472667
21	19264249
21	35376934
21	38948904
21	28471686
21	42432123
21	41213161
21	21892110
21	19775034
21	22914215
21	16444475
21	23463695
21	26636027
21	39297157
21	21300477
21	27133337
21	20689394
21	17660561
21	17652247
21	23396438
21	30561687
21	37751209
21	19821890
21	19738313
21	22575256
21	31363156
21	27770487
21	27812209
21	16383130
21	16390008
21	27288918
21	27371869
21	27570603
21	21515877
21	29826974
21	40977196
21	19691821
21	39998891
21	18610937
21	20891273
21	24322342
21	33185927
21	38694317
21	21454493
21	46019560
21	24958041
21	32154886
21	46097243
21	26371242
21	20693243
21	20220906
21	19501717
21	19499412
21	19388767
21	18111820
21	18109577
21	17638945
21	26984508
21	26975764
21	18061176
21	17989995
21	23179287
21	30665712
21	42066059
21	22793823
21	23679912
21	23644318
21	16295458
21	39596533
21	23289986
21	38838592
21	25592361
21	29002784
21	38987079
21	30430841
21	18832685
21	22455091
21	23632098
21	42358786
21	18065662
21	40547031
21	40206448
21	14110284
21	14569387
21	18924531
21	45675076
21	27289693
21	23267071
21	36638352
21	14817833
21	27130758
21	28295714
21	31071890
21	35075859
21	36964896
21	39761349
21	40326395
21	42110561
21	43013571
21	36185744
21	43830958
21	18306443
21	18030904
21	18078953
21	20611618
21	18023140
21	20360603
21	44227763
21	30693503
21	23828123
21	43529405
21	26933328
21	26909921
21	26900909
21	35520483
21	39972562
21	27149180
21	18138471
21	16219282
21	46011117
21	26710609
21	46234387
21	27153128
21	28081802
21	28738325
21	28781392
21	29242326
21	29628095
21	30152391
21	30481632
21	30922162
21	30959999
21	31017759
21	31355338
21	34262374
21	34751020
21	35477121
21	35725673
21	35764354
21	36510665
21	37413638
21	37427735
21	38619222
21	24119543
21	38715229
21	24116633
21	24104755
21	24695714
21	27370069
21	34018551
21	41099701
21	13424314
21	16531694
21	40194661
21	24117296
21	24172265
21	40408471
21	40473012
21	40534674
21	40538154
21	23458246
21	40884278
21	25248996
21	25461967
21	25798840
21	18154255
21	19843194
21	19868662
21	20222688
21	21449815
21	21475800
21	21539190
21	22582190
21	22660347
21	22685548
21	14820404
21	23376302
21	43793504
21	43452574
21	43653543
21	44530116
21	44710681
21	44863860
21	45232161
21	45512704
21	45513250
21	23783980
21	36476036
21	30616796
21	43008237
21	44876080
21	37683186
21	37644766
21	37665334
21	42022276
21	42058026
21	42585833
21	27354208
21	16384552
21	17777816
21	38595152
21	20482166
21	44929581
21	45512700
21	38499296
21	40116638
21	39476248
21	18136473
21	20948559
21	14495239
21	46122865
21	20473497
21	20454727
21	20480384
21	20451967
21	20442526
21	21701364
21	21751769
21	21678478
21	15440893
21	28340638
21	21886423
21	20298152
21	23452147
21	33939439
21	18585511
21	18922984
21	19025379
21	29341277
21	25260459
21	41898747
21	25685851
21	32599122
21	20943268
21	24074493
21	24069583
21	24127672
21	21740024
21	18124111
21	23836840
21	17564536
21	44398726
21	21602671
21	20433956
21	20450415
21	20472059
21	20482496
21	20439975
21	20441995
21	20442312
21	42357563
21	27186054
21	43099545
21	27828744
21	27744619
21	19382145
21	42257721
21	19410477
21	26604181
21	31380841
21	23200564
21	40418093
21	35438861
21	40650543
21	14382665
21	14521957
21	19795970
21	26321228
21	28377650
21	33858960
21	35500865
21	38532140
21	38540543
21	39923748
21	40914677
21	45516509
21	45330275
21	32059682
21	32993821
21	34194407
21	34593637
21	34636997
21	25610668
21	32490936
21	32532881
21	37875762
21	24826143
21	36866379
21	20536241
21	26740437
21	41866904
21	25568503
21	41533447
21	16292355
21	19696741
21	16402736
21	36396833
21	24222662
21	24219039
21	24189256
21	24189318
21	24193994
21	24055429
21	22592144
21	22592129
21	19546193
21	30107534
21	41281194
21	44999244
21	17964944
21	17958983
21	17990372
21	17978065
21	23158719
21	23047540
21	23035529
21	23128519
21	21686807
21	45396104
21	45398482
21	23027717
21	23096233
21	23183349
21	41910489
21	37010023
21	20419603
21	17048216
21	30590567
21	29212989
21	29157912
21	38558782
21	45250542
21	36720399
21	44434503
21	43752979
21	23446970
21	23367100
21	23437124
21	41144265
21	35211390
21	33012280
21	21483571
21	34209852
21	43752747
21	41044220
21	17403899
21	38951803
21	14270355
21	25962708
21	20818971
21	22422873
21	38831045
21	41158333
21	32212028
21	44580521
21	18717786
21	25289204
21	28538908
21	28389286
21	39339551
21	42940170
21	16781563
21	17061431
21	19617635
21	44245447
21	45410958
21	23035143
21	43087910
21	17234409
21	17216616
21	37730250
21	19269338
21	20304662
21	26402551
21	14122679
21	17121260
21	21083003
21	30006615
21	32087662
21	33982222
21	44197445
21	39518898
21	35222973
21	39882530
21	39926067
21	24383448
21	24468559
21	23889526
21	23148979
21	31774508
21	39447759
21	14512953
21	25971924
21	42502887
21	16190949
21	18268241
21	37255221
21	42752699
21	43300266
21	36072675
21	23234684
21	14527399
21	17495822
21	15212021
21	15566760
21	15567343
21	32870829
21	17363302
21	41449186
21	34454478
21	34708100
21	34785401
21	31995875
21	32991217
21	31072499
21	31127155
21	31560711
21	46537419
21	36277937
21	44238087
21	44254212
21	44255994
21	44261270
21	44306907
21	36713144
21	26090411
21	41470276
21	41470061
21	39343593
21	44921282
21	44087312
21	37227459
21	37952497
21	33794499
21	46398384
21	36744739
21	36930469
21	23840066
21	23841784
21	23766554
21	23773398
21	23774182
21	35272835
21	18060535
21	46461396
21	17436605
21	17442250
21	17428010
21	23105592
21	35277286
21	39988664
21	20397381
21	38889233
21	32150406
21	46522003
21	22235779
21	43296170
21	21181776
21	19035236
21	31986828
21	26350962
21	17517899
21	43055570
21	14680704
21	26967805
21	24067994
21	42665845
21	22520019
21	40444268
21	39998577
21	40638458
21	17013933
21	14537355
21	18555751
21	18290335
21	21867294
21	25882275
21	25915612
21	14840848
21	21845557
21	39197853
21	40971233
21	40919752
21	45215051
21	45957382
21	34276374
21	34847269
21	30938446
21	25116924
21	37594952
21	37595728
21	33516633
21	24313726
21	19913884
21	20517528
21	16137156
21	14165623
21	42849544
21	23279959
21	24270920
21	25020358
21	36208509
21	38770930
21	35940423
21	35307532
21	39781885
21	15021126
21	14341223
21	18175915
21	14867616
21	14874891
21	28259972
21	19053745
21	19711668
21	45452253
21	45755537
21	32880163
21	26148396
21	37964630
21	33208728
21	46602462
21	24061504
21	36408524
21	20131402
21	25362873
21	36992685
21	26601402
21	41500824
21	30404358
21	14309673
21	26451966
21	26428575
21	26429344
21	26477027
21	26356115
21	26357448
21	36476140
21	36469742
21	36459569
21	36456742
21	27308978
21	42102239
21	42112871
21	42119937
21	42130408
21	42136581
21	42137626
21	42018565
21	42028688
21	42033901
21	42052058
21	42057990
21	42062052
21	42072220
21	42098922
21	42164366
21	35567321
21	35481219
21	39963033
21	39879457
21	40527264
21	40644088
21	29808853
21	15071597
21	18143552
21	17009482
21	21094732
21	16998393
21	20421379
21	15652267
21	15618354
21	15794352
21	15637977
21	21830861
21	40391331
21	40760876
21	40930658
21	32180688
21	31967028
21	33677768
21	34485799
21	34775307
21	25834440
21	29489538
21	31876981
21	31877207
21	32410578
21	30811952
21	37995141
21	38180098
21	24872022
21	19223092
21	30347518
21	23564311
21	38673016
21	20535139
21	20504896
21	20154838
21	37304182
21	18742253
21	26755361
21	27060181
21	27117386
21	27452752
21	23494125
21	36684290
21	23311852
21	23027983
21	26398292
21	35728742
21	35823093
21	40461957
21	35462299
21	29880827
21	15050282
21	16841915
21	17089525
21	28429533
21	28405711
21	28510142
21	21663060
21	21864580
21	26027225
21	37841635
21	21769525
21	20831510
21	23728030
21	23732628
21	21199985
21	14090183
21	27066232
21	20887886
21	30342763
21	26511433
21	26515176
21	26525080
21	26526879
21	26539133
21	26553769
21	32794032
21	42277085
21	42289986
21	30319253
21	41885992
21	44335477
21	45473456
21	45477165
21	45495128
21	45506140
21	46092416
21	37517426
21	41800018
21	41801666
21	36164110
21	36247942
21	15774009
21	35243737
21	35321492
21	35341858
21	35408735
21	35613820
21	36179444
21	35015531
21	35203761
21	39036739
21	36710819
21	33465479
21	29059409
21	28946144
21	35967591
21	23195174
21	16930998
21	24612934
21	34528992
21	22278036
21	39905124
21	31213493
21	33280653
21	18337502
21	33828977
21	28898777
21	21822356
21	28986090
21	14324922
21	29725863
21	34744054
21	21916352
21	14719893
21	19858989
21	33285382
21	41647085
21	34467101
21	35116823
21	17523753
21	44872469
21	18102297
21	15037568
21	28904780
21	19827218
21	32002488
21	36478170
21	36636941
21	39882176
21	29878304
21	17574752
21	46254361
21	24685932
21	17064791
21	31198346
21	30493472
21	34545782
21	32322966
21	38277627
21	42380966
21	34562178
21	33683942
21	31464147
21	38068848
21	33245424
21	42395664
21	42395767
21	14979960
21	24057586
21	42343097
21	42344143
21	42352838
21	33335834
21	42364373
21	42367327
21	38405298
21	42262576
21	31501935
21	39893986
21	42280797
21	42324252
21	42326585
21	42442356
21	42238096
21	17963314
21	42238869
21	21863284
21	33814439
21	28883961
21	29164432
21	15076179
21	28975668
21	29930154
21	44072034
21	18119346
21	14923033
21	44750839
21	44295503
21	44754070
21	27832292
21	17791486
21	24811410
21	14122300
21	28859513
21	33864163
21	34594259
21	34812642
21	34860374
21	42657127
21	42697887
21	42721247
21	42755585
21	42761798
21	41871888
21	42294903
21	37007925
21	41907008
21	45989589
21	46194746
21	42651529
21	42532968
21	42538805
21	42539967
21	41449338
21	42562815
21	41887220
21	33856255
21	38804769
21	31128409
21	31375435
21	31500791
21	31509375
21	33245980
21	34542514
21	34873605
21	42725667
21	42765883
21	26831349
21	26923816
21	26883468
21	43439806
21	43433979
21	20611579
21	45300095
21	20638877
21	20640088
21	20676041
21	20679285
21	39186495
21	45285430
21	37150186
21	17659079
21	17727589
21	36251149
21	24714073
21	42854532
21	33361336
21	44321476
21	46235113
21	41486054
21	39868653
21	39879537
21	39919046
21	39922965
21	34592315
21	34597602
21	34598048
21	34882435
21	46601141
21	18468278
21	41764437
21	21350669
21	21438447
21	21403070
21	21325577
21	21362089
21	21373867
21	44783726
21	44548471
21	44559372
21	44621875
21	44570936
21	44572120
21	44590586
21	44537909
21	26955176
21	21496543
21	21463571
21	43011504
21	43032728
21	42972160
21	44865646
21	44878954
21	44827025
21	44829837
21	44870645
21	27189397
21	27181789
21	21589205
21	21587845
21	16340876
21	16287469
21	27349528
21	27291023
21	27446241
21	27444482
21	27416074
21	27413331
21	27407148
21	27307995
21	27331808
21	14119239
21	14299514
21	14320215
21	16417509
21	19978426
21	20336824
21	24163084
21	24645615
21	25146373
21	25664820
21	31603008
21	32172571
21	32557585
21	33127120
21	33144456
21	33152798
21	34681202
21	34850263
21	36118357
21	37953531
21	40191086
21	41286546
21	27594203
21	27594508
21	27513596
21	22769158
21	17756389
21	17789372
21	17839600
21	27819704
21	27842943
21	22898879
21	22970433
21	22990987
21	21635302
21	36070334
21	24300180
21	24056422
21	23755368
21	28970233
21	36642354
21	28901883
21	28881929
21	21605135
21	14926536
21	35955356
21	41666784
21	13297803
21	13956012
21	14022866
21	14040078
21	14101832
21	14129201
21	14181208
21	14228274
21	14241664
21	14273209
21	14275110
21	14277798
21	14278617
21	14283731
21	14290970
21	14298703
21	14299523
21	14319749
21	14333233
21	14337696
21	14346742
21	14353547
21	14357454
21	14371065
21	14375182
21	14393581
21	14413950
21	14415417
21	14472160
21	14489134
21	14512154
21	14525536
21	14527076
21	14534269
21	14549309
21	14582339
21	14612661
21	14679344
21	14711681
21	14739209
21	14765768
21	14773440
21	14817660
21	14857604
21	14957500
21	14981210
21	14989053
21	15039782
21	15042983
21	15050558
21	15091797
21	15092828
21	15109344
21	15204463
21	15256714
21	15266226
21	15288851
21	15310603
21	15319607
21	15346387
21	15421148
21	15445619
21	15468876
21	15486279
21	15493627
21	15499445
21	15542458
21	15547750
21	15550374
21	15660404
21	15662438
21	15669379
21	15948703
21	16022950
21	16034980
21	16053693
21	16070697
21	16103565
21	16215060
21	16256368
21	16257417
21	16268057
21	16285464
21	16303354
21	16378468
21	16391428
21	16396204
21	16435364
21	16435609
21	16435942
21	16440214
21	16453940
21	16562099
21	16609656
21	16622967
21	16637403
21	16642730
21	16672047
21	16675887
21	16692014
21	16708832
21	16718929
21	16727460
21	16799511
21	16815089
21	16839333
21	16847186
21	16863267
21	16909206
21	16924846
21	16933930
21	16958336
21	16998686
21	17010362
21	17012454
21	17020691
21	17049479
21	17056849
21	17063088
21	17085510
21	17098723
21	17120160
21	17170030
21	17171821
21	17261016
21	17351352
21	17413338
21	17414857
21	17452085
21	17460047
21	17481584
21	17491649
21	17634041
21	17636782
21	17650057
21	17672285
21	17672657
21	17683281
21	17690876
21	17696288
21	17698240
21	17728731
21	17767458
21	17799230
21	17806954
21	17869280
21	17876803
21	17906297
21	17911553
21	17930900
21	17957807
21	17995452
21	18012584
21	18032841
21	18115150
21	18122431
21	18134334
21	18163662
21	18163691
21	18180563
21	18189038
21	18196169
21	18300891
21	18316765
21	18316844
21	18335451
21	18345317
21	18346587
21	18361868
21	18363084
21	18369800
21	18381189
21	18394010
21	18418774
21	18425284
21	18426801
21	18472427
21	18498901
21	18508119
21	18516327
21	18587047
21	18590650
21	18647707
21	18662580
21	18679036
21	18706106
21	18720167
21	18750135
21	18767687
21	18778825
21	18784368
21	18787748
21	18802377
21	18807672
21	18813986
21	18823339
21	18831460
21	18831924
21	18832302
21	18856081
21	18963734
21	19022960
21	19030063
21	19037732
21	19046133
21	19050435
21	19070413
21	19144841
21	19165343
21	19200313
21	19205093
21	19234748
21	19263047
21	19270586
21	19283101
21	19290293
21	19313076
21	19333563
21	19350316
21	19417898
21	19440687
21	19463588
21	19501586
21	19517343
21	19531207
21	19548780
21	19557492
21	19565052
21	19571792
21	19583590
21	19594402
21	19614484
21	19621495
21	19624298
21	19638955
21	19656604
21	19667317
21	19675154
21	19680015
21	19685860
21	19689697
21	19725796
21	19755999
21	19798863
21	19805573
21	19812129
21	19817461
21	19824489
21	19840721
21	19893841
21	19906518
21	19910696
21	19929718
21	19952335
21	20013865
21	20013937
21	20016179
21	20016919
21	20057401
21	20062835
21	20071582
21	20125977
21	20170785
21	20170877
21	20196105
21	20211525
21	20260374
21	20277283
21	20297864
21	20304760
21	20310186
21	20311891
21	20333984
21	20364503
21	20392901
21	20445513
21	20480657
21	20482132
21	20485118
21	20488735
21	20495123
21	20495341
21	20512643
21	20527842
21	20528614
21	20544427
21	20545575
21	20549099
21	20553824
21	20567473
21	20576329
21	20668120
21	20670894
21	20772860
21	20814603
21	20815629
21	20816417
21	20853687
21	20883378
21	20888897
21	20908730
21	20935851
21	20941302
21	20951649
21	20953505
21	20976668
21	20977106
21	20990181
21	21115536
21	21120113
21	21131054
21	21133781
21	21140026
21	21163031
21	21182321
21	21236884
21	21255300
21	21291427
21	21296619
21	21297394
21	21354237
21	21354818
21	21388227
21	21390459
21	21435903
21	21436263
21	21449323
21	21469854
21	21497742
21	21519807
21	21536884
21	21539710
21	21545226
21	21545237
21	21612165
21	21729492
21	21761154
21	21799032
21	21801211
21	21823929
21	21824112
21	21827287
21	21888004
21	21921977
21	21922189
21	21937387
21	21949060
21	21981800
21	21986186
21	21995198
21	22065605
21	22066825
21	22098379
21	22135730
21	22248405
21	22251706
21	22265192
21	22270146
21	22281926
21	22300390
21	22311989
21	22312236
21	22313245
21	22319624
21	22349146
21	22354749
21	22369590
21	22379866
21	22403108
21	22403652
21	22410388
21	22414989
21	22445801
21	22488606
21	22501795
21	22568680
21	22571359
21	22580650
21	22623803
21	22653532
21	22722618
21	22771497
21	22812606
21	22813088
21	22967247
21	23058399
21	23068463
21	23077362
21	23089680
21	23096788
21	23103046
21	23110620
21	23133919
21	23138339
21	23157646
21	23164182
21	23228066
21	23230166
21	23283766
21	23295534
21	23310475
21	23319493
21	23324660
21	23337880
21	23380372
21	23415740
21	23418101
21	23439416
21	23457999
21	23464267
21	23515521
21	23539072
21	23557154
21	23570092
21	23571884
21	23578953
21	23586965
21	23593259
21	23601192
21	23602556
21	23655103
21	23677773
21	23683354
21	23697719
21	23703234
21	23723377
21	23724035
21	23725651
21	23742421
21	23752258
21	23752858
21	23762411
21	23798566
21	23858949
21	23869268
21	23903097
21	23921592
21	23927153
21	23927374
21	23945290
21	23962684
21	23996455
21	23998382
21	24005759
21	24058355
21	24068317
21	24069061
21	24094171
21	24110923
21	24123601
21	24150463
21	24222013
21	24224251
21	24224457
21	24244250
21	24376142
21	24386534
21	24440665
21	24454196
21	24486572
21	24493028
21	24493912
21	24545883
21	24552535
21	24574117
21	24580582
21	24582176
21	24598723
21	24599536
21	24644987
21	24649923
21	24661779
21	24668428
21	24669274
21	24708645
21	24745936
21	24751631
21	24756482
21	24761906
21	24764492
21	24775459
21	24785827
21	24800153
21	24802558
21	24828955
21	24832383
21	24834940
21	24870046
21	24901142
21	24921993
21	24951486
21	24985047
21	25013414
21	25039364
21	25079463
21	25142283
21	25199669
21	25233389
21	25249607
21	25251229
21	25253663
21	25326914
21	25334042
21	25391762
21	25411707
21	25413995
21	25425777
21	25465171
21	25494354
21	25535756
21	25539906
21	25599076
21	25650710
21	25680313
21	25692734
21	25822558
21	25823078
21	25833229
21	25844046
21	25850841
21	25870085
21	25888144
21	26017897
21	26019144
21	26025291
21	26059296
21	26070280
21	26082679
21	26130151
21	26135332
21	26199606
21	26253925
21	26254042
21	26270248
21	26271157
21	26294563
21	26304273
21	26391204
21	26418452
21	26497281
21	26581723
21	26611106
21	26654180
21	26658368
21	26674485
21	26685183
21	26692558
21	26699940
21	26716021
21	26719948
21	26739244
21	26749827
21	26767593
21	26788827
21	26788916
21	26790478
21	26982723
21	26995436
21	27077907
21	27088456
21	27105567
21	27108961
21	27122121
21	27168586
21	27175497
21	27204068
21	27217732
21	27254626
21	27294789
21	27297861
21	27350665
21	27369451
21	27380922
21	27382906
21	27387521
21	27397066
21	27406857
21	27418604
21	27423803
21	27427170
21	27445401
21	27457696
21	27467250
21	27474386
21	27488503
21	27489818
21	27516361
21	27550301
21	27567214
21	27569039
21	27584322
21	27596721
21	27649946
21	27651500
21	27653319
21	27670897
21	27691991
21	27692592
21	27701094
21	27733172
21	27841004
21	27887109
21	27941347
21	27943668
21	27952616
21	27955826
21	27984853
21	27988671
21	27989311
21	28015413
21	28065218
21	28066130
21	28067993
21	28068650
21	28105085
21	28107445
21	28109155
21	28112136
21	28113040
21	28133115
21	28142290
21	28179242
21	28183681
21	28191628
21	28209050
21	28210407
21	28214405
21	28275485
21	28330504
21	28345820
21	28380016
21	28388765
21	28427540
21	28461251
21	28478228
21	28493418
21	28521569
21	28522223
21	28527438
21	28578885
21	28581062
21	28586492
21	28631932
21	28671637
21	28723432
21	28725183
21	28725844
21	28731445
21	28739885
21	28762012
21	28768512
21	28792533
21	28800978
21	28849087
21	28901885
21	28937230
21	28972620
21	29038029
21	29096993
21	29109050
21	29164625
21	29177040
21	29179715
21	29210411
21	29362067
21	29396030
21	29476072
21	29499036
21	29504791
21	29510815
21	29542205
21	29544155
21	29608925
21	29621801
21	29701116
21	29825646
21	29870411
21	29884551
21	29925091
21	29993802
21	30013189
21	30059387
21	30139606
21	30181182
21	30182618
21	30217096
21	30255077
21	30258303
21	30263134
21	30274489
21	30288371
21	30289834
21	30310261
21	30311078
21	30318453
21	30347264
21	30400082
21	30439537
21	30579707
21	30664223
21	30731181
21	30747839
21	30819381
21	30824353
21	30828654
21	30842336
21	30847739
21	30852615
21	30855473
21	30911118
21	30923932
21	30986032
21	31017179
21	31042908
21	31050765
21	31082242
21	31114565
21	31117974
21	31145643
21	31165285
21	31210877
21	31220277
21	31289008
21	31310558
21	31343131
21	31348134
21	31418783
21	31460071
21	31474985
21	31477247
21	31482837
21	31486108
21	31493163
21	31522780
21	31547272
21	31564661
21	31568156
21	31577243
21	31582452
21	31584998
21	31585452
21	31593851
21	31679502
21	31767713
21	31799136
21	31806981
21	31845520
21	31912023
21	31943221
21	31952235
21	31956217
21	31974405
21	32000133
21	32027380
21	32054980
21	32077768
21	32105801
21	32132779
21	32151069
21	32181819
21	32183825
21	32247500
21	32263672
21	32338015
21	32357221
21	32367629
21	32374497
21	32422208
21	32423653
21	32424652
21	32426376
21	32439578
21	32442225
21	32460023
21	32477026
21	32479879
21	32492738
21	32512080
21	32545593
21	32555250
21	32584052
21	32642458
21	32648038
21	32753008
21	32782926
21	32812953
21	32827537
21	32925467
21	32934507
21	32946777
21	32957704
21	32986835
21	33001764
21	33003153
21	33038156
21	33050431
21	33064667
21	33092961
21	33134000
21	33142704
21	33148781
21	33155579
21	33163109
21	33174269
21	33199411
21	33210880
21	33324197
21	33380488
21	33417501
21	33449065
21	33674356
21	33677920
21	33753992
21	33847697
21	33909089
21	33941278
21	33955321
21	33958181
21	33983109
21	33986461
21	33997380
21	34014084
21	34017440
21	34024119
21	34045080
21	34046890
21	34054555
21	34087323
21	34230861
21	34259637
21	34283897
21	34300618
21	34318199
21	34329783
21	34344072
21	34404363
21	34409735
21	34446716
21	34511191
21	34535115
21	34539301
21	34560321
21	34642947
21	34657916
21	34692022
21	34697539
21	34733291
21	34748996
21	34866210
21	34901879
21	34922045
21	34938999
21	34964788
21	34977328
21	34985055
21	34989908
21	35006577
21	35010255
21	35023870
21	35064318
21	35091937
21	35098277
21	35099992
21	35103381
21	35113893
21	35128655
21	35161365
21	35194597
21	35199822
21	35209624
21	35260001
21	35302996
21	35330191
21	35401122
21	35425723
21	35446705
21	35464623
21	35482700
21	35562682
21	35572105
21	35598129
21	35599555
21	35677310
21	35695069
21	35735148
21	35759392
21	35857173
21	35929063
21	35938058
21	35974961
21	35994800
21	35997513
21	36003345
21	36046740
21	36078285
21	36146064
21	36163599
21	36170120
21	36191000
21	36196405
21	36199394
21	36207125
21	36337369
21	36343859
21	36433305
21	36514917
21	36670241
21	36688829
21	36733908
21	36813581
21	36837470
21	36838104
21	36841747
21	36844647
21	36871099
21	36892524
21	36905019
21	36936252
21	36979613
21	37029239
21	37037576
21	37057089
21	37127484
21	37139957
21	37250433
21	37259328
21	37278810
21	37349007
21	37402481
21	37473496
21	37517672
21	37520307
21	37528419
21	37534480
21	37538265
21	37546306
21	37576658
21	37606313
21	37615595
21	37648633
21	37654970
21	37667264
21	37668040
21	37688590
21	37711007
21	37748041
21	37749345
21	37751451
21	37760561
21	37764909
21	37773268
21	37808496
21	37822511
21	37829768
21	37838410
21	37845106
21	37885953
21	37894757
21	37945460
21	37952931
21	37953928
21	37957831
21	37960081
21	37974030
21	37982733
21	37991647
21	38091663
21	38142997
21	38169353
21	38229225
21	38237968
21	38256107
21	38263627
21	38272877
21	38282244
21	38284583
21	38324554
21	38343867
21	38349630
21	38359991
21	38365704
21	38381424
21	38392862
21	38428304
21	38444848
21	38458633
21	38461568
21	38466902
21	38489807
21	38492660
21	38493226
21	38502057
21	38524267
21	38524668
21	38525629
21	38535513
21	38536616
21	38542589
21	38544832
21	38546629
21	38575823
21	38600453
21	38604777
21	38646715
21	38673476
21	38687368
21	38693379
21	38718699
21	38721734
21	38732027
21	38754587
21	38879645
21	38879658
21	38899468
21	38922100
21	38942780
21	38944176
21	38954597
21	38967069
21	38973414
21	38973558
21	38984722
21	38997233
21	39023417
21	39043446
21	39067336
21	39113648
21	39117101
21	39127240
21	39127541
21	39134268
21	39137727
21	39255094
21	39363680
21	39376875
21	39389619
21	39408634
21	39416157
21	39446453
21	39487782
21	39548028
21	39632225
21	39653630
21	39676197
21	39732421
21	39770668
21	39774597
21	39791306
21	39848337
21	39903476
21	39914089
21	39923241
21	39933399
21	39950885
21	39955845
21	39989430
21	39994077
21	40007811
21	40045288
21	40045465
21	40052841
21	40053334
21	40062914
21	40063898
21	40082807
21	40126136
21	40128115
21	40146353
21	40162585
21	40168161
21	40175028
21	40193485
21	40205892
21	40209757
21	40243234
21	40256162
21	40300605
21	40353376
21	40365805
21	40366708
21	40368065
21	40373074
21	40378508
21	40392809
21	40420461
21	40470325
21	40478709
21	40484045
21	40525603
21	40530834
21	40534888
21	40538435
21	40550033
21	40568876
21	40581767
21	40614232
21	40655015
21	40668729
21	40679032
21	40738309
21	40752085
21	40788504
21	40834125
21	40837715
21	40887149
21	40908166
21	40935416
21	40940473
21	40969668
21	41014748
21	41043248
21	41091574
21	41146672
21	41148719
21	41248222
21	41254779
21	41274591
21	41310717
21	41313117
21	41526439
21	41541046
21	41549790
21	41553100
21	41561781
21	41603354
21	41612660
21	41641125
21	41648159
21	41672041
21	41719438
21	41734793
21	41736580
21	41797109
21	43342775
21	43364759
21	43388423
21	43419273
21	43645080
21	43656492
21	43731165
21	43794700
21	43824871
21	43826541
21	43829593
21	43832957
21	43906035
21	43913984
21	43936606
21	43947271
21	43962980
21	43977087
21	43978775
21	43978972
21	43983351
21	44170097
21	44175241
21	44253766
21	44267698
21	44344514
21	44344551
21	44448356
21	44655390
21	44657205
21	44699855
21	44708323
21	44738823
21	44769852
21	44844460
21	44863643
21	44895176
21	44915367
21	44915665
21	44924511
21	45022032
21	45067987
21	45071426
21	45072355
21	45094903
21	45201191
21	45209675
21	45210127
21	45226090
21	45235470
21	45250897
21	45264602
21	45344518
21	45419989
21	45421483
21	45426100
21	45427029
21	45484919
21	45490407
21	45525110
21	45601870
21	45865045
21	45875624
21	45922202
21	46020978
21	46034040
21	46037593
21	46081347
21	46081812
21	46115334
21	46125241
21	46130840
21	46171061
21	46220078
21	46232029
21	46256797
21	46346736
21	46366579
21	46380677
21	46418209
21	46447405
21	46534339
21	46543738
21	46564650
21	46595773
21	46657900
21	41835618
21	41866243
21	41973560
21	42015297
21	42033553
21	42045938
21	42081242
21	42246972
21	42369745
21	42425185
21	42426620
21	42449553
21	42485217
21	42485777
21	42554116
21	42570688
21	42748498
21	42816512
21	43005289
21	43027237
21	43095575
21	43182196
21	43184162
21	43190803
21	43208631
21	36484654
21	36660452
21	36692602
21	36911797
21	41662375
21	41666104
21	17491868
21	20855306
21	24299313
21	27033788
21	33324959
21	35965720
21	36762210
21	36493792
21	43088608
21	44280758
21	43067294
21	44628740
21	41825867
21	18931909
21	14369803
21	43788640
21	24898125
21	37680282
21	40019068
21	26760914
21	41775477
21	13842387
21	13843493
21	13407058
21	32514821
21	45763982
21	34446765
21	14163269
21	29614128
21	29595793
21	29559310
21	29642053
21	29689750
21	29640839
21	26171723
21	26630388
21	15238757
21	26843747
21	29345416
21	14261983
21	25885348
21	42619856
21	41451445
21	43017032
21	32000038
21	38423280
21	41921937
21	33640823
21	33899569
21	39371919
21	44332293
21	18984220
21	17400644
21	36566431
21	27156166
21	18356804
21	21428126
21	25908217
21	36250200
21	36775301
21	36798134
21	36933841
21	37817268
21	37832746
21	37847943
21	41763933
21	42258698
21	42278986
21	42421219
21	42509906
21	43093390
21	43947583
21	44248288
21	14248477
21	39863826
21	23417237
21	42137384
21	39910773
21	36798178
21	36939693
21	38568966
21	43924918
21	44320940
21	44973175
21	45555934
21	45935326
21	45959902
21	25926457
21	27757291
21	26597846
21	45122755
21	46066544
21	39851981
21	35525028
21	45927836
21	42619375
21	42584039
21	14222174
21	41638240
21	13959712
21	15996532
21	39535470
21	43708573
21	44598620
21	13958155
21	19005797
21	45161883
21	41504520
21	44602019
21	39853615
21	45115899
21	36639147
21	15997887
21	13843789
21	17371750
21	27171396
21	39058553
21	29828186
21	36563250
21	26862875
21	15929437
21	39913556
21	42199305
21	42228825
21	42280924
21	42290664
21	42298501
21	16856255
21	20754492
21	15968648
21	14258491
21	19977819
21	15991108
21	28216743
21	45949276
21	18923479
21	16903733
21	19021912
21	40229495
21	41339751
21	41340009
21	45926611
21	44572248
21	39053048
21	16370733
21	35792418
21	45106023
21	26177119
21	28231304
21	40129230
21	16887483
21	33011541
21	18892148
21	41368052
21	18921296
21	14242899
21	14180791
21	29800385
21	36452613
21	45942659
21	14656585
21	29785061
21	36548609
21	41965881
21	30019277
21	24838738
21	25955861
21	28037813
21	38984448
21	41326980
21	14176477
21	45954429
21	16871900
21	18928258
21	34029433
21	40223799
21	39076456
21	39850044
21	45111237
21	16372187
21	42586220
21	30027498
21	25892272
21	41374154
21	41911253
21	14682305
21	29773850
21	29812510
21	39792763
21	14591798
21	27467213
21	38819507
21	35158259
21	41429201
21	29757680
21	14598186
21	26802306
21	27612839
21	20429863
21	40565903
21	18876888
21	41423100
21	29768434
21	44595409
21	26304082
21	39832120
21	38627292
21	26203198
21	18970514
21	40592768
21	39810867
21	18940832
21	29923462
21	29739093
21	39961820
21	20749192
21	29775649
21	26194972
21	39819237
21	26165451
21	26293917
21	39314401
21	41464549
21	29760305
21	14639781
21	40594692
21	18968815
21	38862214
21	39798291
21	40580706
21	44578891
21	26651051
21	29967930
21	14590333
21	26809561
21	26649948
21	41430449
21	41402614
21	26171790
21	29920618
21	40587604
21	13464068
21	38869433
21	41434240
21	42167452
21	41442594
21	26282995
21	26269344
21	29876820
21	26813947
21	29866962
21	26253667
21	26248218
21	26819597
21	13455377
21	38868656
21	38845814
21	27508885
21	42076840
21	42320639
21	24021948
21	14074891
21	24692036
21	25079820
21	25702693
21	14277201
21	31472229
21	36523100
21	37856948
21	39018935
21	39753074
21	39941231
21	40031165
21	18180915
21	23078978
21	23956128
21	24539979
21	25637806
21	14269531
21	26161943
21	26404500
21	26485687
21	27555520
21	28867056
21	29355573
21	29789600
21	30846162
21	31619348
21	32065335
21	32118028
21	32213799
21	33013121
21	34072198
21	34312702
21	34468888
21	34924881
21	35209735
21	35238758
21	35571266
21	36023258
21	36112764
21	36141449
21	36236727
21	36429098
21	36971181
21	38865838
21	40780761
21	41062967
21	41129135
21	41549338
21	16704234
21	17049583
21	18835264
21	20531485
21	21841011
21	21878896
21	22072696
21	45020470
21	45376916
21	44169844
21	44771341
21	44835681
21	44948549
21	45372509
21	45386508
21	45397465
21	45641353
21	45704264
21	45917118
21	45963142
21	46319232
21	46632926
21	43699089
21	43713987
21	43849960
21	43941163
21	39554706
21	43061781
21	41877778
21	42356573
21	41836143
21	42449549
21	42462443
21	42471211
21	42471347
21	41899875
21	42799489
21	43418781
21	39644946
21	41831755
21	43311110
21	43311258
21	43363519
21	39615960
21	39537779
21	19563647
21	19564064
21	39566002
21	31382245
21	39595544
21	30115294
21	39576619
21	39569571
21	30060223
21	43365542
21	41936168
21	30151416
21	43322866
21	39573341
21	43368382
21	31445194
21	31375207
21	44733971
21	43371358
21	32713994
21	43345015
21	39647931
21	30148442
21	27046734
21	44751182
21	43318003
21	30081566
21	21034888
21	14091635
21	26153188
21	26985680
21	14443883
21	28045443
21	28684823
21	14552408
21	14590010
21	29394626
21	31862125
21	32054573
21	32540072
21	33170482
21	34159116
21	34189364
21	35904771
21	36536112
21	37851036
21	38209042
21	38380751
21	15511835
21	39181919
21	39982941
21	40696015
21	40832211
21	40877741
21	41491009
21	41516325
21	20100271
21	20506797
21	21022784
21	21071313
21	21998204
21	22856392
21	44767470
21	46053674
21	43299150
21	43729252
21	43806423
21	44201934
21	19521953
21	43411075
21	41766883
21	41634501
21	42018765
21	42129875
21	42299855
21	41907962
21	42714333
21	42769838
21	42818952
21	30648056
21	44758772
21	39584920
21	39633621
21	39542197
21	27794278
21	43335594
21	43359463
21	42269760
21	42339332
21	37636327
21	37745964
21	20618288
21	44739169
21	40444427
21	14276071
21	37906374
21	34353927
21	18322944
21	22469357
21	39340441
21	14661484
21	27413593
21	14704901
21	14045474
21	16905702
21	18150529
21	45008046
21	19873493
21	31813876
21	15196204
21	35887132
21	31111760
21	36037116
21	33033535
21	30303735
21	41687463
21	21045928
21	14243179
21	35663541
21	25989391
21	18862950
21	40713994
21	36601684
21	44209736
21	16945847
21	21061557
21	33091332
21	18209923
21	43994238
21	46156167
21	42849478
21	30057318
21	37331017
21	13903660
21	24005594
21	18269968
21	40093021
21	38963121
21	24383918
21	17599041
21	41160148
21	25616342
21	31201659
21	42416977
21	32919855
21	46474792
21	36281407
21	22039667
21	28746652
21	21825867
21	19657812
21	35875005
21	34453152
21	18682124
21	32240521
21	36010929
21	32905923
21	30314691
21	19703106
21	24319057
21	23642985
21	40175954
21	21217198
21	23405388
21	17893651
21	22043499
21	28322557
21	39758824
21	21960840
21	18554079
21	28160721
21	37408370
21	30221383
21	26002289
21	41226960
21	39471308
21	32416913
21	17831935
21	26752137
21	20441068
21	26722094
21	24027251
21	19215936
21	26421160
21	27901645
21	45500004
21	40881645
21	44215733
21	28449030
21	15313839
21	17280675
21	34499081
21	15173208
21	46485583
21	15517578
21	39761136
21	36234372
21	15005329
21	23455445
21	17674435
21	45841792
21	31412017
21	28752348
21	40980588
21	33714176
21	37741790
21	35073242
21	31978836
21	14428641
21	32988556
21	19436524
21	36859568
21	35090437
21	35493436
21	27479716
21	37359926
21	36978082
21	27739958
21	28659164
21	39512944
21	45377091
21	36060858
21	19098452
21	31318848
21	34620721
21	35192981
21	42849633
21	34152715
21	28810789
21	41283588
21	30813951
21	46158655
21	25381414
21	24648916
21	41699960
21	19980585
21	17213063
21	14815428
21	31496488
21	46051410
21	34240886
21	17894292
21	17277583
21	40463823
21	25163199
21	15676061
21	31065965
21	33086041
21	34004579
21	22780331
21	24471232
21	34755033
21	35400980
21	36200103
21	42008161
21	33189952
21	41639724
21	42148517
21	26071794
21	39720864
21	39751215
21	37780961
21	25737204
21	32907150
21	25692841
21	27712411
21	35467543
21	24334455
21	46535749
21	18287736
21	33103863
21	15754675
21	44220746
21	46007925
21	26246407
21	40934171
21	41317773
21	38275734
21	14754484
21	32592227
21	45095506
21	40924956
21	32279179
21	33902813
21	35632691
21	40862033
21	39005289
21	41480393
21	28242836
21	36087866
21	36088564
21	33292285
21	36323379
21	40796399
21	40796265
21	41209776
21	35681772
21	45502522
21	35765468
21	35849176
21	39835868
21	34603172
21	29646450
21	30899740
21	32866331
21	33893220
21	31864142
21	36533161
21	22192136
21	44192067
21	43984457
21	41090635
21	41209521
21	38026548
21	45512414
21	22081634
21	21031496
21	39764785
21	34292662
21	35134952
21	39866530
21	40015004
21	15686719
21	37866307
21	38053544
21	33027093
21	31120713
21	32073104
21	33196864
21	22026957
21	37044995
21	36968356
21	43349796
21	43804116
21	43835955
21	43847253
21	44191010
21	44367367
21	21467098
21	19082710
21	17554335
21	40638592
21	17011414
21	26035455
21	23255440
21	41068787
21	21051731
21	17537728
21	20167406
21	41609209
21	35976914
21	35198707
21	34559340
21	21051686
21	18745064
21	21315260
21	36140649
21	41111705
21	23491044
21	38922410
21	18730183
21	19450847
21	36661874
21	27540081
21	40666402
21	27003616
21	32176568
21	39454089
21	33176268
21	22618439
21	45745515
21	36976940
21	40576620
21	40194882
21	23191882
21	41460711
21	41510076
21	23915524
21	42960344
21	39592626
21	42532013
21	34286807
21	23623738
21	41385069
21	42522692
21	24167347
21	25454202
21	22647904
21	26987799
21	38917189
21	39155385
21	40101639
21	19076146
21	38045845
21	35547518
21	23142840
21	42306380
21	20533164
21	43755690
21	45629271
21	26570554
21	21304349
21	18204879
21	39765329
21	14348237
21	15939752
21	45034322
21	20548220
21	24412607
21	36390666
21	34549708
21	34440329
21	35358173
21	26579547
21	43699223
21	20981411
21	25178050
21	20495666
21	21622028
21	19047010
21	18450522
21	20892678
21	17617195
21	30976771
21	24507620
21	38202571
21	42942794
21	42455738
21	34578133
21	37897771
21	17149508
21	42385547
21	40493125
21	20717647
21	34163198
21	38606217
21	38576212
21	25128853
21	25472343
21	24979627
21	34895121
21	18627081
21	34521439
21	34148497
21	30501326
21	42152159
21	28778060
21	28824582
21	21087453
21	36879258
21	28588039
21	42195449
21	19459265
21	38204713
21	21674847
21	16952549
21	14759028
21	14315172
21	17233999
21	45892886
21	29091820
21	42944627
21	16028596
21	22118622
21	25997040
21	40692162
21	46466883
21	24710311
21	28605933
21	19841224
21	36999027
21	32981754
21	40153349
21	45370288
21	33120991
21	14692282
21	26315913
21	31627110
21	14751223
21	44960052
21	32296182
21	35090999
21	42706211
21	14104569
21	19059044
21	24522616
21	31834620
21	40292350
21	14502784
21	18703548
21	33299234
21	17317665
21	33733704
21	44307359
21	41270111
21	29086433
21	42175442
21	45940424
21	21850058
21	42148538
21	25164850
21	21569815
21	36446773
21	36819574
21	22754999
21	43903982
21	28073217
21	39024187
21	42523548
21	40873641
21	44956613
21	34607009
21	34559611
21	33647855
21	19745095
21	32037619
21	41808743
21	32625717
21	32626004
21	31334045
21	31334035
21	31327912
21	19699068
21	19332165
21	19320903
21	43380940
21	37652072
21	37731877
21	37726888
21	37724600
21	17236597
21	17257098
21	26244468
21	43330320
21	44806651
21	45053014
21	26327490
21	44850330
21	34171167
21	20404097
21	32115383
21	45408339
21	24162344
21	33950387
21	35015234
21	46599955
21	14978433
21	42433592
21	44761729
21	14313131
21	33511311
21	36073015
21	28601783
21	18166059
21	14978164
21	35668350
21	15588271
21	16771109
21	27202227
21	27202336
21	33353501
21	36615618
21	39563846
21	43176162
21	45455650
21	45532180
21	45595747
21	46189763
21	23390350
21	22625368
21	44155834
21	41963664
21	42633356
21	41568817
21	15140926
21	44695248
21	17682950
21	19525962
21	19431963
21	35061666
21	43302815
21	19329200
21	37598364
21	38265545
21	38291838
21	30894925
21	24146164
21	19936467
21	42002416
21	25454038
21	27416584
21	27903308
21	29222424
21	30702893
21	31090662
21	31779113
21	33173072
21	34642609
21	36141857
21	37296305
21	39151100
21	40590546
21	40756022
21	41471061
21	16650886
21	17363290
21	18202584
21	19548189
21	20264351
21	44658303
21	44918488
21	42094725
21	40836131
21	41939571
21	41849290
21	42462698
21	44292705
21	20296700
21	27113853
21	45562421
21	18840644
21	14915568
21	22828089
21	21760050
21	45338804
21	26410649
21	36096978
21	22305838
21	14756350
21	24375546
21	28080553
21	30391300
21	33049114
21	40905763
21	21745872
21	40505725
21	31848741
21	14244408
21	38151370
21	44678628
21	45592539
21	26480405
21	21673895
21	42776284
21	45515237
21	35664729
21	30810708
21	17060718
21	38349966
21	35976182
21	21833238
21	23325667
21	28063550
21	24227141
21	21642506
21	15079524
21	24851595
21	45241522
21	25944558
21	16676989
21	30964925
21	16822849
21	23107418
21	39965109
21	27933293
21	38590077
21	23435175
21	38425842
21	15716658
21	15682416
21	22234792
21	29492962
21	40840312
21	18741916
21	36614627
21	39912665
21	34647865
21	41359584
21	24939629
21	24041324
21	16205459
21	38055400
21	23308128
21	17016029
21	21084579
21	26253397
21	38157843
21	21497275
21	14574507
21	20479574
21	41681937
21	28793700
21	28168093
21	38880226
21	41037398
21	43696161
21	17690796
21	42571589
21	46568240
21	28765148
21	18551693
21	18292654
21	15544273
21	37508986
21	46061169
21	15157308
21	41149784
21	44991969
21	36446007
21	43953139
21	21011873
21	16471942
21	39128975
21	20762035
21	24773263
21	15151944
21	41892884
21	17009021
21	18611532
21	14234033
21	33207267
21	46074875
21	41548369
21	22024852
21	40028931
21	32302884
21	27428618
21	37329770
21	35142208
21	17106237
21	31617816
21	20493254
21	26851063
21	31965137
21	19581524
21	14638360
21	42716063
21	34179299
21	17371414
21	27645389
21	16163863
21	15550646
21	24341168
21	20930355
21	37288086
21	26682310
21	41676939
21	41616809
21	32068713
21	16838228
21	33859227
21	37575140
21	25459179
21	45487373
21	46016413
21	15122986
21	23241264
21	16809801
21	19608361
21	14290064
21	23952620
21	25262312
21	17596002
21	20672626
21	45320104
21	32901642
21	17738875
21	36790118
21	15651179
21	46106326
21	34750256
21	20252058
21	26281208
21	33881989
21	33398052
21	19553343
21	22389948
21	29627881
21	33575550
21	44640305
21	33364965
21	46068473
21	14704695
21	16447792
21	45748600
21	24998804
21	23530488
21	20369547
21	28077487
21	16975340
21	33869576
21	21104954
21	22478099
21	20765899
21	35343463
21	21971579
21	46609786
21	19747863
21	23761057
21	37973354
21	41125531
21	19487597
21	39017798
21	22817461
21	18727469
21	39697333
21	36275140
21	45439803
21	46342460
21	18750965
21	38335526
21	21107479
21	23424954
21	37322386
21	30230335
21	31793645
21	20596831
21	33222573
21	26069479
21	31531575
21	43611577
21	16835732
21	41013012
21	41511244
21	44696517
21	25395156
21	42139717
21	19178502
21	15387644
21	46124924
21	18415681
21	40155988
21	20153948
21	39175384
21	44367876
21	29204759
21	41711701
21	27689235
21	16491562
21	44149617
21	40222752
21	15260158
21	41537935
21	35044035
21	14342876
21	16364544
21	38943392
21	14051307
21	29184133
21	22224743
21	44218405
21	37804025
21	22007889
21	15548154
21	24622825
21	18333133
21	41056337
21	46598630
21	33874619
21	27780937
21	36550409
21	28367607
21	15693175
21	19625600
21	44593618
21	30824655
21	46063885
21	26519345
21	17392465
21	41661062
21	21832300
21	15607359
21	18761131
21	38542384
21	23903474
21	39053108
21	24933216
21	25623663
21	35612811
21	46601742
21	41898934
21	14785386
21	41964173
21	36437110
21	14718865
21	46474965
21	15808886
21	18266036
21	26566354
21	28946289
21	29054108
21	29085922
21	30282837
21	31693396
21	33296284
21	33581502
21	33584692
21	33591229
21	33602234
21	36199256
21	37108451
21	37172749
21	37625485
21	39661001
21	41441919
21	41446090
21	42389043
21	42442597
21	42751114
21	43017012
21	44231299
21	46346126
21	46509381
21	14206815
21	14373877
21	14378198
21	14378346
21	15842397
21	15842540
21	17793453
21	18265962
21	18312945
21	18315257
21	18372326
21	21468783
21	25592807
21	25597302
21	25689921
21	25698742
21	25717732
21	26051124
21	26932135
21	28935330
21	28941259
21	29007766
21	29034940
21	29085917
21	29537259
21	29561845
21	29587408
21	29596533
21	29654810
21	29689868
21	30165990
21	30491733
21	31135932
21	31266005
21	31668460
21	31702239
21	32322493
21	32368430
21	32457608
21	32495062
21	32603156
21	32676327
21	32681491
21	33335547
21	33345360
21	33352878
21	33488589
21	33517528
21	33528167
21	33530754
21	33531489
21	33532345
21	33546211
21	33559709
21	33579386
21	33581328
21	33589912
21	33591230
21	33599246
21	33814072
21	34142407
21	34370524
21	34370560
21	34370708
21	34385649
21	34716376
21	34892924
21	36043781
21	36045824
21	36045917
21	36057107
21	36137932
21	36146141
21	36219493
21	36227877
21	36253796
21	36260737
21	36278355
21	36289118
21	36344692
21	36759778
21	36896944
21	36937330
21	37018163
21	37065655
21	37153245
21	37167620
21	37172746
21	37185774
21	37188595
21	37506270
21	38054749
21	38300372
21	38400569
21	38813114
21	39177434
21	39181856
21	39236758
21	39258674
21	39406553
21	39499916
21	39660899
21	40124233
21	41237734
21	41345736
21	41348724
21	41390598
21	41432175
21	41468488
21	41745893
21	42090433
21	42127022
21	42129774
21	42315420
21	42388532
21	42493002
21	42525834
21	42565875
21	42770803
21	42896954
21	42903524
21	42903568
21	43613876
21	43633258
21	43795255
21	44260807
21	44525716
21	44903472
21	45516137
21	45896279
21	46241021
21	46324282
21	46326389
21	46440203
21	46443821
21	46498620
21	46537544
21	46664298
