22	16585662
22	16789827
22	16807420
22	16833951
22	16862161
22	16866956
22	16913787
22	16929167
22	16954184
22	16956243
22	16991244
22	17056630
22	17069804
22	17080679
22	17179517
22	17179583
22	17179725
22	17179796
22	17180294
22	17181324
22	17315630
22	17350748
22	17396832
22	17403682
22	17408618
22	17430932
22	17435273
22	17472164
22	17542552
22	17678996
22	17684194
22	17718809
22	17727411
22	17908778
22	17924974
22	17931427
22	17959770
22	17987630
22	17988988
22	18003675
22	18036330
22	18036414
22	18088085
22	18091722
22	18100527
22	18129459
22	18137123
22	18143897
22	18152950
22	19006093
22	19013741
22	19056749
22	19072356
22	19073724
22	19074825
22	19078854
22	19196107
22	19222080
22	19276423
22	19317797
22	19331389
22	19333377
22	19349936
22	19447848
22	19474253
22	19485617
22	19562943
22	19574548
22	19587101
22	19587761
22	19603825
22	19617823
22	19662922
22	19797959
22	20092450
22	20093995
22	20096845
22	20101748
22	20103670
22	20378007
22	20390687
22	20418483
22	20419246
22	20447895
22	20452110
22	20472812
22	20623927
22	20787999
22	20822347
22	20881101
22	20883130
22	20951558
22	20952484
22	21038407
22	21708191
22	21714723
22	21717506
22	21733139
22	21797650
22	22019853
22	22044560
22	22197586
22	22244752
22	22422505
22	22486333
22	22608753
22	22850324
22	23038589
22	23132392
22	23228019
22	23364067
22	23408817
22	23423059
22	23482759
22	23535728
22	23596167
22	23705012
22	23918426
22	23985987
22	24055041
22	24075840
22	24076647
22	24091785
22	24286728
22	24321669
22	24333242
22	24335187
22	24369036
22	24518899
22	24691092
22	24703425
22	24717860
22	24732371
22	24746865
22	24751456
22	24752377
22	24761949
22	24768637
22	24797347
22	24803900
22	24832749
22	24855533
22	24885365
22	25028581
22	25058613
22	25061445
22	25095257
22	25108280
22	25157277
22	25237824
22	25264660
22	25268027
22	25270600
22	25280972
22	25300818
22	25413973
22	25448915
22	25550334
22	25555092
22	25557129
22	25583645
22	25615198
22	25623362
22	25635646
22	25639616
22	25652734
22	25675051
22	25726606
22	25785197
22	25791205
22	25802830
22	25809527
22	25814618
22	25857655
22	25886081
22	25959827
22	25980822
22	26002156
22	26046071
22	26051150
22	26060547
22	26071824
22	26088515
22	26099731
22	26122140
22	26132088
22	26135870
22	26141470
22	26223245
22	26228447
22	26246102
22	26262951
22	26267640
22	26268623
22	26270024
22	26283771
22	26310731
22	26319940
22	26330265
22	26333509
22	26380154
22	26385362
22	26396467
22	26417336
22	26450481
22	26457867
22	26493516
22	26503729
22	26549136
22	26558612
22	26593164
22	26595047
22	26597080
22	26716141
22	26852521
22	26875637
22	26878718
22	26885786
22	26895268
22	26945236
22	26971989
22	26988448
22	27012378
22	27017481
22	27024770
22	27028616
22	27080703
22	27085547
22	27097701
22	27100094
22	27133838
22	27138558
22	27163739
22	27183466
22	27204249
22	27225378
22	27281260
22	27285665
22	27291711
22	27311042
22	27333847
22	27378674
22	27403021
22	27439666
22	27441393
22	27456346
22	27456994
22	27471648
22	27487575
22	27501269
22	27514648
22	27557963
22	27585309
22	27588404
22	27597485
22	27603894
22	27625099
22	27651929
22	27660563
22	27701901
22	27711889
22	27713501
22	27713591
22	27731455
22	27734413
22	27753786
22	27813879
22	27840742
22	27907087
22	27934026
22	27937039
22	27937195
22	27956263
22	28063677
22	28079543
22	28101929
22	28103496
22	28238909
22	28273308
22	28295689
22	28349245
22	28384616
22	28500152
22	28503821
22	28515626
22	28580864
22	28594132
22	28729088
22	28794600
22	28802214
22	28812249
22	28837936
22	28879713
22	28885414
22	28921222
22	28977535
22	29095276
22	29164287
22	29240121
22	29295930
22	29450548
22	29506710
22	29824936
22	29885675
22	29916998
22	29921094
22	29977487
22	30063035
22	30077723
22	30084163
22	30091021
22	30200332
22	30218156
22	30306562
22	30459983
22	30472990
22	30667072
22	30667654
22	30668033
22	30705585
22	30732952
22	30809805
22	30836402
22	30858019
22	30941963
22	30956470
22	30967518
22	30987499
22	31158778
22	31165652
22	31217569
22	31397062
22	31469648
22	31578660
22	31715230
22	31717178
22	31717283
22	31843753
22	31950056
22	31951321
22	31963032
22	31974641
22	31991549
22	31994969
22	32003005
22	32004257
22	32061062
22	32077993
22	32081420
22	32104498
22	32164276
22	32165388
22	32219824
22	32244342
22	32245905
22	32256007
22	32261190
22	32272917
22	32303335
22	32312112
22	32340117
22	32354128
22	32396677
22	32425661
22	32498038
22	32525338
22	32539935
22	32558072
22	32617045
22	32619891
22	32646555
22	32717220
22	32760735
22	32837392
22	32869207
22	32895559
22	32923490
22	32967370
22	33002112
22	33019149
22	33097745
22	33127235
22	33131267
22	33142848
22	33174859
22	33202239
22	33221943
22	33260617
22	33358346
22	33374747
22	33377760
22	33382042
22	33384539
22	33448128
22	33535141
22	33551548
22	33583367
22	33616081
22	33635725
22	33677120
22	33678578
22	33683827
22	33711406
22	33713229
22	33723345
22	33748437
22	33748973
22	33756877
22	33761507
22	33800921
22	33802823
22	33822563
22	33839830
22	33883608
22	33890608
22	33895156
22	33908657
22	33914791
22	33940261
22	34024007
22	34030986
22	34045266
22	34055948
22	34076166
22	34083245
22	34099234
22	34113720
22	34147984
22	34157454
22	34210755
22	34297351
22	34302418
22	34323485
22	34335563
22	34350496
22	34355007
22	34355143
22	34415913
22	34426727
22	34442254
22	34447922
22	34470030
22	34486504
22	34492513
22	34493959
22	34502055
22	34605333
22	34605441
22	34606567
22	34713346
22	34759965
22	34762824
22	34774201
22	34784867
22	34863700
22	34906113
22	34935834
22	34977894
22	35002135
22	35010492
22	35020966
22	35033963
22	35036881
22	35079464
22	35088384
22	35092124
22	35303272
22	35367098
22	35486152
22	35489805
22	35583921
22	35690993
22	35714538
22	35769609
22	35886831
22	35914280
22	36010823
22	36027389
22	36028975
22	36035405
22	36173839
22	36180591
22	36191356
22	36196809
22	36211129
22	36214513
22	36215307
22	36216809
22	36220811
22	36236597
22	36237698
22	36247684
22	36268582
22	36435940
22	36578485
22	36599139
22	36606606
22	36629880
22	36642377
22	36665351
22	36669640
22	36672779
22	36674779
22	36726679
22	36727250
22	36727321
22	36753307
22	36797458
22	36797658
22	36805933
22	36831939
22	36894159
22	36897868
22	36919842
22	36919925
22	36922079
22	36947400
22	36982492
22	36987200
22	36988658
22	37003293
22	37086824
22	37256217
22	37334516
22	37456136
22	37456665
22	37488927
22	37665108
22	37706294
22	37709533
22	37882734
22	38162736
22	38215038
22	38491052
22	38532264
22	38694345
22	38849551
22	38853203
22	38875950
22	39111009
22	39118158
22	39179895
22	39339205
22	39359274
22	39635766
22	39759632
22	39775269
22	39895404
22	39897483
22	39904964
22	39912013
22	39930505
22	40080542
22	40094132
22	40094446
22	40150521
22	40162629
22	40191114
22	40256920
22	40295146
22	40342276
22	40342482
22	40374349
22	40462106
22	40465041
22	40552080
22	40603217
22	40642050
22	40799078
22	40816545
22	40844647
22	40857811
22	40863459
22	40966585
22	41094922
22	41097329
22	41144980
22	41151150
22	41172181
22	41397052
22	41611941
22	41657413
22	41748768
22	41755922
22	41780279
22	41847578
22	41848841
22	41852285
22	41996148
22	42106482
22	42219486
22	42236550
22	42236741
22	42390388
22	42406464
22	42588902
22	42602896
22	42745344
22	42748283
22	42829960
22	42851915
22	42902420
22	42955679
22	43325988
22	43330285
22	43333166
22	43365197
22	43402367
22	43445030
22	43455773
22	43516439
22	43553129
22	43560686
22	43586958
22	43589138
22	43601948
22	43617644
22	43674101
22	43687538
22	43716510
22	43747171
22	43750989
22	43767657
22	43782223
22	43783225
22	43791392
22	43897907
22	44010101
22	44265761
22	44268884
22	44336423
22	44377220
22	44408987
22	44558371
22	44744197
22	44782685
22	44793333
22	44828952
22	44875386
22	44883239
22	44987940
22	44989408
22	44990014
22	45015888
22	45023260
22	45030009
22	45055267
22	45109751
22	45139891
22	45279494
22	45389333
22	45402449
22	45415551
22	45619714
22	45653408
22	45662600
22	45682669
22	45694188
22	45712489
22	45772909
22	45788726
22	45823148
22	45833918
22	46180139
22	46419323
22	46702823
22	46767732
22	46845814
22	46891473
22	46893079
22	46901460
22	46912530
22	46976842
22	47025096
22	47093182
22	47096937
22	47111005
22	47214891
22	47228982
22	47235162
22	47253847
22	47324242
22	47329139
22	47333296
22	47337737
22	47494765
22	47514004
22	47545531
22	47614920
22	47641201
22	47644230
22	47647158
22	47671586
22	47675970
22	47725094
22	47755730
22	47806884
22	47817085
22	47825012
22	47837345
22	47866360
22	47911020
22	47914894
22	47918094
22	47976202
22	47978685
22	47997908
22	48024732
22	48032643
22	48050027
22	48104379
22	48115451
22	48237727
22	48288290
22	48297279
22	48300808
22	48316988
22	48581734
22	48760104
22	48767970
22	48768969
22	48771993
22	48775269
22	48782140
22	48790533
22	48818283
22	48819516
22	48857133
22	48866209
22	48867463
22	48873075
22	48880016
22	48957735
22	48962739
22	48968669
22	48997729
22	49019245
22	49076224
22	49097367
22	49100338
22	49114539
22	49115351
22	49131498
22	49138018
22	49229969
22	49283939
22	49314656
22	49344191
22	49363894
22	49406990
22	49417870
22	49426499
22	49428141
22	49456185
22	49470845
22	49502242
22	49503815
22	49520953
22	49582794
22	49596600
22	49597777
22	49723565
22	49862063
22	50050118
22	50105355
22	50382242
22	50715713
22	50755201
22	26007522
22	33735750
22	33367261
22	31411389
22	33857405
22	34016908
22	48772295
22	34432834
22	42402091
22	33893899
22	25923145
22	35177982
22	17724485
22	19688217
22	25598046
22	29692268
22	43940430
22	43940218
22	49003712
22	32652939
22	27580242
22	47692982
22	38686169
22	34783555
22	25934403
22	48057849
22	33123593
22	22001243
22	32569063
22	27350157
22	31596390
22	26653047
22	27002975
22	49380202
22	27029459
22	34806279
22	44996489
22	47966541
22	26008409
22	21589649
22	34961314
22	43691394
22	17149596
22	24304886
22	44375883
22	23359943
22	48346285
22	32266294
22	26399063
22	44569484
22	25929236
22	34455117
22	33810613
22	32617919
22	20952112
22	32268254
22	45341906
22	26676183
22	26491863
22	35707904
22	41178379
22	26444511
22	25236299
22	26826323
22	27231637
22	31814777
22	32929818
22	33044234
22	34694531
22	34774744
22	36900494
22	39913326
22	40487595
22	45711034
22	45769221
22	46810776
22	43063840
22	19846503
22	35264882
22	32512751
22	35607006
22	45186979
22	45187725
22	42129130
22	19196584
22	30423770
22	23573153
22	23570536
22	39938923
22	42953626
22	29828152
22	28298222
22	18029516
22	34510016
22	17198422
22	18035885
22	35529868
22	34855932
22	33496604
22	49447421
22	35399420
22	17638084
22	42132375
22	19050221
22	32707932
22	22245798
22	27089149
22	28979038
22	49419226
22	46906411
22	49396887
22	17381186
22	30831766
22	32424379
22	33128060
22	33828308
22	34407560
22	35096320
22	36117577
22	36973981
22	38636343
22	22243567
22	22244803
22	42118186
22	42381929
22	23348138
22	20615888
22	24772146
22	24985078
22	25870515
22	26935330
22	27033313
22	27300952
22	27365736
22	44244020
22	47359575
22	47833011
22	47875017
22	48049142
22	48296844
22	49396162
22	32308390
22	20527098
22	32479203
22	17892109
22	17116407
22	48799789
22	39885301
22	44534094
22	49310508
22	44538003
22	45193609
22	18135449
22	32862790
22	23885938
22	20382012
22	33230705
22	35080742
22	42126658
22	17179666
22	24388792
22	27252298
22	32707681
22	17180288
22	46777261
22	33166337
22	42957420
22	35039155
22	34098439
22	35739164
22	29825131
22	30028388
22	45327926
22	50084988
22	38566546
22	38562255
22	27042397
22	27422635
22	47693100
22	32388064
22	32708987
22	48291264
22	26285243
22	22330982
22	33941394
22	36391885
22	32833818
22	45356618
22	31834362
22	33880107
22	40335130
22	27116272
22	35143904
22	17463955
22	31926428
22	47777842
22	41666763
22	24748945
22	27587461
22	46181593
22	16985601
22	27514798
22	16926676
22	48904760
22	34846744
22	34885948
22	34300098
22	45138414
22	25106877
22	21988657
22	27483979
22	34081478
22	20741869
22	33707278
22	39326881
22	32546810
22	36176205
22	40085732
22	49044420
22	26295753
22	27808809
22	33119101
22	45446523
22	48289469
22	25029436
22	17289291
22	17647443
22	17963446
22	16988668
22	32455646
22	47853143
22	33630318
22	32604408
22	27300233
22	26903524
22	19849182
22	35112833
22	31739502
22	33812297
22	49282919
22	40160112
22	35934890
22	49135976
22	33791106
22	26969142
22	33380839
22	36921487
22	36158812
22	27464282
22	49134613
22	36960603
22	36708374
22	49865042
22	27380382
22	26091239
22	48057774
22	40770131
22	22154403
22	49403882
22	27568577
22	22249007
22	31965226
22	46852446
22	30667845
22	22939160
22	34053789
22	27675510
22	44105755
22	46829709
22	26649540
22	33432779
22	36470362
22	37859192
22	27506393
22	48286557
22	46920045
22	39100739
22	49064980
22	36856576
22	34595537
22	21710962
22	33829371
22	26185960
22	32307237
22	26263635
22	26242195
22	26243639
22	26239831
22	47877640
22	19340415
22	17464163
22	36524015
22	50391827
22	17400253
22	26277433
22	44988090
22	32165601
22	50423877
22	21988259
22	24748709
22	33860381
22	34296447
22	17060783
22	33710518
22	49083284
22	47510865
22	17303712
22	27584479
22	34462627
22	50394323
22	27620192
22	34276838
22	48811313
22	32256417
22	36951319
22	27044640
22	50399486
22	50383516
22	32853284
22	48290813
22	45810820
22	35426771
22	47754327
22	49068929
22	36524361
22	49407097
22	46721008
22	31304522
22	26861280
22	26238197
22	26997418
22	29948182
22	32104071
22	16934002
22	34898054
22	28053365
22	34002196
22	25213713
22	32935338
22	25824670
22	24997509
22	34956408
22	33974401
22	48313394
22	47970128
22	32440645
22	32493571
22	31044717
22	25177464
22	32215875
22	25749688
22	28806075
22	32255275
22	27574607
22	48058653
22	33416531
22	44525119
22	35084053
22	48294968
22	32883460
22	23473386
22	28046644
22	34686442
22	36963448
22	27166239
22	48118826
22	34036787
22	35113395
22	19323067
22	24835739
22	22187515
22	30161292
22	18062621
22	22182623
22	26716005
22	36215018
22	17346668
22	32767315
22	34963583
22	34963754
22	33035233
22	48212564
22	49130721
22	33330677
22	25787450
22	26884663
22	33204773
22	47808831
22	22960786
22	49368145
22	19924308
22	45059718
22	27482658
22	35638982
22	29195725
22	32012504
22	48394159
22	40239272
22	34987836
22	33869808
22	16929007
22	24842839
22	38164829
22	26234053
22	29441297
22	43480339
22	32387917
22	38502810
22	27397328
22	16803473
22	21038654
22	25730048
22	43586666
22	45083280
22	40244512
22	26966804
22	49179261
22	28987939
22	25336087
22	43318249
22	49179247
22	31438214
22	17466386
22	29809948
22	43593564
22	32543733
22	41181960
22	26610172
22	27291111
22	26266076
22	35012546
22	19605633
22	48071131
22	46161262
22	17510346
22	17525900
22	17542071
22	17593780
22	47515244
22	47522071
22	27783835
22	33312694
22	32048230
22	32824707
22	32825953
22	42680803
22	28092117
22	34325444
22	32526422
22	32529257
22	47548679
22	33942677
22	32769478
22	48072007
22	30695152
22	32775195
22	35538567
22	34529506
22	48784696
22	31561079
22	33066753
22	25922347
22	45062034
22	49499760
22	17960638
22	17084998
22	27092952
22	35042779
22	18023403
22	30703940
22	32780464
22	48234372
22	33995455
22	33117099
22	27366605
22	38630734
22	28379857
22	24869823
22	35738621
22	26485165
22	27296093
22	29673218
22	17148171
22	35780530
22	27063248
22	20384399
22	27423289
22	44004269
22	26999329
22	22082342
22	34436532
22	47969374
22	36941730
22	33665229
22	33893869
22	27369794
22	23622833
22	32791655
22	43816958
22	25831072
22	34973914
22	26407240
22	47076429
22	19286738
22	27081424
22	33226681
22	35157668
22	47963142
22	49310357
22	17919903
22	45844837
22	27348038
22	26393675
22	34849955
22	32881438
22	19635863
22	34026243
22	34101994
22	47613121
22	22084548
22	25784065
22	27817056
22	44243240
22	27285449
22	21763213
22	34117788
22	34128701
22	34491662
22	33649272
22	48389374
22	48390769
22	48405749
22	47422454
22	47436741
22	47455600
22	47461788
22	34358206
22	34362188
22	34369297
22	46923312
22	34149409
22	48769279
22	48772598
22	48772801
22	48773995
22	48775746
22	48784723
22	48787192
22	48794673
22	47516431
22	32646223
22	32649009
22	47587270
22	48140657
22	44496255
22	31720397
22	23484362
22	23492253
22	23526943
22	23537152
22	23548649
22	24714909
22	36220089
22	21562901
22	50628493
22	47356532
22	32082986
22	45029214
22	45029352
22	45032725
22	45039321
22	45055386
22	45055979
22	22245125
22	47694109
22	47746931
22	47749095
22	47758265
22	29129138
22	29157967
22	29171443
22	29194234
22	29195139
22	44774242
22	38906778
22	28903818
22	28919846
22	28922736
22	36022232
22	36061565
22	36160775
22	36161452
22	36161502
22	36168122
22	36168981
22	36173796
22	36174190
22	36175868
22	36191656
22	36201831
22	36204245
22	36208559
22	36209285
22	36220845
22	36225663
22	41617519
22	45129309
22	45132192
22	45140118
22	45157682
22	45171154
22	25165248
22	38152957
22	38166049
22	38166917
22	38167965
22	38172087
22	40581936
22	40654604
22	40654867
22	40675727
22	40685557
22	40690493
22	25300592
22	25306158
22	25335266
22	41873624
22	42020052
22	42027641
22	29450350
22	22047705
22	39867355
22	22049685
22	32636055
22	32577084
22	48370088
22	48197225
22	48232670
22	48257458
22	48264718
22	48270474
22	48270638
22	48281449
22	48287706
22	48288009
22	48311783
22	48345771
22	37424776
22	44453681
22	25727521
22	25745715
22	25759855
22	25770044
22	44128317
22	33005370
22	33006858
22	33017325
22	33020493
22	33026521
22	27626764
22	27633718
22	27634683
22	27637065
22	27649811
22	27654568
22	27665235
22	27665571
22	19265809
22	27675670
22	27676045
22	27732203
22	27733251
22	26503508
22	28223895
22	28228331
22	28238988
22	28245146
22	35109617
22	35120004
22	35134155
22	35134490
22	35137415
22	35138137
22	35149308
22	35154238
22	35158501
22	35161516
22	33834202
22	35183353
22	49531010
22	49517522
22	28380003
22	28411637
22	29061594
22	29078289
22	29081623
22	29086233
22	29086737
22	29105693
22	29107967
22	26083985
22	26098646
22	26104451
22	26105918
22	26118513
22	26120870
22	26122489
22	26145122
22	26154573
22	26170791
22	26177274
22	26192440
22	26192779
22	27255754
22	27257227
22	27257436
22	27258877
22	27272409
22	27274387
22	27277250
22	27278586
22	27288197
22	45664661
22	45678378
22	42255961
22	42256311
22	42265138
22	42265929
22	27017580
22	27025880
22	27029827
22	27036394
22	27123825
22	27127986
22	27129401
22	43101892
22	43102155
22	33312873
22	43449809
22	43447158
22	43437779
22	32076472
22	47231481
22	32774115
22	34462182
22	34103569
22	34105552
22	49128412
22	49132059
22	49133688
22	48064913
22	48068772
22	48071753
22	48077422
22	48028113
22	48011292
22	48003850
22	44285732
22	44250783
22	32553396
22	34340669
22	32583287
22	48165576
22	44502310
22	28154018
22	46706598
22	46710818
22	46713688
22	38260679
22	49543536
22	49556003
22	49557021
22	49567700
22	49578301
22	49619925
22	44378607
22	44411593
22	44416156
22	45801725
22	45846268
22	45866029
22	46946605
22	46948101
22	46952789
22	46952938
22	46962616
22	46984710
22	46985822
22	46988141
22	36239921
22	36265490
22	36265520
22	36265600
22	36268440
22	36276230
22	36359453
22	30836087
22	30823882
22	30817110
22	30812557
22	30810408
22	30810060
22	30802050
22	30796036
22	30755548
22	30735617
22	30722396
22	30720766
22	32179162
22	32180437
22	32188611
22	32192365
22	26838208
22	26842842
22	26844062
22	26847271
22	26848544
22	26849174
22	26849349
22	26857942
22	26858493
22	26859727
22	45380333
22	47250301
22	45528800
22	49406488
22	49406796
22	49408801
22	49435469
22	31876672
22	27402694
22	27403045
22	27404494
22	27408058
22	27419530
22	42585132
22	27535171
22	43551223
22	26269708
22	26274119
22	26292865
22	26294573
22	22040351
22	26296220
22	26297261
22	34896519
22	34771453
22	34782881
22	33106181
22	33116120
22	33123766
22	33188897
22	33192238
22	33196340
22	33214631
22	33214829
22	33219857
22	33224328
22	33236865
22	33239294
22	33240010
22	33242414
22	32855292
22	32863117
22	32880920
22	32886326
22	32886984
22	32900121
22	39336166
22	39344073
22	43616618
22	43660490
22	43664040
22	43683800
22	39882389
22	39883526
22	39900374
22	39907930
22	39912914
22	39913506
22	39924357
22	39929157
22	39931202
22	39940817
22	39940841
22	39948039
22	39979699
22	40216970
22	40220108
22	43824793
22	43826960
22	45710250
22	45711225
22	45718518
22	45746785
22	50117902
22	50118978
22	50121524
22	50124711
22	50129638
22	50139875
22	40806132
22	40815225
22	40845941
22	40853518
22	40866848
22	40876139
22	38393931
22	38502046
22	46600051
22	46599944
22	44555387
22	44559153
22	44564163
22	44569440
22	44579333
22	44583580
22	27976846
22	28069616
22	35332473
22	49788267
22	49789514
22	49814055
22	49820373
22	49831785
22	35520633
22	35524087
22	40485789
22	40504837
22	44198704
22	44211775
22	44215101
22	44217642
22	44225302
22	44230284
22	39103364
22	39104927
22	39117525
22	39156998
22	41209635
22	21761913
22	41814981
22	46813048
22	46831222
22	24794512
22	24796465
22	24827953
22	24829802
22	24829912
22	24835041
22	24836895
22	24846625
22	24851663
22	24852343
22	24852782
22	24852798
22	24852888
22	24901546
22	24902202
22	24904691
22	24909751
22	24912305
22	49726702
22	49734782
22	49752821
22	49758581
22	37876922
22	37975321
22	40324959
22	40330745
22	36548975
22	36549242
22	36573885
22	29279412
22	31714177
22	31714957
22	31716475
22	23485117
22	23492852
22	23984592
22	23953869
22	23994133
22	24517455
22	24715500
22	36637217
22	45036753
22	32851872
22	32848327
22	34417263
22	34458673
22	34455141
22	18145732
22	25535405
22	49308698
22	19827686
22	35135401
22	35294186
22	27485882
22	48929017
22	24749786
22	49368160
22	34991116
22	33168773
22	36121884
22	26810326
22	23145346
22	34292320
22	34272341
22	34216946
22	27263269
22	27287516
22	27226946
22	27167813
22	28376829
22	25144875
22	35520251
22	44126432
22	49004740
22	47224613
22	33908085
22	35655145
22	29094160
22	22194122
22	44835878
22	19944145
22	29911246
22	33548914
22	27577608
22	33066131
22	25193825
22	46181313
22	43383861
22	43393628
22	46918194
22	17469875
22	20084129
22	20740493
22	27382770
22	38579506
22	42963255
22	36732550
22	36995594
22	26630840
22	46843245
22	25874497
22	20094329
22	20781475
22	16837260
22	16833261
22	20816827
22	16838266
22	20781058
22	24777377
22	24817056
22	24830190
22	24891837
22	25662807
22	25684823
22	25723137
22	25830873
22	25858830
22	25991215
22	26063059
22	26193786
22	26210467
22	16738735
22	26270645
22	16792288
22	26306242
22	16845660
22	17057299
22	26382781
22	17138186
22	26465755
22	26529987
22	26552255
22	17380740
22	17418497
22	17418561
22	22073744
22	17449230
22	17466262
22	26658215
22	22081907
22	19915148
22	26846444
22	26851807
22	26895281
22	26908682
22	26947390
22	26977500
22	26981833
22	26983889
22	26998770
22	27039651
22	27059019
22	27146882
22	27175383
22	27179591
22	27328209
22	27411137
22	22171214
22	27633571
22	27659393
22	28073837
22	28289388
22	23857517
22	28358660
22	28504689
22	26063332
22	28712124
22	26967669
22	27070880
22	28904318
22	27569483
22	29103000
22	29187973
22	29215917
22	22341713
22	32358319
22	29439071
22	29680731
22	30196853
22	30217852
22	31575296
22	31802487
22	31329430
22	31859816
22	31879956
22	31970504
22	31550296
22	32010047
22	32272616
22	32324417
22	32385600
22	32431071
22	32433493
22	44249812
22	32598107
22	32603073
22	32605290
22	32606165
22	43630231
22	32635407
22	43683188
22	43755776
22	32699089
22	43812732
22	43945518
22	43963117
22	44013296
22	44253785
22	33072019
22	44811439
22	33242329
22	33259271
22	33383196
22	33572382
22	33588343
22	33723501
22	33731328
22	33744447
22	33750186
22	33761539
22	33816214
22	33947708
22	45059526
22	45070534
22	45215570
22	34207608
22	34447401
22	34501438
22	34522258
22	45746757
22	23638681
22	48118479
22	46914120
22	36107202
22	36265845
22	36300203
22	47441745
22	47500425
22	21715051
22	36898910
22	36911823
22	36912649
22	47759523
22	36969233
22	37008126
22	47878750
22	47897201
22	47902310
22	47929944
22	47947322
22	48028080
22	48463357
22	38729524
22	48772496
22	38935341
22	38943775
22	49422715
22	39405743
22	49536016
22	39890266
22	40274890
22	40363304
22	40509068
22	23591838
22	42397116
22	42677025
22	42731058
22	42821074
22	43320965
22	43384450
22	24050841
22	24077471
22	24484206
22	48770398
22	49121500
22	49141070
22	18066386
22	18084151
22	19271716
22	19927331
22	20045053
22	49474519
22	26241290
22	39189917
22	26285226
22	26287430
22	26292872
22	26331163
22	39887423
22	27019292
22	27037922
22	27040946
22	40725180
22	16738466
22	26034255
22	26162118
22	26187581
22	26223418
22	26238497
22	41827406
22	27676032
22	27890036
22	26472524
22	26473417
22	26498913
22	26500744
22	26574937
22	26838151
22	26938091
22	27043481
22	17513100
22	17516116
22	17520129
22	17522347
22	27150956
22	16715410
22	41103818
22	17532972
22	27171992
22	27180055
22	17553499
22	29092656
22	41748368
22	27483081
22	29428534
22	29445653
22	42188606
22	29379034
22	27870527
22	27915555
22	42712389
22	43796138
22	28605763
22	44534821
22	16823356
22	28946975
22	28982622
22	29102606
22	44880466
22	23492702
22	23673144
22	45177569
22	22140471
22	45451315
22	45610230
22	45613183
22	45613528
22	43630245
22	43711789
22	34141024
22	22368981
22	47748977
22	47788140
22	48043087
22	25799514
22	45058958
22	23743065
22	25892225
22	26010971
22	45378388
22	24031042
22	30004872
22	30104245
22	24448915
22	45755538
22	45765349
22	45846479
22	25018285
22	25072863
22	47638980
22	47651376
22	25203882
22	47878648
22	32091713
22	32091757
22	32110054
22	32112017
22	32438056
22	32445773
22	32466867
22	47927890
22	47949012
22	48064872
22	32575512
22	32605221
22	34934421
22	32745630
22	25835345
22	25844725
22	25889928
22	35079362
22	35087749
22	33055841
22	33142272
22	33145561
22	30338727
22	33684585
22	33707927
22	33708202
22	33802021
22	33861233
22	30492507
22	17462474
22	17513278
22	18066875
22	19252380
22	19671231
22	32050818
22	33940630
22	34002062
22	36900554
22	36971495
22	34224453
22	37101986
22	38382952
22	20636375
22	20820156
22	21089741
22	21756338
22	32339651
22	46913351
22	47354974
22	49070190
22	32444239
22	32485594
22	34654779
22	49461753
22	33081629
22	33163488
22	33203636
22	33281830
22	33480175
22	20814301
22	20818210
22	16934600
22	16994516
22	20857920
22	17058239
22	17408713
22	17500594
22	33838313
22	19002615
22	19016425
22	20413501
22	20791177
22	21714228
22	21821696
22	22018120
22	46812112
22	34451308
22	49427766
22	46853319
22	26492094
22	24072436
22	28711405
22	16740605
22	34590475
22	27289708
22	32101851
22	45185640
22	17728419
22	17729764
22	19280057
22	17424282
22	17408916
22	21989156
22	17925939
22	18024264
22	34230464
22	49197580
22	48353612
22	41847016
22	32339963
22	25015453
22	35074547
22	36709135
22	24819469
22	40747015
22	27567481
22	27615106
22	23927243
22	24749504
22	24749486
22	22047138
22	22339540
22	33577526
22	32740951
22	47239541
22	49139958
22	26457939
22	26458475
22	26398726
22	26362409
22	38391934
22	37114993
22	34951143
22	27289583
22	29409878
22	33654575
22	49128704
22	17431541
22	27526746
22	27526653
22	26019599
22	46853655
22	19655722
22	16956420
22	16920944
22	17092382
22	34055829
22	38319217
22	24843590
22	25490694
22	23899346
22	24092897
22	32779763
22	47336990
22	47337028
22	26985173
22	36232947
22	25504856
22	49362628
22	26633581
22	27774043
22	29676696
22	36267956
22	25509701
22	44361191
22	20518568
22	30448132
22	35729217
22	38143597
22	37155270
22	34944114
22	26644030
22	31118491
22	23419473
22	34452559
22	35078229
22	34982206
22	40130468
22	33796438
22	17231252
22	43461434
22	34142666
22	29675955
22	24770353
22	25157570
22	36629772
22	36149613
22	16590153
22	33083594
22	27646565
22	16815946
22	18137134
22	17498704
22	34382703
22	34354883
22	33694887
22	32412368
22	36539325
22	36540099
22	26166174
22	26100656
22	36575910
22	32629194
22	35835310
22	49615450
22	34483988
22	40138960
22	47561397
22	27523818
22	47884757
22	19109924
22	33993966
22	30472115
22	23743667
22	33051323
22	40363229
22	42210251
22	23198726
22	23199301
22	35381625
22	44395927
22	49539118
22	49539066
22	32850045
22	25874665
22	25902787
22	29359899
22	16808098
22	48346844
22	32394411
22	32394823
22	43039662
22	43998522
22	43964127
22	24898402
22	28709570
22	22195678
22	19508444
22	20002367
22	19233883
22	30008007
22	30340158
22	21067170
22	17884055
22	40362577
22	38858551
22	36875840
22	36922737
22	27067889
22	48256372
22	32332882
22	32425152
22	32435822
22	32436887
22	36516677
22	25105917
22	35607892
22	43069523
22	43069808
22	43051977
22	43052111
22	17422635
22	19284308
22	27740989
22	24349530
22	27170420
22	35245699
22	32442268
22	37535839
22	34850900
22	44104263
22	47854832
22	36946958
22	24737085
22	32769034
22	47242245
22	37447223
22	36155868
22	34334645
22	24978536
22	47854987
22	27659505
22	45173964
22	27159355
22	38891114
22	43995806
22	36746610
22	45122795
22	41117090
22	47958090
22	24687947
22	22215881
22	37009870
22	48020943
22	32556026
22	34948328
22	36237381
22	35946342
22	26985383
22	37855679
22	25884495
22	17453649
22	19551004
22	17695097
22	49355494
22	27358813
22	27360478
22	27378463
22	29054935
22	47393674
22	24869667
22	28568186
22	36948149
22	22831959
22	33859666
22	41696221
22	25254681
22	47716814
22	17431799
22	17431907
22	19106652
22	17011643
22	29098605
22	39799012
22	34867913
22	26393802
22	22041356
22	34078656
22	47515789
22	32541415
22	36821128
22	34918763
22	34685765
22	47237488
22	28965171
22	43878234
22	26925209
22	26953639
22	26974819
22	26848722
22	27154802
22	34524396
22	42203440
22	26161520
22	34691220
22	33200309
22	36191438
22	36191463
22	26815609
22	24499984
22	24502342
22	32801088
22	38820662
22	32253444
22	26027014
22	23880523
22	16591593
22	19060936
22	45851342
22	32538239
22	44479772
22	36265284
22	36187036
22	21009671
22	30925961
22	30964606
22	30461386
22	49222985
22	29652193
22	32584211
22	45318517
22	45190636
22	21973944
22	23203692
22	23204713
22	26564723
22	27862712
22	29370977
22	30557308
22	32862063
22	32862230
22	33405157
22	33415691
22	33508768
22	33681210
22	33710565
22	33710867
22	33714298
22	33763549
22	33823952
22	33828928
22	33829494
22	33829939
22	33851806
22	33911887
22	36580928
22	36619471
22	36704215
22	38169202
22	39952516
22	41509274
22	41841765
22	42903872
22	44031684
22	44031823
22	44060605
22	17541816
22	50610086
22	43859342
22	25840824
22	25872373
22	25872496
22	41868265
22	41884614
22	45413817
22	36385523
22	50144121
22	36476703
22	43936690
22	43936597
22	43999509
22	24067613
22	19423915
22	45852290
22	21776836
22	26526728
22	26530081
22	33332049
22	33353290
22	33355877
22	33614724
22	33699999
22	33739446
22	33879572
22	36577711
22	36590045
22	36592607
22	36614943
22	36628906
22	36694298
22	36700882
22	36805773
22	36808185
22	38148291
22	38163402
22	39967774
22	41887546
22	44059593
22	47565959
22	42584672
22	26793573
22	25881588
22	25888141
22	25941651
22	20092924
22	17138478
22	17598370
22	37101553
22	37104603
22	37146161
22	32244070
22	43946106
22	43946236
22	43946445
22	23608459
22	21798950
22	30417435
22	17611526
22	25880903
22	25881062
22	25924048
22	17143182
22	49310587
22	49312299
22	22082930
22	22315748
22	23419049
22	23419202
22	23927846
22	25190777
22	25245058
22	25546628
22	25753600
22	26070799
22	25994693
22	25995033
22	26865554
22	26869559
22	26898580
22	27029629
22	27047106
22	47094301
22	47249839
22	47587627
22	47775941
22	47766382
22	47888276
22	50134044
22	27110574
22	27165990
22	44577859
22	45736304
22	16805059
22	21994691
22	33760620
22	33768781
22	33773305
22	33723880
22	33723912
22	33724622
22	33725877
22	33727803
22	33739021
22	33741280
22	33744968
22	34058246
22	33694376
22	33695583
22	17200959
22	17349065
22	17401906
22	17910768
22	43998139
22	21904094
22	30098382
22	30133642
22	30171918
22	32311480
22	32651536
22	32730006
22	33113580
22	33440805
22	33571303
22	33932752
22	34092463
22	34582114
22	34932240
22	35662029
22	36076295
22	37599445
22	37785372
22	32987434
22	32989256
22	32978142
22	32846175
22	32883250
22	32870878
22	32833844
22	32828453
22	32825044
22	34036818
22	34047317
22	34118821
22	34001464
22	37037988
22	27002549
22	27009422
22	27009662
22	27010473
22	29299939
22	17448122
22	19265299
22	21104515
22	17463647
22	17467456
22	17477845
22	17486830
22	17407829
22	17415036
22	17430953
22	19094833
22	19111453
22	29628274
22	29642163
22	17720084
22	17722122
22	17725161
22	17726952
22	17039960
22	17057192
22	21103793
22	21105931
22	36675973
22	49348644
22	49309085
22	49252130
22	49245359
22	32632905
22	32673942
22	44417775
22	25513844
22	19090414
22	40627460
22	16652546
22	42470608
22	30333518
22	49337151
22	40458452
22	47001084
22	35452731
22	16733362
22	16739111
22	16721712
22	16722213
22	17049480
22	17055665
22	45877992
22	26241332
22	48864293
22	43947472
22	16988159
22	48866191
22	48864371
22	47534984
22	31957907
22	17437110
22	40389133
22	35451283
22	29660956
22	29679063
22	33597660
22	17463087
22	36972210
22	36973164
22	32543828
22	49316267
22	49219057
22	49227255
22	49229360
22	49230470
22	49250136
22	49255851
22	49257598
22	32584690
22	32602033
22	31953625
22	35454329
22	25849211
22	43323433
22	46905835
22	26699299
22	50362905
22	22097017
22	32417568
22	35487745
22	48873110
22	24380483
22	43440279
22	43384995
22	35485488
22	36431049
22	19646807
22	49010289
22	48852407
22	38174691
22	40215008
22	48874505
22	43797237
22	48838252
22	25714338
22	21752246
22	23030238
22	24894520
22	25797857
22	26604153
22	26835440
22	27131536
22	45124169
22	16821857
22	17430479
22	35081272
22	35610275
22	36722244
22	36831903
22	42462604
22	21008233
22	39896687
22	40004908
22	39955434
22	39999080
22	26524082
22	40216152
22	27742018
22	25861710
22	27045417
22	31434435
22	23837735
22	29057039
22	26512467
22	43320318
22	37148770
22	33480423
22	35720488
22	32110117
22	42214093
22	48968885
22	26950268
22	33773766
22	27627657
22	27426710
22	34796096
22	32648949
22	34391687
22	49002214
22	47760628
22	48227117
22	36828937
22	22162491
22	27316138
22	27076496
22	25447225
22	44655497
22	40169538
22	48289232
22	30733539
22	44030696
22	34444895
22	30812939
22	33904564
22	26562427
22	27635612
22	50503229
22	30170705
22	39406490
22	48242850
22	17142326
22	26446397
22	25758541
22	29958421
22	27603729
22	39894764
22	20855365
22	33601209
22	44042088
22	48214740
22	34264246
22	26004008
22	41022852
22	32751787
22	26633086
22	27316187
22	16652574
22	45748640
22	42016321
22	30680595
22	39405199
22	19406732
22	48342321
22	48206790
22	45155994
22	17728035
22	27618971
22	48205339
22	48327848
22	25533571
22	29156717
22	29374560
22	19841216
22	28373184
22	24198381
22	32885068
22	47931474
22	45124978
22	41696767
22	49506454
22	29173031
22	27078014
22	48210638
22	34073458
22	26263369
22	25888650
22	41136021
22	17976703
22	25763066
22	25876277
22	17117923
22	32904152
22	22064317
22	48293814
22	42149902
22	36490152
22	27137724
22	43806574
22	28290178
22	19686481
22	39405441
22	30615363
22	45697430
22	49007714
22	32700192
22	48872046
22	29060683
22	24056740
22	47478378
22	33604474
22	32954419
22	46259882
22	18118648
22	18128456
22	18094572
22	20411699
22	19276024
22	17342371
22	20388160
22	20389481
22	19276175
22	18089062
22	18104104
22	22507676
22	35069092
22	18125669
22	20378519
22	20390911
22	18126875
22	22515823
22	29804724
22	21807837
22	17888871
22	19275691
22	22547644
22	23595545
22	26466075
22	26482015
22	43735906
22	44883440
22	44883649
22	45344215
22	45344343
22	26536184
22	26451620
22	35194821
22	29292643
22	17182227
22	35303052
22	18031762
22	23798161
22	24498888
22	24558864
22	32661638
22	32662060
22	32735060
22	32764411
22	36873465
22	39615268
22	39617211
22	42931520
22	45290209
22	45585414
22	45598623
22	47712570
22	29441548
22	31683317
22	44245172
22	44882619
22	49531280
22	50737198
22	50108237
22	27764086
22	33569511
22	33569927
22	42943870
22	44244803
22	48468866
22	17959756
22	28734364
22	17984036
22	18087409
22	25785800
22	21666405
22	26569396
22	36267581
22	26246968
22	25504447
22	46901883
22	21097436
22	49904240
22	48883465
22	34193425
22	47717041
22	22485078
22	21076765
22	22004012
22	17984087
22	25304928
22	30009994
22	17951322
22	30028874
22	23996457
22	25557383
22	25546910
22	25577711
22	25563735
22	41434870
22	23743839
22	25726546
22	41825842
22	44248032
22	44882151
22	49889563
22	40324700
22	40333433
22	24951103
22	30366189
22	35739567
22	29406815
22	25782033
22	36676431
22	31805034
22	30485461
22	31804863
22	32484019
22	20645339
22	36714714
22	22024031
22	47840502
22	37102979
22	35605522
22	19634844
22	19635080
22	22046492
22	22182456
22	17954178
22	22391236
22	47717297
22	34156487
22	17965510
22	17307832
22	33930156
22	34943006
22	27081170
22	18033553
22	46168786
22	46176847
22	46185026
22	46189531
22	46214512
22	46215102
22	46219479
22	46226487
22	46226991
22	46228008
22	46233582
22	46177754
22	23325825
22	22700118
22	30560432
22	30565658
22	26369265
22	21094739
22	32554291
22	32570121
22	30339919
22	32736904
22	26985874
22	48269749
22	34339383
22	45101514
22	22026929
22	36094437
22	46896457
22	18006486
22	38174835
22	48250665
22	48316792
22	23338426
22	48318541
22	48324188
22	48345986
22	27253743
22	27025669
22	33164994
22	42665731
22	42366018
22	44382474
22	32877883
22	30819903
22	33113010
22	25135035
22	45688150
22	17931209
22	17972466
22	34046949
22	48376981
22	26943950
22	18012704
22	17222841
22	21613106
22	27091270
22	35617072
22	35611417
22	26215497
22	32589701
22	26059593
22	48464870
22	18050668
22	19915003
22	49483282
22	32276850
22	18044023
22	34944595
22	26943909
22	18088242
22	18040448
22	18048218
22	29565997
22	29553520
22	29158195
22	32993753
22	33020216
22	33030344
22	33938821
22	34363251
22	49407294
22	31867145
22	43897774
22	38413597
22	27977756
22	27981095
22	38720790
22	40333610
22	27215034
22	27314742
22	33757408
22	27237556
22	27330065
22	27299096
22	17387100
22	17434944
22	17135620
22	17439492
22	17889943
22	17910798
22	17913563
22	18035868
22	18070776
22	19544855
22	19579626
22	16807384
22	16986521
22	16986584
22	17081023
22	17193227
22	17309841
22	17346794
22	30443359
22	30610017
22	32305290
22	32501543
22	32605191
22	32765838
22	33355076
22	33827023
22	34141461
22	34513971
22	35035018
22	35543322
22	35571415
22	20499874
22	36213693
22	36806135
22	36810297
22	36961095
22	36982817
22	37709974
22	38910625
22	41035338
22	41141585
22	22610004
22	24827695
22	25313202
22	25823638
22	25838637
22	25958689
22	26488073
22	26783530
22	27004391
22	27069666
22	27094766
22	27107875
22	27706383
22	29037107
22	29987318
22	30590578
22	30734550
22	31149405
22	31190262
22	31308553
22	31473481
22	31533668
22	32270640
22	32582241
22	32659056
22	32660355
22	33072123
22	33265778
22	33483153
22	33528933
22	33713019
22	33715992
22	33817516
22	33821237
22	33859640
22	33929311
22	34165407
22	34420212
22	34601087
22	34787286
22	34801600
22	35031435
22	35045512
22	35076600
22	21860283
22	35597736
22	35598064
22	35598236
22	35900061
22	36220235
22	36482113
22	36582143
22	36598016
22	36617772
22	36856876
22	36874401
22	36880042
22	36918248
22	37213254
22	22076634
22	37859318
22	22156977
22	38796990
22	39045198
22	39204646
22	40326741
22	20546290
22	41065832
22	41539908
22	42379942
22	42704573
22	43366204
22	22941147
22	23198422
22	23423078
22	23487274
22	23923472
22	24031553
22	24777560
22	24820859
22	24835455
22	25240713
22	25258847
22	20844488
22	25529111
22	25784571
22	25833535
22	25953967
22	26022602
22	26035025
22	26326691
22	26484590
22	26534190
22	26549736
22	26585698
22	26616930
22	26648353
22	26728779
22	26790358
22	26795979
22	26802756
22	26928573
22	27037287
22	27091618
22	27091853
22	27252230
22	27473056
22	27473231
22	27498013
22	27557457
22	27636866
22	27706498
22	29055683
22	29528836
22	29802036
22	30123425
22	43619411
22	43714599
22	43793068
22	44012361
22	44130250
22	44161183
22	44265564
22	45403396
22	45638047
22	45842243
22	44514237
22	44565595
22	44376760
22	44775849
22	47730651
22	47869327
22	47913069
22	48049404
22	48123977
22	46909986
22	47305961
22	47410446
22	47456732
22	47610081
22	47707051
22	47806806
22	47826296
22	47876212
22	47878283
22	47930703
22	48268753
22	48372256
22	46509453
22	46900678
22	49404362
22	49467384
22	49818918
22	49137003
22	49139381
22	49455375
22	48970311
22	49702701
22	33757979
22	50139092
22	50085856
22	27324866
22	27342265
22	26382495
22	27186138
22	33756912
22	27344882
22	27231355
22	26286619
22	35737692
22	44793569
22	26019328
22	25540332
22	27304958
22	27287070
22	27312891
22	27217169
22	25542058
22	27317035
22	26408249
22	27249297
22	27265917
22	27213635
22	27196780
22	31833991
22	36262758
22	38713554
22	49267445
22	34127571
22	32360983
22	43894696
22	37262417
22	35446195
22	35604664
22	27367816
22	20787104
22	36223899
22	48915011
22	25103894
22	31580313
22	41725785
22	29427045
22	40010458
22	26796497
22	20095043
22	34575816
22	41120604
22	38790353
22	27219449
22	31463195
22	48056600
22	43879579
22	36694396
22	27337028
22	24817705
22	42179942
22	47956691
22	27264694
22	23008283
22	33705007
22	26064553
22	26561341
22	35564588
22	43026602
22	48769322
22	24723243
22	30343514
22	26661299
22	37518627
22	19213848
22	36725686
22	32986156
22	32422929
22	46840943
22	26968647
22	19864915
22	28319989
22	32847020
22	27526701
22	24912832
22	27314382
22	48348532
22	36853407
22	24894961
22	22214370
22	27316820
22	36517002
22	44413313
22	27282502
22	27200649
22	25529793
22	33690365
22	28051454
22	27330205
22	27253617
22	27333781
22	48910109
22	42232329
22	27224048
22	31823642
22	44764742
22	31115085
22	48889784
22	27226922
22	47792445
22	27349647
22	27539884
22	17938713
22	17437370
22	17474721
22	17492851
22	17911167
22	19242842
22	19296215
22	19484379
22	19505678
22	19587678
22	19598313
22	19652759
22	16753607
22	16809120
22	16837443
22	16973596
22	17012630
22	17122911
22	17142518
22	17220640
22	17237716
22	17255617
22	17377016
22	17403331
22	17412507
22	17426806
22	17450163
22	17467164
22	17469431
22	17479153
22	17479399
22	17505426
22	17511820
22	17621853
22	17632626
22	17646194
22	17913111
22	17915681
22	17947892
22	19274516
22	19332240
22	19426736
22	19530556
22	19671576
22	16783675
22	16784234
22	16799932
22	16800220
22	16803650
22	16807310
22	16912130
22	16936852
22	16946774
22	16953363
22	17019979
22	17090465
22	17143830
22	17217283
22	17284615
22	17308120
22	30346136
22	30605835
22	30665165
22	30722408
22	30828588
22	31203678
22	32283394
22	32303468
22	32309484
22	32316286
22	32360912
22	32372564
22	32427169
22	32539417
22	32560521
22	32596403
22	25447917
22	32624633
22	33105757
22	33221815
22	33241395
22	33286111
22	33569020
22	33708458
22	33715655
22	33819947
22	33828327
22	33828880
22	33928766
22	33981031
22	34018477
22	20480802
22	34191054
22	34623631
22	34935573
22	34963515
22	35078065
22	35230229
22	35563195
22	35568675
22	35674374
22	35732038
22	36706880
22	36712612
22	36880243
22	36974880
22	37258892
22	37265247
22	37320089
22	37706339
22	22080038
22	22081861
22	22130206
22	22141221
22	38488770
22	38522889
22	22214430
22	39196176
22	39329275
22	39739553
22	40563916
22	40833145
22	22420139
22	22505893
22	42016929
22	42459093
22	42469706
22	23250864
22	23445152
22	23743060
22	23901549
22	24680631
22	20784954
22	24731898
22	24751849
22	24992998
22	25001773
22	25115503
22	25544444
22	25544766
22	25549737
22	25549859
22	25675591
22	25799463
22	25853310
22	25992740
22	26019509
22	26031882
22	26060401
22	26091200
22	26210290
22	20938456
22	26386285
22	26396147
22	26396677
22	26723656
22	26747282
22	26783421
22	26929086
22	26972256
22	26972515
22	26977971
22	27040978
22	27042581
22	27077810
22	27095081
22	27266973
22	27345493
22	27378818
22	27396539
22	27466808
22	27485235
22	27571314
22	27571691
22	27596786
22	27678554
22	27739309
22	27769015
22	27804188
22	27807762
22	27850873
22	27922044
22	28224919
22	28712241
22	28750515
22	28784010
22	29506203
22	29837457
22	30316400
22	30664995
22	30674506
22	30709282
22	30743666
22	30831914
22	30979599
22	31049960
22	31147274
22	31165732
22	31308392
22	31323046
22	31442532
22	31467139
22	31541428
22	31575272
22	31726047
22	31917947
22	31989311
22	32112470
22	32208512
22	32261117
22	32272384
22	32272540
22	32287178
22	32306829
22	32315209
22	32317775
22	32363270
22	32374388
22	32375030
22	32376125
22	32397547
22	32455725
22	32462497
22	32497933
22	32539566
22	32540312
22	32543490
22	32652230
22	32694832
22	32708362
22	32751289
22	32751497
22	32751540
22	32776019
22	32777442
22	32780848
22	32785355
22	32796558
22	32814668
22	32863077
22	32874474
22	33061898
22	33077322
22	33086273
22	33101468
22	33105570
22	33135349
22	33137191
22	33141861
22	33287749
22	33355792
22	33452024
22	33523948
22	33536638
22	33588771
22	33704958
22	20478049
22	33776290
22	33800639
22	33825972
22	33828074
22	33839689
22	21702984
22	33871290
22	33873606
22	33897528
22	33933235
22	33958965
22	34077767
22	34080814
22	34134897
22	34147521
22	34180027
22	34182704
22	34240083
22	34384700
22	34405816
22	34412357
22	34416096
22	34421263
22	34428117
22	34429432
22	34437248
22	34447865
22	34585278
22	34618748
22	34637477
22	34697149
22	34737001
22	34737251
22	34809501
22	34826327
22	34831341
22	34881047
22	34901320
22	34911291
22	34918482
22	34946728
22	34951673
22	34953379
22	34969102
22	34973750
22	34994406
22	35033985
22	35047427
22	35050306
22	35054311
22	35095976
22	35615875
22	35642653
22	35643111
22	35645603
22	35677071
22	35678549
22	21878915
22	35703835
22	35708683
22	35837714
22	35934428
22	36029677
22	36042533
22	36193660
22	36492019
22	36495811
22	36532368
22	36615512
22	36705302
22	21980398
22	36827290
22	36829244
22	36889852
22	36911206
22	36950970
22	36975068
22	36979627
22	37103659
22	37117508
22	37174805
22	37287898
22	37439541
22	22107948
22	22132397
22	22135336
22	22135515
22	22157074
22	22160031
22	38623848
22	38644612
22	22177139
22	38859586
22	38904260
22	20950761
22	38910779
22	38932713
22	38933961
22	38942136
22	33057229
22	39169236
22	39203740
22	39416404
22	39551569
22	39567168
22	39731288
22	39731422
22	22339960
22	20544967
22	40550303
22	40563256
22	40765045
22	41003430
22	41010915
22	41065861
22	41680637
22	42058350
22	42206698
22	42213142
22	42217479
22	42228439
22	42680335
22	22603353
22	42953371
22	43077428
22	43077656
22	43104206
22	43104429
22	43326619
22	43385021
22	43414066
22	23358720
22	23420552
22	20659060
22	23708034
22	23743920
22	23906127
22	23910410
22	24018377
22	24045997
22	24078755
22	24273497
22	24311144
22	24482836
22	24687181
22	24694801
22	24707134
22	24749127
22	24768993
22	24895109
22	24895128
22	24924404
22	24925820
22	24938902
22	24968740
22	24969747
22	25009146
22	25027095
22	25085014
22	25087218
22	25096859
22	25173972
22	20834676
22	25264737
22	20845607
22	25445178
22	25557884
22	25706341
22	25806449
22	25879493
22	25885442
22	25909021
22	25917778
22	25993383
22	25996268
22	26067058
22	26219272
22	26242711
22	26330745
22	26334849
22	26335690
22	26339799
22	26437220
22	26467066
22	26478138
22	26482058
22	26541121
22	26560024
22	26567778
22	26571408
22	26611305
22	26642889
22	26661475
22	26684187
22	26715358
22	26774762
22	26784429
22	26831256
22	26868917
22	26869276
22	26896905
22	26906668
22	26930258
22	26931778
22	26948864
22	26951718
22	26959770
22	26967361
22	27042669
22	27064831
22	27082559
22	27095401
22	27102464
22	27115786
22	27144187
22	20412667
22	27226154
22	27228043
22	27240645
22	27358177
22	27393673
22	27402871
22	27403265
22	27426936
22	27428102
22	27462840
22	27465961
22	27480407
22	27480978
22	27503906
22	27540277
22	27540619
22	27584915
22	27616050
22	27694209
22	27698049
22	27772359
22	27941723
22	27975553
22	27982484
22	28048756
22	28207224
22	28232221
22	28237583
22	28270973
22	28439470
22	28451018
22	28497220
22	28504013
22	28586955
22	28658585
22	28737002
22	28807976
22	28832142
22	28857376
22	28893358
22	28985389
22	29243101
22	29244320
22	29380868
22	29382730
22	29444351
22	29533638
22	29877175
22	29914832
22	30097893
22	43777650
22	43995145
22	43620047
22	43638054
22	43656883
22	43536541
22	43718981
22	43760556
22	43807865
22	43815018
22	44002644
22	44149665
22	43616333
22	45354103
22	44455941
22	45794157
22	44363275
22	44827880
22	45050993
22	45102306
22	45105596
22	28769878
22	45491977
22	45496776
22	45497854
22	45647099
22	45661570
22	45670385
22	45675808
22	44478765
22	45749926
22	45782499
22	44557620
22	44832749
22	45045561
22	45052036
22	45084824
22	45104637
22	45106652
22	45128028
22	47639563
22	47716708
22	47829634
22	47848514
22	47931449
22	47947640
22	48003607
22	48005570
22	48050499
22	48078424
22	48078471
22	48104662
22	48161199
22	48204448
22	48211202
22	48241507
22	48245626
22	29380354
22	46524009
22	46524641
22	46906688
22	47108219
22	47215743
22	47311443
22	47311994
22	47315065
22	47505813
22	47541847
22	47572413
22	47607053
22	47632386
22	47694931
22	47717463
22	47792504
22	47823203
22	47840194
22	47892644
22	47911295
22	47911484
22	47912155
22	47913616
22	47929025
22	47930162
22	47961114
22	47975972
22	48024668
22	48031754
22	48058747
22	48061323
22	48061457
22	48081205
22	48098708
22	48105541
22	48137921
22	48143237
22	48164294
22	48167363
22	48167846
22	48208157
22	48213882
22	48244391
22	48288100
22	48347518
22	48354633
22	46547657
22	46557636
22	25535613
22	46930078
22	46934432
22	47064760
22	49094457
22	49349446
22	49379263
22	49462025
22	49462628
22	48969821
22	48979782
22	48984941
22	49064743
22	49069391
22	49141319
22	49199634
22	49392026
22	49396958
22	49397063
22	48953569
22	49463187
22	49465093
22	49485233
22	48958619
22	49676185
22	50711739
22	50712045
22	50143808
22	48785275
22	48792098
22	48809686
22	48761781
22	48765693
22	48799504
22	17598064
22	25535639
22	37534123
22	33359905
22	29416475
22	40272631
22	32750377
22	24076224
22	35657285
22	39171905
22	32618463
22	32773503
22	27041452
22	33407693
22	34696281
22	36798750
22	47440784
22	47769704
22	18063934
22	26381128
22	50386775
22	44914469
22	24943987
22	30619733
22	26391578
22	25159382
22	47849021
22	26042396
22	26314569
22	17442027
22	32103755
22	30236144
22	41849718
22	20097298
22	48116789
22	23417492
22	26370058
22	20629305
22	47321894
22	25854623
22	32238537
22	17728255
22	20673850
22	46196271
22	17382205
22	18066408
22	18089665
22	19054186
22	31020487
22	19577036
22	19606437
22	16926459
22	16929900
22	16931916
22	17322982
22	17329593
22	17349688
22	17378818
22	17420794
22	17437503
22	17514364
22	17597388
22	17619861
22	17704039
22	17960933
22	17973488
22	17974277
22	18003516
22	18039423
22	18108133
22	19068506
22	19075631
22	19593420
22	19593808
22	19647354
22	16823567
22	16933213
22	17010042
22	17134482
22	17183898
22	17228993
22	17317910
22	17322703
22	31649322
22	31814314
22	31833663
22	31879367
22	32236556
22	32241909
22	32259297
22	32276761
22	32435724
22	32464198
22	33263801
22	33408818
22	33426559
22	34037124
22	34080098
22	34285302
22	34963675
22	35111838
22	35505020
22	35588338
22	35732403
22	36064283
22	36189579
22	36215817
22	36237061
22	36474535
22	36528729
22	36573087
22	36644152
22	36713608
22	21987850
22	36838651
22	37189960
22	38246488
22	38620398
22	22170474
22	38644728
22	22186667
22	20534640
22	39610621
22	39615978
22	42216291
22	42245452
22	42466475
22	43102108
22	22822846
22	22993408
22	23414236
22	24073165
22	24212361
22	24813757
22	24895715
22	25185899
22	25291601
22	47320061
22	25529032
22	25789268
22	25851489
22	25896908
22	26041843
22	26282162
22	26838660
22	26979566
22	27013502
22	27051117
22	27152465
22	27153180
22	27266512
22	27364125
22	27422805
22	27509179
22	27538329
22	27585409
22	27874384
22	28318224
22	28749551
22	30838022
22	31176977
22	31225806
22	25534512
22	31512039
22	31598420
22	31651412
22	31684258
22	31755718
22	31886730
22	31959468
22	32113102
22	32166532
22	32169049
22	32169855
22	32223104
22	32223228
22	32238717
22	32260190
22	32261410
22	32268625
22	32282486
22	32283656
22	32313617
22	32313624
22	32335930
22	32367182
22	32390230
22	32415965
22	32463715
22	32541842
22	32599765
22	32699574
22	32983570
22	33044150
22	33049327
22	33060104
22	33063145
22	33132724
22	33221829
22	33301048
22	33310364
22	33390184
22	33557552
22	33710841
22	33723817
22	33725252
22	33746949
22	33916966
22	34067091
22	34137462
22	34185752
22	34302389
22	34331130
22	34420886
22	34421901
22	34422554
22	34465741
22	34502907
22	34624090
22	34813145
22	34845607
22	34875104
22	34931484
22	34935052
22	34973262
22	34989039
22	35039988
22	35144430
22	21833371
22	35217023
22	35231926
22	35506730
22	35509020
22	35526557
22	35638018
22	35655178
22	35685968
22	35719125
22	35734739
22	35784488
22	36032340
22	36047627
22	36069467
22	36081979
22	36108631
22	36161575
22	36166948
22	36191175
22	36191231
22	36204013
22	36204795
22	36351478
22	36373993
22	36527097
22	36527452
22	36614820
22	36681319
22	36709362
22	36796955
22	36878305
22	36904368
22	22003803
22	36968391
22	36987006
22	37008796
22	20510653
22	37248075
22	22050156
22	22102372
22	22149505
22	22183804
22	38797923
22	39004827
22	39110971
22	22245352
22	39416981
22	39741695
22	39817275
22	39866477
22	33672839
22	22338716
22	40655105
22	22377844
22	40711714
22	40862140
22	22424588
22	41170591
22	22447307
22	42706931
22	43079914
22	43103997
22	43462636
22	43463686
22	43469599
22	22955579
22	22973455
22	23019916
22	23356632
22	23359617
22	23362002
22	23365751
22	23922208
22	20379205
22	24212956
22	24393664
22	24739715
22	24751192
22	24849616
22	24878360
22	25068343
22	25069175
22	25159981
22	25181879
22	25271916
22	25502195
22	25584459
22	25861636
22	25894621
22	25899692
22	26006948
22	26010416
22	26016789
22	26095146
22	26225389
22	26280614
22	26314695
22	26323027
22	26337333
22	26341182
22	26405321
22	26466004
22	26746403
22	26767843
22	26835020
22	26857380
22	26908772
22	26927728
22	26977599
22	26998880
22	26999646
22	27014786
22	27266499
22	27293529
22	27295324
22	27310980
22	27350945
22	27358452
22	27385822
22	27387224
22	27396627
22	27445730
22	27453186
22	27481256
22	27487989
22	27541720
22	27719594
22	27740783
22	27810206
22	20418620
22	27839099
22	28027947
22	28411289
22	28411552
22	28712456
22	28758249
22	28760460
22	28803802
22	28837354
22	29060745
22	29171398
22	29431267
22	30194037
22	30274004
22	43969862
22	44110353
22	43662797
22	44051166
22	43589005
22	44256277
22	43617686
22	43618979
22	45488606
22	45618799
22	44782649
22	44858015
22	44949953
22	45127510
22	45391641
22	45414168
22	45489193
22	44524385
22	45034435
22	45043046
22	45051049
22	45100474
22	45134995
22	45299787
22	45332489
22	47563954
22	47899547
22	48051565
22	48142624
22	48285958
22	46384624
22	46899110
22	46900516
22	47155884
22	47357825
22	47415925
22	47430584
22	47468901
22	47485677
22	47487014
22	47570072
22	47613184
22	47638484
22	47729268
22	47736839
22	47748198
22	47749034
22	46260051
22	47818252
22	47877881
22	47964281
22	47964830
22	47975667
22	48051882
22	48166772
22	48189107
22	48299054
22	48342651
22	48343830
22	48351285
22	46418774
22	46854221
22	46854739
22	46908974
22	46955035
22	49226857
22	49423525
22	48963153
22	48978159
22	49001726
22	49065952
22	49067339
22	49121135
22	49136319
22	49229284
22	49250638
22	49409938
22	49413847
22	49438421
22	49479847
22	49699242
22	50650785
22	50126885
22	25339393
22	48785864
22	30278187
22	27391661
22	46872847
22	26381985
22	41278517
22	27015410
22	29192646
22	43878848
22	37706066
22	26307622
22	24913024
22	46914956
22	29397204
22	28649942
22	45621955
22	30094765
22	33099745
22	26330988
22	48877643
22	20388202
22	47055929
22	46181614
22	47949638
22	42379908
22	17013149
22	32777610
22	17897837
22	26288252
22	25484916
22	27009705
22	48663458
22	21757696
22	44854554
22	44218093
22	34102046
22	27446660
22	28991647
22	46707847
22	26398859
22	20389440
22	49281538
22	22954047
22	22996467
22	48974231
22	48983254
22	19080358
22	20081591
22	26980418
22	26722426
22	49004582
22	27179511
22	27278206
22	25978475
22	26102622
22	26105195
22	47876984
22	33257724
22	33365565
22	33546979
22	47465606
22	33800768
22	26240359
22	26314290
22	48209595
22	48929956
22	46175072
22	48881682
22	44049847
22	30513322
22	46418842
22	44111992
22	47673005
22	48775390
22	43963835
22	39193122
22	39737228
22	36951978
22	34258911
22	34259539
22	18148035
22	16652119
22	36493509
22	36358029
22	45064493
22	45121327
22	45216329
22	45282459
22	24838999
22	24852307
22	25167769
22	49560235
22	35942290
22	32778735
22	32798176
22	36245746
22	43403923
22	35190168
22	32750824
22	37410744
22	37189978
22	37858880
22	37257517
22	21837169
22	17307659
22	27531855
22	27583172
22	40153437
22	17012123
22	31597666
22	42400737
22	41046484
22	17559813
22	32194163
22	40436226
22	40511629
22	32316460
22	32338805
22	32345437
22	31303716
22	42520672
22	17899037
22	31942190
22	32304933
22	32439598
22	32492023
22	32495001
22	17539224
22	35004649
22	35046825
22	20647135
22	26328595
22	26385284
22	26391946
22	26413907
22	26275073
22	26323169
22	26318616
22	25457401
22	26390556
22	26336432
22	19834296
22	19936498
22	30216960
22	30675367
22	31186676
22	32241188
22	32320310
22	32387314
22	32451129
22	33693196
22	33710759
22	36522719
22	36713264
22	37451429
22	40076395
22	22368114
22	41773265
22	41989963
22	22449781
22	22449980
22	23471071
22	25546838
22	27088218
22	27157084
22	27424000
22	28823134
22	44247744
22	48137829
22	46260582
22	49390257
22	49524286
22	26299111
22	21771930
22	36266608
22	45061019
22	17045560
22	39885203
22	33782550
22	23843024
22	43747352
22	27715817
22	49344531
22	44562068
22	26396487
22	26357765
22	43535614
22	19615480
22	26757283
22	32636736
22	43587756
22	25282610
22	26338175
22	41625676
22	27315683
22	33855522
22	26331419
22	25501012
22	36222031
22	26293669
22	26293734
22	33604296
22	25882712
22	25859081
22	43371073
22	25881753
22	25856898
22	25882501
22	28453761
22	25882161
22	43366351
22	19210386
22	49334622
22	49355399
22	21710133
22	41996556
22	19210439
22	47080363
22	47990945
22	49075663
22	22960996
22	37446253
22	40319899
22	27929647
22	28198261
22	33973914
22	19281744
22	42950872
22	29409173
22	30698191
22	30921723
22	22084887
22	29815887
22	47873464
22	33342545
22	17648780
22	35016778
22	24832329
22	29918103
22	38059462
22	26257246
22	26256964
22	34246434
22	48228180
22	45834343
22	43316530
22	30182161
22	35203224
22	33564690
22	27175643
22	27175461
22	25771118
22	26333039
22	33798758
22	38801934
22	25091877
22	27073203
22	26502276
22	35116640
22	26935952
22	32746168
22	35521499
22	48259138
22	45469053
22	39208437
22	38030036
22	47436362
22	41863094
22	45779650
22	30909855
22	17600825
22	22064696
22	33395388
22	26748759
22	32892889
22	36721501
22	32838944
22	22574521
22	44418913
22	32928886
22	19590635
22	49287847
22	47686162
22	30108218
22	26824029
22	26823918
22	27566757
22	33430335
22	22684908
22	23993976
22	17727643
22	17727794
22	27033790
22	39948770
22	44400096
22	45413096
22	47725148
22	34177142
22	47467312
22	48020084
22	26027511
22	19409626
22	33678475
22	34479579
22	26301004
22	45102024
22	31053775
22	26042444
22	32627540
22	18060922
22	49004572
22	33260382
22	47316926
22	26843842
22	39992304
22	31446568
22	36584055
22	29826689
22	22080425
22	17382326
22	33452106
22	33694454
22	17055291
22	40166238
22	47876022
22	22214219
22	24758809
22	47823346
22	36016233
22	49290512
22	27384443
22	25031679
22	48816918
22	33766982
22	18128031
22	37779774
22	49408460
22	47831652
22	43535784
22	32712995
22	34864014
22	49332837
22	41102623
22	19573900
22	17140814
22	35703495
22	26003466
22	26012761
22	23704905
22	36857197
22	26255512
22	27002786
22	32080613
22	27097191
22	27592267
22	19574189
22	33881446
22	23587665
22	26093608
22	48407702
22	35892059
22	35005423
22	33731864
22	17621112
22	38936224
22	26233129
22	17185949
22	27148947
22	27428355
22	18059545
22	17489279
22	41847614
22	27379836
22	25056467
22	47547015
22	17351252
22	27091835
22	49254937
22	49247692
22	45701242
22	38232300
22	32238047
22	26416666
22	29090276
22	18061576
22	26983867
22	48087741
22	43449700
22	17412031
22	28778802
22	45322862
22	17215137
22	45087702
22	26185550
22	26985426
22	30279229
22	19928416
22	41080333
22	27705267
22	44309360
22	32453205
22	31388413
22	45131934
22	22509461
22	23484679
22	45475587
22	41994205
22	46929624
22	22073672
22	38896312
22	32477509
22	41751175
22	33048036
22	17008687
22	35292630
22	32778663
22	34958381
22	31057335
22	34195747
22	32240102
22	32173276
22	33770094
22	35023131
22	32463632
22	46961726
22	19642261
22	23595624
22	19642314
22	37245584
22	25496387
22	45817961
22	49097060
22	26285487
22	40083444
22	33969393
22	25674035
22	41839811
22	47792600
22	23906183
22	22194431
22	26675731
22	38920727
22	36851836
22	26374424
22	16953102
22	16954390
22	17009243
22	17072636
22	21904834
22	17915147
22	17991997
22	24518607
22	17269300
22	17318973
22	17328154
22	17401381
22	22195540
22	27273098
22	27275731
22	27302588
22	27326849
22	27328855
22	27344585
22	35483088
22	35566046
22	35579384
22	25989127
22	29102149
22	33938543
22	35640841
22	34136895
22	36821310
22	32715000
22	32739593
22	29294257
22	29398500
22	30923200
22	20542613
22	23573465
22	23630641
22	38720701
22	19008342
22	24888851
22	24937300
22	36884172
22	34353976
22	27418256
22	27456929
22	26385697
22	23858073
22	19071034
22	22555385
22	29621104
22	16636169
22	16735646
22	19472945
22	34438252
22	34573118
22	27515661
22	31399783
22	31519004
22	41642782
22	35886259
22	35887458
22	32977341
22	32056941
22	27592437
22	27637994
22	27673805
22	34593228
22	19511058
22	19611171
22	29964792
22	29967650
22	17639414
22	41881788
22	32186377
22	34804866
22	34815041
22	33077004
22	40096796
22	40139148
22	36248062
22	24079509
22	34982267
22	43381403
22	33306446
22	32318666
22	32321879
22	28112907
22	28155804
22	25499455
22	25559670
22	40446919
22	45109874
22	24327504
22	35096976
22	35102659
22	28225794
22	28318783
22	28514533
22	28559903
22	37655198
22	33504978
22	33568342
22	33609239
22	33653407
22	30506701
22	40594946
22	40622503
22	39577981
22	48288622
22	48317262
22	36441020
22	36474498
22	44557882
22	24422122
22	24482040
22	32418179
22	47082454
22	47083458
22	33701370
22	28568044
22	28748439
22	48415005
22	27094034
22	27096982
22	27100897
22	27129248
22	36582213
22	36681369
22	32544450
22	28986384
22	47239341
22	47427373
22	40805570
22	43693460
22	43718809
22	43730637
22	43747758
22	41081186
22	47478333
22	47561213
22	47675743
22	49406677
22	43878815
22	41176537
22	42947619
22	49504333
22	46229741
22	43961149
22	44003071
22	43025274
22	43077399
22	49710991
22	48812320
22	48864257
22	48921930
22	47907978
22	48968750
22	49102098
22	48106271
22	48111829
22	46954104
22	32720796
22	27619364
22	40273644
22	17648231
22	17697631
22	17180410
22	22454155
22	22455966
22	19099255
22	17492315
22	22472568
22	17601506
22	30483231
22	18024923
22	33043652
22	18034722
22	23746883
22	29829984
22	32543802
22	28772220
22	36277593
22	26961933
22	35476346
22	26784193
22	27063601
22	35486820
22	36038846
22	42470993
22	37600151
22	48791597
22	44501723
22	44513014
22	27264331
22	45462216
22	49880268
22	50609473
22	47989201
22	46909183
22	46913394
22	46913581
22	46914527
22	48375122
22	48397793
22	48229028
22	32443775
22	34301029
22	32604083
22	46189087
22	26678805
22	48906313
22	23737056
22	31872414
22	32791956
22	27264786
22	26679233
22	49381815
22	28481727
22	27122853
22	26794743
22	29676770
22	48061879
22	39743434
22	36721010
22	22083639
22	34975718
22	45846911
22	22569686
22	20950120
22	31063269
22	17221772
22	17304309
22	29517283
22	17113996
22	16799498
22	21613932
22	38800932
22	36874460
22	27126468
22	27165538
22	27051416
22	27110964
22	39615692
22	45325403
22	48219909
22	45492066
22	34633829
22	32437182
22	39460027
22	27734084
22	42936316
22	43737174
22	49702128
22	27905755
22	50092222
22	43974559
22	36691448
22	36723755
22	36726306
22	36728253
22	42864421
22	45108231
22	27505000
22	27459018
22	48993550
22	49000601
22	28461352
22	26221939
22	31448307
22	31581608
22	49869354
22	47633473
22	28589338
22	47890242
22	47835608
22	27541124
22	17451045
22	23815962
22	19910085
22	26624998
22	27418409
22	27528896
22	24466770
22	32586812
22	33180178
22	29176297
22	26999361
22	29833226
22	30031575
22	30128721
22	30153775
22	36908876
22	31959532
22	34129126
22	33234338
22	22046025
22	22207830
22	43685546
22	47945376
22	48226349
22	42603639
22	47080591
22	45046897
22	46896592
22	34441533
22	33625477
22	32490798
22	33892989
22	28249312
22	32541973
22	32567309
22	32071664
22	47474961
22	47474724
22	43451879
22	37249190
22	49311689
22	34952415
22	34731988
22	39918156
22	47310752
22	37719549
22	33053663
22	44765860
22	40260884
22	40277681
22	26717778
22	43859452
22	26934457
22	26878482
22	39364878
22	49896277
22	17592287
22	38820296
22	36862771
22	36863231
22	27038873
22	33397067
22	48320051
22	27322493
22	32396455
22	44578887
22	38051437
22	43386931
22	48038245
22	28707229
22	27617487
22	27542021
22	24701281
22	22178249
22	22061038
22	34224608
22	34507164
22	33562703
22	33583619
22	32752589
22	32649633
22	47344452
22	41699460
22	26992442
22	22852927
22	41153293
22	27277219
22	32634040
22	36808021
22	32967435
22	19443873
22	19592662
22	16972076
22	49118551
22	27039178
22	27089997
22	27097399
22	48209066
22	27263068
22	27174609
22	29063744
22	25115163
22	44153773
22	27429651
22	26410065
22	49010851
22	26021990
22	44999587
22	47862481
22	33554297
22	27578858
22	19128135
22	35637059
22	36834165
22	34912370
22	44882029
22	47435027
22	37287335
22	26567473
22	26685399
22	34944047
22	49406458
22	30120938
22	26692823
22	43717933
22	28094921
22	27166948
22	48783133
22	36267202
22	25169059
22	20787146
22	41454496
22	25514700
22	27636492
22	24843835
22	46811910
22	46777677
22	33638269
22	48170111
22	43467417
22	40689965
22	45761401
22	49133642
22	36143804
22	36144386
22	38395062
22	19235829
22	19236592
22	23817343
22	35102941
22	33097446
22	19550467
22	32193103
22	23817533
22	46323157
22	31987171
22	21728499
22	32464263
22	40463000
22	27188214
22	39872813
22	47674595
22	27328735
22	47208506
22	49312567
22	49679606
22	34530548
22	36188898
22	32649425
22	26904533
22	35502756
22	38828900
22	33567952
22	32723127
22	48969016
22	47560447
22	37434778
22	47257718
22	44473150
22	47891569
22	43005598
22	40203532
22	27082894
22	25545281
22	40817359
22	44048123
22	32635190
22	33293967
22	27377724
22	32475396
22	49258533
22	41824487
22	47218294
22	48456751
22	34166546
22	21709817
22	34012046
22	33412439
22	36672683
22	27084921
22	33424270
22	26284706
22	49415358
22	43813245
22	32221698
22	29184496
22	33866428
22	27530319
22	26319261
22	34212957
22	33035179
22	44533552
22	41201373
22	48064757
22	25784884
22	48793838
22	25998621
22	41048682
22	27381421
22	34243064
22	41078783
22	39894830
22	32163848
22	48220475
22	37264214
22	29505514
22	34896301
22	25311505
22	24735458
22	23702328
22	36214340
22	26086876
22	26059126
22	36046074
22	19307010
22	48763021
22	44508284
22	48215224
22	47904511
22	31006057
22	17980842
22	27527438
22	48919982
22	33451300
22	30122244
22	27139476
22	38442725
22	40239717
22	23417942
22	21837296
22	50371053
22	25100290
22	18065284
22	48761675
22	18013756
22	33375686
22	23346158
22	32219017
22	33836915
22	33967297
22	29004527
22	21689951
22	32836560
22	35086751
22	33310492
22	34120305
22	34961978
22	45622214
22	47802442
22	17735545
22	49275618
22	49274265
22	49356408
22	49352692
22	49337733
22	49322837
22	49322108
22	49333633
22	30662128
22	33762453
22	33626300
22	48411673
22	24031430
22	27275121
22	16820953
22	23053506
22	33946746
22	19797806
22	35511205
22	47321390
22	47411024
22	40685223
22	17486499
22	19210716
22	19350678
22	30520531
22	45218971
22	48276490
22	27335427
22	34656523
22	50118307
22	27641820
22	27733299
22	35503337
22	26287827
22	49884994
22	23918956
22	24699485
22	22957595
22	37001509
22	49213620
22	36188382
22	25195311
22	47571944
22	19400545
22	27650476
22	43075942
22	36593280
22	43941653
22	45101306
22	27486743
22	27483122
22	26234490
22	31425733
22	27533892
22	23817250
22	19081251
22	47575292
22	49346964
22	34950636
22	31943227
22	47456008
22	30467859
22	33497615
22	35119414
22	35734035
22	40436371
22	42171084
22	24763895
22	25225156
22	25973392
22	26920472
22	26999463
22	27066453
22	45129603
22	48068195
22	48210499
22	46320706
22	49357190
22	49403768
22	43419787
22	33887009
22	19943884
22	17048924
22	26262590
22	35856220
22	17380689
22	17475325
22	17509772
22	17887910
22	17908250
22	17937330
22	17950684
22	18036234
22	19580295
22	16659703
22	19933855
22	16784304
22	17098123
22	17314518
22	17318478
22	17412187
22	17531010
22	17547645
22	18029328
22	18054275
22	19444922
22	19499669
22	19648828
22	19660817
22	19665535
22	16668410
22	19988987
22	20088335
22	20097158
22	16922728
22	17087577
22	32171319
22	32425290
22	32452750
22	32468892
22	32555841
22	33067236
22	33380896
22	34106821
22	34502431
22	34966773
22	34972344
22	34993231
22	35506470
22	21809136
22	36919946
22	37263015
22	22210600
22	40575699
22	41839348
22	41871192
22	42182590
22	43390013
22	23589658
22	23820894
22	25058657
22	25226475
22	25715051
22	25979622
22	26104992
22	26241482
22	26261698
22	26475019
22	26549322
22	26656618
22	26792905
22	26803274
22	26925012
22	26953791
22	26999422
22	27067510
22	27090760
22	27138036
22	27205059
22	27324676
22	27336637
22	21068747
22	29432051
22	30214581
22	30485664
22	30682354
22	30712630
22	30771718
22	30922354
22	30938531
22	31015418
22	31570327
22	32028068
22	32065510
22	32142888
22	32341934
22	32381582
22	32411782
22	32439472
22	32464805
22	32568012
22	32920295
22	32989945
22	32993011
22	33023862
22	20383613
22	33165639
22	33166901
22	33305541
22	33372889
22	33419185
22	33431119
22	33449700
22	33594071
22	33626872
22	33956815
22	34118298
22	34653410
22	34722521
22	34803276
22	34964068
22	35497109
22	35519341
22	35584126
22	35734530
22	35806094
22	35883190
22	35982328
22	21832804
22	36176006
22	36176157
22	36176807
22	36186028
22	36215187
22	21854850
22	36268069
22	21859680
22	36408237
22	36645983
22	36668481
22	37088904
22	22032219
22	38257569
22	22058436
22	22080244
22	38719668
22	39961663
22	40104848
22	40130210
22	40156115
22	40393602
22	40686474
22	40929786
22	41281313
22	42014691
22	42820928
22	43322548
22	43354698
22	22942415
22	22952949
22	23587447
22	23741686
22	24058591
22	24703148
22	24821773
22	24844619
22	25005470
22	25125216
22	25273227
22	25422233
22	25535470
22	25659750
22	25777235
22	25907643
22	25930102
22	26062422
22	26073263
22	26094287
22	26101141
22	26101405
22	26124598
22	26182290
22	26199572
22	26223104
22	26253455
22	26282507
22	26479404
22	26561808
22	26715011
22	26717734
22	26804979
22	26943661
22	26953886
22	26992148
22	27061731
22	27076394
22	27105121
22	20951185
22	27184726
22	27223883
22	27239040
22	27251104
22	27331503
22	27473414
22	27483372
22	27504885
22	27593816
22	27596301
22	27620331
22	27697394
22	27706972
22	27714323
22	27940174
22	27974244
22	28202642
22	28208595
22	21071009
22	28475582
22	28499682
22	29006844
22	29406603
22	29430623
22	29539715
22	29618592
22	29622211
22	29657950
22	29969853
22	29978339
22	30014451
22	30116257
22	30201891
22	43676735
22	43797746
22	43798513
22	44128758
22	44129494
22	43696316
22	43868091
22	43951553
22	44103678
22	43580516
22	43584736
22	44307622
22	43602844
22	45350610
22	45415482
22	45665362
22	45811821
22	45855343
22	44829417
22	45188031
22	45350216
22	45371511
22	45536399
22	45663743
22	45684972
22	45777039
22	45834547
22	45855204
22	44764697
22	44790177
22	44917875
22	45000704
22	45099875
22	45105548
22	45107636
22	45139843
22	45154619
22	48001148
22	48160639
22	48247931
22	46524208
22	47632271
22	47696755
22	47875259
22	47899600
22	47900254
22	47912613
22	47915933
22	47985673
22	47990921
22	48001302
22	48160873
22	48212739
22	48221710
22	48292691
22	48410574
22	46712292
22	46914661
22	46916038
22	46916421
22	46954121
22	46955942
22	49440377
22	49483704
22	48984898
22	49875892
22	49011511
22	49043259
22	49228031
22	49254492
22	49381462
22	49479939
22	49498519
22	49499539
22	49726607
22	48985051
22	50656498
22	50399812
22	50089045
22	50090487
22	50142475
22	48809278
22	48796603
22	48663744
22	17704450
22	17897958
22	18146179
22	19639935
22	19661482
22	17524093
22	17607062
22	18125105
22	18159414
22	19426183
22	19597701
22	16933750
22	16982299
22	16989889
22	30768134
22	31858985
22	32411388
22	32490190
22	32748888
22	33250557
22	33571700
22	33847646
22	34835420
22	34936013
22	34960774
22	35044229
22	35538543
22	36188231
22	36226776
22	36474572
22	36562573
22	36722059
22	37100807
22	43453311
22	23053233
22	24849871
22	25511181
22	25754617
22	25783500
22	25806631
22	26050758
22	26682503
22	26947929
22	26980508
22	27034761
22	27246103
22	27339249
22	27662696
22	27733132
22	30617432
22	30853215
22	30996620
22	31448284
22	32112458
22	32232449
22	32456090
22	32617076
22	32636795
22	33071071
22	33240559
22	33737681
22	33843069
22	33962651
22	34085619
22	34415056
22	34592895
22	34614263
22	34711932
22	35040801
22	35088462
22	35220084
22	35494065
22	35779721
22	35891923
22	36000458
22	36581972
22	36605448
22	36942244
22	37589720
22	38161595
22	22043310
22	39183444
22	39545627
22	39867993
22	22336808
22	41878030
22	41885145
22	41885251
22	42259277
22	42402486
22	22511343
22	43403001
22	23539400
22	24064130
22	24482238
22	24932719
22	25497117
22	25774660
22	25826487
22	25839627
22	25854268
22	26058629
22	26294035
22	26453398
22	26687029
22	26844626
22	27161773
22	27167312
22	27169569
22	27245795
22	27280616
22	27514177
22	27698575
22	27714976
22	27879390
22	21049824
22	28187691
22	28492951
22	28878609
22	29060711
22	45612584
22	45822013
22	45825739
22	45844210
22	44811717
22	47384008
22	46174335
22	46174445
22	47779775
22	47776728
22	47888765
22	47889139
22	47910066
22	47912653
22	48080474
22	48299298
22	48461672
22	46843802
22	46891177
22	48924014
22	48927715
22	49355927
22	49406433
22	49406616
22	49411531
22	49418574
22	48962941
22	48964760
22	50102337
22	26953153
22	32601780
22	19583671
22	25220246
22	26697545
22	27181299
22	26695787
22	45418656
22	27166222
22	26699051
22	19113442
22	33196927
22	25146552
22	22043729
22	22158022
22	33546908
22	37581298
22	25655033
22	17728439
22	25894756
22	43788033
22	45143960
22	22822839
